1746054023919 2.4362075328826904 0
1746054026651 2.434375047683716 1
1746054029351 2.43538236618042 2
1746054032261 2.435232400894165 3
1746054034959 2.43707537651062 4
1746054037847 2.434849977493286 5
1746054040548 2.4339075088500977 6
1746054043245 2.434905767440796 7
1746054045950 2.161858081817627 8
1746054048838 2.170989751815796 9
1746054051548 2.175370693206787 10
1746054054249 2.156764030456543 11
1746054056934 1.8063552379608154 12
1746054059643 1.8061436414718628 13
1746054062546 1.803173542022705 14
1746054065248 1.8091444969177246 15
1746054067938 1.7142900228500366 16
1746054070622 1.7035067081451416 17
1746054073499 1.7098430395126343 18
1746054076214 1.7120249271392822 19
1746054078904 1.7495235204696655 20
1746054081589 1.775646448135376 21
1746054084280 1.7611194849014282 22
1746054087207 1.7175397872924805 23
1746054089911 1.788072943687439 24
1746054092605 1.782096028327942 25
1746054095301 1.7749302387237549 26
1746054098168 1.7819342613220215 27
1746054100898 1.743693470954895 28
1746054103597 1.7466400861740112 29
1746054106303 1.7521010637283325 30
1746054109010 1.7656632661819458 31
1746054111887 1.7045685052871704 32
1746054114589 1.702059268951416 33
1746054117280 1.7115453481674194 34
1746054119980 1.7065796852111816 35
1746054122839 1.7104356288909912 36
1746054125550 1.7099151611328125 37
1746054128236 1.719810128211975 38
1746054130931 1.7084085941314697 39
1746054133623 1.6888067722320557 40
1746054136508 1.7126359939575195 41
1746054139206 1.698687195777893 42
1746054141907 1.694011926651001 43
1746054144620 1.6912992000579834 44
1746054147462 1.6907538175582886 45
1746054150179 1.7060203552246094 46
1746054152910 1.6832503080368042 47
1746054155618 1.6872040033340454 48
1746054158317 1.675722599029541 49
1746054161394 1.67989182472229 50
1746054164097 1.678985357284546 51
1746054166793 1.6800204515457153 52
1746054169493 1.6837148666381836 53
1746054172564 1.6817394495010376 54
1746054175287 1.6805806159973145 55
1746054177996 1.6852062940597534 56
1746054180691 1.6687045097351074 57
1746054183415 1.6924322843551636 58
1746054186135 1.68800950050354 59
1746054188832 1.6708214282989502 60
1746054191528 1.672656774520874 61
1746054194226 1.6696221828460693 62
1746054197148 1.6771680116653442 63
1746054199844 1.6916879415512085 64
1746054202555 1.6735292673110962 65
1746054205242 1.668652057647705 66
1746054207959 1.6944561004638672 67
1746054210736 1.6779210567474365 68
1746054213433 1.674931287765503 69
1746054216135 1.676003336906433 70
1746054218834 1.686562180519104 71
1746054221825 1.6839865446090698 72
1746054224539 1.6851277351379395 73
1746054227232 1.6587985754013062 74
1746054229935 1.673871636390686 75
1746054232681 1.6686182022094727 76
1746054235390 1.6697068214416504 77
1746054238080 1.6598495244979858 78
1746054240774 1.6857160329818726 79
1746054243466 1.6744049787521362 80
1746054246556 1.6645550727844238 81
1746054247456 1.6524603366851807 82
1746055070868 1.6719081401824951 83
1746055073566 1.648436188697815 84
1746055076260 1.6464999914169312 85
1746055079154 1.6556971073150635 86
1746055081851 1.6656972169876099 87
1746055084552 1.6643059253692627 88
1746055087243 1.6666512489318848 89
1746055090334 1.6711599826812744 90
1746055093061 1.6514499187469482 91
1746055095759 1.6569857597351074 92
1746055098462 1.655017375946045 93
1746055101297 1.6661571264266968 94
1746055104003 1.6565192937850952 95
1746055106703 1.658797025680542 96
1746055109398 1.6721410751342773 97
1746055112084 1.6638944149017334 98
1746055114962 1.6579819917678833 99
1746055117648 1.661402940750122 100
1746055120354 1.6732301712036133 101
1746055123069 1.6513746976852417 102
1746055125903 1.664156198501587 103
1746055128607 1.6602599620819092 104
1746055131319 1.6609792709350586 105
1746055134025 1.66087007522583 106
1746055136731 1.6557620763778687 107
1746055139703 1.6556330919265747 108
1746055142405 1.666003942489624 109
1746055145109 1.6551584005355835 110
1746055147807 1.6624679565429688 111
1746055150664 1.667955756187439 112
1746055153366 1.6628613471984863 113
1746055156074 1.6576197147369385 114
1746055158775 1.6632437705993652 115
1746055161484 1.6585354804992676 116
1746055164346 1.6544673442840576 117
1746055167055 1.6636161804199219 118
1746055169767 1.6605606079101562 119
1746055172469 1.6441385746002197 120
1746055175312 1.6582585573196411 121
1746055178015 1.6618573665618896 122
1746055180716 1.664574146270752 123
1746055183423 1.6704074144363403 124
1746055186132 1.653715968132019 125
1746055189213 1.6746193170547485 126
1746055191928 1.6630715131759644 127
1746055194647 1.652163028717041 128
1746055197347 1.6621804237365723 129
1746055200178 1.6698323488235474 130
1746055202896 1.6549400091171265 131
1746055205597 1.6509764194488525 132
1746055208305 1.6571228504180908 133
1746055211009 1.6527447700500488 134
1746055213870 1.6543034315109253 135
1746055216571 1.6562820672988892 136
1746055219268 1.650286078453064 137
1746055221965 1.6696789264678955 138
1746055224818 1.649370551109314 139
1746055227528 1.641550064086914 140
1746055230239 1.6490752696990967 141
1746055232956 1.660851240158081 142
1746055235661 1.6682177782058716 143
1746055238392 1.654498815536499 144
1746055241098 1.6628015041351318 145
1746055243796 1.6435575485229492 146
1746055246489 1.642944574356079 147
1746055249431 1.653269648551941 148
1746055252136 1.6506060361862183 149
1746055254845 1.6613225936889648 150
1746055257558 1.657961130142212 151
1746055260259 1.645280122756958 152
1746055263089 1.663117527961731 153
1746055265792 1.6498662233352661 154
1746055268490 1.6370353698730469 155
1746055271204 1.6373913288116455 156
1746055274249 1.6622037887573242 157
1746055276943 1.65403151512146 158
1746055279646 1.6523479223251343 159
1746055282357 1.6387076377868652 160
1746055285251 1.644925832748413 161
1746055287985 1.6579917669296265 162
1746055290683 1.6455862522125244 163
1746055293370 1.6688520908355713 164
1746055294275 1.6549594402313232 165
