1746054023919 0.0 0
1746054026651 0.0 1
1746054029351 6.47332999506034e-05 2
1746054032261 0.0 3
1746054034959 7.386615470750257e-05 4
1746054037847 0.0 5
1746054040548 7.01065655448474e-05 6
1746054043245 0.0 7
1746054045950 0.06611181050539017 8
1746054048838 0.06365597248077393 9
1746054051548 0.06154502183198929 10
1746054054249 0.06866432726383209 11
1746054056934 0.060653187334537506 12
1746054059643 0.06517627835273743 13
1746054062546 0.06206345930695534 14
1746054065248 0.06227528676390648 15
1746054067938 0.0541473887860775 16
1746054070622 0.050303615629673004 17
1746054073499 0.05287783220410347 18
1746054076214 0.056725237518548965 19
1746054078904 0.049138713628053665 20
1746054081589 0.04589121416211128 21
1746054084280 0.04667124152183533 22
1746054087207 0.047770511358976364 23
1746054089911 0.041768878698349 24
1746054092605 0.04179327189922333 25
1746054095301 0.04589688777923584 26
1746054098168 0.04179083928465843 27
1746054100898 0.055636726319789886 28
1746054103597 0.05742323398590088 29
1746054106303 0.05521216616034508 30
1746054109010 0.05464979633688927 31
1746054111887 0.059535302221775055 32
1746054114589 0.0596500039100647 33
1746054117280 0.05328628793358803 34
1746054119980 0.05689633637666702 35
1746054122839 0.05806173011660576 36
1746054125550 0.05331088602542877 37
1746054128236 0.05459732934832573 38
1746054130931 0.05570809170603752 39
1746054133623 0.06336633861064911 40
1746054136508 0.058801740407943726 41
1746054139206 0.05838209018111229 42
1746054141907 0.06654687225818634 43
1746054144620 0.06540954858064651 44
1746054147462 0.06593538075685501 45
1746054150179 0.06200254708528519 46
1746054152910 0.06371729075908661 47
1746054155618 0.057066235691308975 48
1746054158317 0.060788292437791824 49
1746054161394 0.059009749442338943 50
1746054164097 0.05473846569657326 51
1746054166793 0.04602830484509468 52
1746054169493 0.05110321193933487 53
1746054172564 0.04635310173034668 54
1746054175287 0.05165055766701698 55
1746054177996 0.043183621019124985 56
1746054180691 0.042900457978248596 57
1746054183415 0.04271123558282852 58
1746054186135 0.045995473861694336 59
1746054188832 0.04263009876012802 60
1746054191528 0.04704887047410011 61
1746054194226 0.04324660822749138 62
1746054197148 0.04035411402583122 63
1746054199844 0.043404899537563324 64
1746054202555 0.04599769786000252 65
1746054205242 0.04789360240101814 66
1746054207959 0.04338407889008522 67
1746054210736 0.05662182345986366 68
1746054213433 0.05656665191054344 69
1746054216135 0.05492987111210823 70
1746054218834 0.0552511103451252 71
1746054221825 0.06282666325569153 72
1746054224539 0.06193115562200546 73
1746054227232 0.06512898951768875 74
1746054229935 0.05782686173915863 75
1746054232681 0.06388933956623077 76
1746054235390 0.06228747218847275 77
1746054238080 0.06492278724908829 78
1746054240774 0.06293706595897675 79
1746054243466 0.06255876272916794 80
1746054246556 0.06145491078495979 81
1746054247456 0.06038543954491615 82
1746055070868 0.056646525859832764 83
1746055073566 0.06198114529252052 84
1746055076260 0.061509668827056885 85
1746055079154 0.05999304726719856 86
1746055081851 0.05885674059391022 87
1746055084552 0.0594349279999733 88
1746055087243 0.058357708156108856 89
1746055090334 0.05471523106098175 90
1746055093061 0.06255217641592026 91
1746055095759 0.060153719037771225 92
1746055098462 0.06000523641705513 93
1746055101297 0.05828690901398659 94
1746055104003 0.056679923087358475 95
1746055106703 0.059681616723537445 96
1746055109398 0.05880642682313919 97
1746055112084 0.06133485957980156 98
1746055114962 0.06210519000887871 99
1746055117648 0.060959793627262115 100
1746055120354 0.05660238116979599 101
1746055123069 0.06027037277817726 102
1746055125903 0.05827592685818672 103
1746055128607 0.059013307094573975 104
1746055131319 0.058482058346271515 105
1746055134025 0.05753561481833458 106
1746055136731 0.05759690701961517 107
1746055139703 0.056426744908094406 108
1746055142405 0.05467486381530762 109
1746055145109 0.05742768198251724 110
1746055147807 0.05521314963698387 111
1746055150664 0.057449840009212494 112
1746055153366 0.060231950134038925 113
1746055156074 0.0595838762819767 114
1746055158775 0.05412174016237259 115
1746055161484 0.05835708603262901 116
1746055164346 0.05990489199757576 117
1746055167055 0.05985023453831673 118
1746055169767 0.05869578942656517 119
1746055172469 0.060120631009340286 120
1746055175312 0.05676073580980301 121
1746055178015 0.05964912101626396 122
1746055180716 0.06199327111244202 123
1746055183423 0.059201788157224655 124
1746055186132 0.055288948118686676 125
1746055189213 0.053624119609594345 126
1746055191928 0.05806145444512367 127
1746055194647 0.062218982726335526 128
1746055197347 0.05524608865380287 129
1746055200178 0.06283103674650192 130
1746055202896 0.06156111881136894 131
1746055205597 0.059394992887973785 132
1746055208305 0.060916151851415634 133
1746055211009 0.06012905016541481 134
1746055213870 0.05957600101828575 135
1746055216571 0.06084670498967171 136
1746055219268 0.06111402064561844 137
1746055221965 0.060016531497240067 138
1746055224818 0.06096017733216286 139
1746055227528 0.060440585017204285 140
1746055230239 0.06243361160159111 141
1746055232956 0.05844108387827873 142
1746055235661 0.05751696601510048 143
1746055238392 0.056028276681900024 144
1746055241098 0.05690467730164528 145
1746055243796 0.06189039349555969 146
1746055246489 0.05932656303048134 147
1746055249431 0.05545513704419136 148
1746055252136 0.06272421032190323 149
1746055254845 0.05870698019862175 150
1746055257558 0.05800362676382065 151
1746055260259 0.05885663628578186 152
1746055263089 0.06310086697340012 153
1746055265792 0.0619201734662056 154
1746055268490 0.062341682612895966 155
1746055271204 0.06154617294669151 156
1746055274249 0.06362031400203705 157
1746055276943 0.05786886811256409 158
1746055279646 0.06267721205949783 159
1746055282357 0.06118348613381386 160
1746055285251 0.06296318024396896 161
1746055287985 0.0625 162
1746055290683 0.06204076483845711 163
1746055293370 0.06018928438425064 164
1746055294275 0.06532774120569229 165
