1746054023919 0.0 0
1746054026651 0.0 1
1746054029351 0.0 2
1746054032261 0.005 3
1746054034959 0.005 4
1746054037847 0.005 5
1746054040548 0.005 6
1746054043245 0.01 7
1746054045950 0.01 8
1746054048838 0.01 9
1746054051548 0.01 10
1746054054249 0.00975 11
1746054056934 0.00975 12
1746054059643 0.00975 13
1746054062546 0.00975 14
1746054065248 0.0095 15
1746054067938 0.0095 16
1746054070622 0.0095 17
1746054073499 0.0095 18
1746054076214 0.009250000000000001 19
1746054078904 0.009250000000000001 20
1746054081589 0.009250000000000001 21
1746054084280 0.009250000000000001 22
1746054087207 0.009000000000000001 23
1746054089911 0.009000000000000001 24
1746054092605 0.009000000000000001 25
1746054095301 0.009000000000000001 26
1746054098168 0.00875 27
1746054100898 0.00875 28
1746054103597 0.00875 29
1746054106303 0.00875 30
1746054109010 0.0085 31
1746054111887 0.0085 32
1746054114589 0.0085 33
1746054117280 0.0085 34
1746054119980 0.00825 35
1746054122839 0.00825 36
1746054125550 0.00825 37
1746054128236 0.00825 38
1746054130931 0.008 39
1746054133623 0.008 40
1746054136508 0.008 41
1746054139206 0.008 42
1746054141907 0.007750000000000001 43
1746054144620 0.007750000000000001 44
1746054147462 0.007750000000000001 45
1746054150179 0.007750000000000001 46
1746054152910 0.0075 47
1746054155618 0.0075 48
1746054158317 0.0075 49
1746054161394 0.0075 50
1746054164097 0.0072499999999999995 51
1746054166793 0.0072499999999999995 52
1746054169493 0.0072499999999999995 53
1746054172564 0.0072499999999999995 54
1746054175287 0.006999999999999999 55
1746054177996 0.006999999999999999 56
1746054180691 0.006999999999999999 57
1746054183415 0.006999999999999999 58
1746054186135 0.006750000000000001 59
1746054188832 0.006750000000000001 60
1746054191528 0.006750000000000001 61
1746054194226 0.006750000000000001 62
1746054197148 0.006500000000000001 63
1746054199844 0.006500000000000001 64
1746054202555 0.006500000000000001 65
1746054205242 0.006500000000000001 66
1746054207959 0.00625 67
1746054210736 0.00625 68
1746054213433 0.00625 69
1746054216135 0.00625 70
1746054218834 0.006 71
1746054221825 0.006 72
1746054224539 0.006 73
1746054227232 0.006 74
1746054229935 0.00575 75
1746054232681 0.00575 76
1746054235390 0.00575 77
1746054238080 0.00575 78
1746054240774 0.0055000000000000005 79
1746054243466 0.0055000000000000005 80
1746054246556 0.0055000000000000005 81
1746054247456 0.00525 82
1746055070868 0.00525 83
1746055073566 0.00525 84
1746055076260 0.00525 85
1746055079154 0.005 86
1746055081851 0.005 87
1746055084552 0.005 88
1746055087243 0.005 89
1746055090334 0.00475 90
1746055093061 0.00475 91
1746055095759 0.00475 92
1746055098462 0.00475 93
1746055101297 0.0045000000000000005 94
1746055104003 0.0045000000000000005 95
1746055106703 0.0045000000000000005 96
1746055109398 0.0045000000000000005 97
1746055112084 0.00425 98
1746055114962 0.00425 99
1746055117648 0.00425 100
1746055120354 0.00425 101
1746055123069 0.004 102
1746055125903 0.004 103
1746055128607 0.004 104
1746055131319 0.004 105
1746055134025 0.00375 106
1746055136731 0.00375 107
1746055139703 0.00375 108
1746055142405 0.00375 109
1746055145109 0.0034999999999999996 110
1746055147807 0.0034999999999999996 111
1746055150664 0.0034999999999999996 112
1746055153366 0.0034999999999999996 113
1746055156074 0.0032500000000000003 114
1746055158775 0.0032500000000000003 115
1746055161484 0.0032500000000000003 116
1746055164346 0.0032500000000000003 117
1746055167055 0.003 118
1746055169767 0.003 119
1746055172469 0.003 120
1746055175312 0.003 121
1746055178015 0.0027500000000000003 122
1746055180716 0.0027500000000000003 123
1746055183423 0.0027500000000000003 124
1746055186132 0.0027500000000000003 125
1746055189213 0.0025 126
1746055191928 0.0025 127
1746055194647 0.0025 128
1746055197347 0.0025 129
1746055200178 0.0022500000000000003 130
1746055202896 0.0022500000000000003 131
1746055205597 0.0022500000000000003 132
1746055208305 0.0022500000000000003 133
1746055211009 0.002 134
1746055213870 0.002 135
1746055216571 0.002 136
1746055219268 0.002 137
1746055221965 0.0017499999999999998 138
1746055224818 0.0017499999999999998 139
1746055227528 0.0017499999999999998 140
1746055230239 0.0017499999999999998 141
1746055232956 0.0015 142
1746055235661 0.0015 143
1746055238392 0.0015 144
1746055241098 0.0015 145
1746055243796 0.00125 146
1746055246489 0.00125 147
1746055249431 0.00125 148
1746055252136 0.00125 149
1746055254845 0.001 150
1746055257558 0.001 151
1746055260259 0.001 152
1746055263089 0.001 153
1746055265792 0.00075 154
1746055268490 0.00075 155
1746055271204 0.00075 156
1746055274249 0.00075 157
1746055276943 0.0005 158
1746055279646 0.0005 159
1746055282357 0.0005 160
1746055285251 0.0005 161
1746055287985 0.00025 162
1746055290683 0.00025 163
1746055293370 0.00025 164
1746055294275 0.0 165
