1746041891294 9.576208114624023 0
1746041896755 9.57039737701416 1
1746041903128 9.525623321533203 2
1746041908624 9.421455383300781 3
1746041914956 9.27103042602539 4
1746041920463 9.073077201843262 5
1746041926117 8.832172393798828 6
1746041932004 8.562893867492676 7
1746041937459 8.290701866149902 8
1746041943791 7.99951171875 9
1746041949276 7.728670120239258 10
1746041955635 7.415725231170654 11
1746041961087 7.11214017868042 12
1746041967371 6.833432674407959 13
1746041972874 6.614007949829102 14
1746041978588 6.481627941131592 15
1746041984426 6.42376184463501 16
1746041989887 6.414490222930908 17
1746041996200 6.606439113616943 18
1746042001665 6.570208549499512 19
1746042008045 6.617938995361328 20
1746042013514 6.611663818359375 21
1746042019800 6.6309428215026855 22
1746042025272 6.497267246246338 23
1746042030994 6.461142063140869 24
1746042036877 6.445572853088379 25
1746042042337 6.434094429016113 26
1746042048660 6.416996002197266 27
1746042054097 6.445765018463135 28
1746042060452 6.406452178955078 29
1746042065921 6.380937576293945 30
1746042072285 6.419216156005859 31
1746042077742 6.391447067260742 32
1746042083421 6.459776878356934 33
1746042089236 6.369966983795166 34
1746042094736 6.402581691741943 35
1746042101039 6.41976261138916 36
1746042106491 6.329990386962891 37
1746042112854 6.342024803161621 38
1746042118293 6.346287250518799 39
1746042124596 6.354345798492432 40
1746042130081 6.3280253410339355 41
1746042135781 6.402765274047852 42
1746042141572 6.386343955993652 43
1746042147024 6.347467422485352 44
1746042153463 6.355517387390137 45
1746042158928 6.422314167022705 46
1746042165320 6.354650020599365 47
1746042170767 6.425836086273193 48
1746042177122 6.392446994781494 49
1746042182601 6.254721641540527 50
1746042188386 6.365433216094971 51
1746042194179 6.308594703674316 52
1746042199640 6.311854839324951 53
1746042205933 6.382757186889648 54
1746042211389 6.312241554260254 55
1746042217764 6.339615821838379 56
1746042223204 6.3195881843566895 57
1746042229540 6.289156913757324 58
1746042235052 6.286757946014404 59
1746042240868 6.311159610748291 60
1746042246618 6.333672523498535 61
1746042252077 6.357239723205566 62
1746042258337 6.2841477394104 63
1746042263781 6.349142074584961 64
1746042270136 6.282920837402344 65
1746042275595 6.307356357574463 66
1746042281970 6.319890975952148 67
1746042287436 6.316441535949707 68
1746042293284 6.283388614654541 69
1746042298992 6.283407688140869 70
1746042304442 6.431996822357178 71
1746042310660 6.3557634353637695 72
1746042316201 6.2700724601745605 73
1746042322559 6.360417366027832 74
1746042328036 6.3464250564575195 75
1746042334462 6.38065242767334 76
1746042339940 6.2573161125183105 77
1746042346046 6.299190998077393 78
1746042351661 6.311651229858398 79
1746042357119 6.3137431144714355 80
1746042362017 6.2735819816589355 81
1746042883122 6.200733184814453 82
1746042889094 6.22641658782959 83
1746042894744 6.178438186645508 84
1746042900235 6.243274688720703 85
1746042906408 6.237448215484619 86
1746042911889 6.219925403594971 87
1746042918235 6.137482166290283 88
1746042923695 6.244582176208496 89
1746042930056 6.251235485076904 90
1746042935540 6.2399163246154785 91
1746042941694 6.189318656921387 92
1746042947295 6.223829746246338 93
1746042952827 6.188910961151123 94
1746042958842 6.193359851837158 95
1746042964353 6.234511852264404 96
1746042970756 6.27606201171875 97
1746042976222 6.1595458984375 98
1746042982594 6.149411678314209 99
1746042988049 6.16117525100708 100
1746042994410 6.194252967834473 101
1746042999898 6.244601726531982 102
1746043005719 6.158822059631348 103
1746043011443 6.093896389007568 104
1746043016888 6.184672832489014 105
1746043023124 6.239099979400635 106
1746043028581 6.156328201293945 107
1746043034951 6.153797149658203 108
1746043040421 6.24952507019043 109
1746043046783 6.18622350692749 110
1746043052283 6.067890167236328 111
1746043058210 6.162877559661865 112
1746043063916 6.123903751373291 113
1746043069381 6.21002721786499 114
1746043075570 6.102047443389893 115
1746043081043 6.1546101570129395 116
1746043087396 6.184812545776367 117
1746043092875 6.148757457733154 118
1746043099223 6.090304851531982 119
1746043104703 6.09971284866333 120
1746043110708 6.126285076141357 121
1746043116345 6.092012405395508 122
1746043121863 6.1398539543151855 123
1746043127999 6.087221622467041 124
1746043133442 6.1034650802612305 125
1746043139803 6.173274517059326 126
1746043145272 6.137767314910889 127
1746043151636 6.0243659019470215 128
1746043157085 6.037532806396484 129
1746043163171 6.035228252410889 130
1746043168789 6.161836624145508 131
1746043174339 6.084526062011719 132
1746043180375 6.08855676651001 133
1746043185816 6.075303554534912 134
1746043192172 6.0214033126831055 135
1746043197640 5.993663787841797 136
1746043204080 6.0008344650268555 137
1746043209569 6.081280708312988 138
1746043215888 6.080212593078613 139
1746043221355 6.121136665344238 140
1746043227075 6.062743186950684 141
1746043232873 6.058605194091797 142
1746043238337 5.970139026641846 143
1746043244665 6.0248918533325195 144
1746043250130 6.015707015991211 145
1746043256472 6.037808895111084 146
1746043261939 6.0449910163879395 147
1746043268320 5.981462001800537 148
1746043273797 5.989742755889893 149
1746043279681 5.916482448577881 150
1746043285405 5.957150936126709 151
1746043290866 5.971883773803711 152
1746043297079 5.999349117279053 153
1746043302564 5.92649507522583 154
1746043308923 5.979198932647705 155
1746043314390 5.9499945640563965 156
1746043320738 5.958089351654053 157
1746043326201 5.9203782081604 158
1746043332332 5.94708251953125 159
1746043337940 5.978984355926514 160
1746043343402 5.987826824188232 161
1746043349532 5.878334045410156 162
1746043353745 5.930310249328613 163
