1746041891294 7.371912943199277e-05 0
1746041896755 0.00015670296852476895 1
1746041903128 0.00013537294580601156 2
1746041908624 0.0005230467650108039 3
1746041914956 0.002799263456836343 4
1746041920463 0.010470566339790821 5
1746041926117 0.03452303633093834 6
1746041932004 0.05578872561454773 7
1746041937459 0.05851587653160095 8
1746041943791 0.069671131670475 9
1746041949276 0.06277880072593689 10
1746041955635 0.05870244279503822 11
1746041961087 0.06232808157801628 12
1746041967371 0.06305056810379028 13
1746041972874 0.06403423845767975 14
1746041978588 0.06198931112885475 15
1746041984426 0.0690530389547348 16
1746041989887 0.06188610568642616 17
1746041996200 0.05927914008498192 18
1746042001665 0.06544850766658783 19
1746042008045 0.06197183206677437 20
1746042013514 0.06102871522307396 21
1746042019800 0.02627154253423214 22
1746042025272 0.0244972575455904 23
1746042030994 0.055329691618680954 24
1746042036877 0.04680198058485985 25
1746042042337 0.04738602042198181 26
1746042048660 0.05185389891266823 27
1746042054097 0.05885154381394386 28
1746042060452 0.05905357748270035 29
1746042065921 0.06514892727136612 30
1746042072285 0.06391123682260513 31
1746042077742 0.060683488845825195 32
1746042083421 0.06345885992050171 33
1746042089236 0.06032171472907066 34
1746042094736 0.0630333200097084 35
1746042101039 0.06428880244493484 36
1746042106491 0.060978785157203674 37
1746042112854 0.0590125247836113 38
1746042118293 0.0647469311952591 39
1746042124596 0.0625954195857048 40
1746042130081 0.06302083283662796 41
1746042135781 0.05828532576560974 42
1746042141572 0.060491614043712616 43
1746042147024 0.06076870858669281 44
1746042153463 0.06100874021649361 45
1746042158928 0.06341078877449036 46
1746042165320 0.06593994796276093 47
1746042170767 0.06121916323900223 48
1746042177122 0.05243770405650139 49
1746042182601 0.06570328772068024 50
1746042188386 0.058693308383226395 51
1746042194179 0.06189320236444473 52
1746042199640 0.061873894184827805 53
1746042205933 0.056150905787944794 54
1746042211389 0.06351727247238159 55
1746042217764 0.05719386041164398 56
1746042223204 0.06534615904092789 57
1746042229540 0.0675465315580368 58
1746042235052 0.06690159440040588 59
1746042240868 0.05834098905324936 60
1746042246618 0.06537183374166489 61
1746042252077 0.05768871679902077 62
1746042258337 0.0602373443543911 63
1746042263781 0.06304923444986343 64
1746042270136 0.06614904850721359 65
1746042275595 0.06414245069026947 66
1746042281970 0.05880044400691986 67
1746042287436 0.07924452424049377 68
1746042293284 0.08104933798313141 69
1746042298992 0.081668421626091 70
1746042304442 0.07887548953294754 71
1746042310660 0.07970493286848068 72
1746042316201 0.07301298528909683 73
1746042322559 0.06089363247156143 74
1746042328036 0.0617329403758049 75
1746042334462 0.07157070934772491 76
1746042339940 0.0841209813952446 77
1746042346046 0.07601738721132278 78
1746042351661 0.07748865336179733 79
1746042357119 0.07942238450050354 80
1746042362017 0.08332571387290955 81
1746042883122 0.07926255464553833 82
1746042889094 0.08079788088798523 83
1746042894744 0.07889140397310257 84
1746042900235 0.07681789249181747 85
1746042906408 0.07932478934526443 86
1746042911889 0.07922729104757309 87
1746042918235 0.08224648982286453 88
1746042923695 0.08203648775815964 89
1746042930056 0.076644167304039 90
1746042935540 0.08552243560552597 91
1746042941694 0.08479999750852585 92
1746042947295 0.08056247979402542 93
1746042952827 0.07870130240917206 94
1746042958842 0.07658006995916367 95
1746042964353 0.08004423975944519 96
1746042970756 0.07809127122163773 97
1746042976222 0.08359954506158829 98
1746042982594 0.08128746598958969 99
1746042988049 0.07867912203073502 100
1746042994410 0.07840624451637268 101
1746042999898 0.07956475019454956 102
1746043005719 0.08136902749538422 103
1746043011443 0.08352202922105789 104
1746043016888 0.08026941865682602 105
1746043023124 0.07831036299467087 106
1746043028581 0.07837698608636856 107
1746043034951 0.0866687074303627 108
1746043040421 0.08317110687494278 109
1746043046783 0.0789816752076149 110
1746043052283 0.08782423287630081 111
1746043058210 0.08524850010871887 112
1746043063916 0.08358977735042572 113
1746043069381 0.08661580830812454 114
1746043075570 0.08620326966047287 115
1746043081043 0.08903077989816666 116
1746043087396 0.08353286981582642 117
1746043092875 0.08613719046115875 118
1746043099223 0.08749193698167801 119
1746043104703 0.0858575627207756 120
1746043110708 0.09305339306592941 121
1746043116345 0.08134724944829941 122
1746043121863 0.090944305062294 123
1746043127999 0.09245800226926804 124
1746043133442 0.08968894183635712 125
1746043139803 0.09216764569282532 126
1746043145272 0.09794050455093384 127
1746043151636 0.09863350540399551 128
1746043157085 0.09852248430252075 129
1746043163171 0.09693939983844757 130
1746043168789 0.09362105280160904 131
1746043174339 0.09394622594118118 132
1746043180375 0.09101608395576477 133
1746043185816 0.09547636657953262 134
1746043192172 0.09689032286405563 135
1746043197640 0.10059942305088043 136
1746043204080 0.10038746148347855 137
1746043209569 0.09940075129270554 138
1746043215888 0.0983159989118576 139
1746043221355 0.09403276443481445 140
1746043227075 0.10022617876529694 141
1746043232873 0.0982220470905304 142
1746043238337 0.10545605421066284 143
1746043244665 0.09725741297006607 144
1746043250130 0.09331926703453064 145
1746043256472 0.1024656891822815 146
1746043261939 0.10538388043642044 147
1746043268320 0.10330778360366821 148
1746043273797 0.10423313826322556 149
1746043279681 0.10727549344301224 150
1746043285405 0.10909205675125122 151
1746043290866 0.1125544086098671 152
1746043297079 0.10150837898254395 153
1746043302564 0.10881263762712479 154
1746043308923 0.10679035633802414 155
1746043314390 0.11073712259531021 156
1746043320738 0.10510706156492233 157
1746043326201 0.11341942846775055 158
1746043332332 0.10790176689624786 159
1746043337940 0.10436923056840897 160
1746043343402 0.10965883731842041 161
1746043349532 0.11201344430446625 162
1746043353745 0.10301568359136581 163
