1746041891294 0.0005263157894736842 0
1746041896755 0.0010526315789473684 1
1746041903128 0.0015789473684210526 2
1746041908624 0.002105263157894737 3
1746041914956 0.002631578947368421 4
1746041920463 0.003157894736842105 5
1746041926117 0.0036842105263157894 6
1746041932004 0.004210526315789474 7
1746041937459 0.004736842105263157 8
1746041943791 0.005263157894736842 9
1746041949276 0.005789473684210527 10
1746041955635 0.00631578947368421 11
1746041961087 0.006842105263157895 12
1746041967371 0.007368421052631579 13
1746041972874 0.007894736842105263 14
1746041978588 0.008421052631578947 15
1746041984426 0.008947368421052633 16
1746041989887 0.009473684210526315 17
1746041996200 0.01 18
1746042001665 0.009967637540453074 19
1746042008045 0.009935275080906148 20
1746042013514 0.009902912621359224 21
1746042019800 0.009870550161812298 22
1746042025272 0.009838187702265373 23
1746042030994 0.009805825242718447 24
1746042036877 0.009773462783171523 25
1746042042337 0.009741100323624595 26
1746042048660 0.00970873786407767 27
1746042054097 0.009676375404530745 28
1746042060452 0.009644012944983819 29
1746042065921 0.009611650485436893 30
1746042072285 0.009579288025889967 31
1746042077742 0.009546925566343041 32
1746042083421 0.009514563106796117 33
1746042089236 0.009482200647249191 34
1746042094736 0.009449838187702266 35
1746042101039 0.00941747572815534 36
1746042106491 0.009385113268608414 37
1746042112854 0.00935275080906149 38
1746042118293 0.009320388349514564 39
1746042124596 0.009288025889967638 40
1746042130081 0.009255663430420712 41
1746042135781 0.009223300970873786 42
1746042141572 0.00919093851132686 43
1746042147024 0.009158576051779936 44
1746042153463 0.00912621359223301 45
1746042158928 0.009093851132686084 46
1746042165320 0.009061488673139158 47
1746042170767 0.009029126213592234 48
1746042177122 0.008996763754045307 49
1746042182601 0.008964401294498383 50
1746042188386 0.008932038834951457 51
1746042194179 0.00889967637540453 52
1746042199640 0.008867313915857605 53
1746042205933 0.00883495145631068 54
1746042211389 0.008802588996763753 55
1746042217764 0.008770226537216829 56
1746042223204 0.008737864077669903 57
1746042229540 0.008705501618122977 58
1746042235052 0.008673139158576051 59
1746042240868 0.008640776699029126 60
1746042246618 0.008608414239482201 61
1746042252077 0.008576051779935276 62
1746042258337 0.00854368932038835 63
1746042263781 0.008511326860841424 64
1746042270136 0.0084789644012945 65
1746042275595 0.008446601941747572 66
1746042281970 0.008414239482200648 67
1746042287436 0.008381877022653722 68
1746042293284 0.008349514563106796 69
1746042298992 0.00831715210355987 70
1746042304442 0.008284789644012946 71
1746042310660 0.008252427184466019 72
1746042316201 0.008220064724919094 73
1746042322559 0.008187702265372169 74
1746042328036 0.008155339805825243 75
1746042334462 0.008122977346278317 76
1746042339940 0.008090614886731393 77
1746042346046 0.008058252427184467 78
1746042351661 0.00802588996763754 79
1746042357119 0.007993527508090615 80
1746042362017 0.007961165048543689 81
1746042883122 0.007928802588996763 82
1746042889094 0.007896440129449837 83
1746042894744 0.007864077669902913 84
1746042900235 0.007831715210355987 85
1746042906408 0.0077993527508090615 86
1746042911889 0.007766990291262136 87
1746042918235 0.007734627831715211 88
1746042923695 0.007702265372168285 89
1746042930056 0.00766990291262136 90
1746042935540 0.007637540453074434 91
1746042941694 0.007605177993527508 92
1746042947295 0.007572815533980583 93
1746042952827 0.007540453074433657 94
1746042958842 0.007508090614886731 95
1746042964353 0.007475728155339806 96
1746042970756 0.007443365695792881 97
1746042976222 0.007411003236245954 98
1746042982594 0.007378640776699029 99
1746042988049 0.007346278317152104 100
1746042994410 0.007313915857605178 101
1746042999898 0.007281553398058253 102
1746043005719 0.007249190938511328 103
1746043011443 0.007216828478964401 104
1746043016888 0.007184466019417476 105
1746043023124 0.007152103559870551 106
1746043028581 0.007119741100323624 107
1746043034951 0.007087378640776699 108
1746043040421 0.007055016181229773 109
1746043046783 0.007022653721682848 110
1746043052283 0.006990291262135922 111
1746043058210 0.0069579288025889965 112
1746043063916 0.0069255663430420715 113
1746043069381 0.006893203883495146 114
1746043075570 0.00686084142394822 115
1746043081043 0.006828478964401295 116
1746043087396 0.00679611650485437 117
1746043092875 0.006763754045307443 118
1746043099223 0.006731391585760518 119
1746043104703 0.006699029126213593 120
1746043110708 0.006666666666666666 121
1746043116345 0.006634304207119741 122
1746043121863 0.006601941747572816 123
1746043127999 0.0065695792880258895 124
1746043133442 0.0065372168284789645 125
1746043139803 0.0065048543689320395 126
1746043145272 0.006472491909385113 127
1746043151636 0.006440129449838188 128
1746043157085 0.006407766990291263 129
1746043163171 0.006375404530744337 130
1746043168789 0.006343042071197411 131
1746043174339 0.006310679611650486 132
1746043180375 0.00627831715210356 133
1746043185816 0.006245954692556635 134
1746043192172 0.006213592233009708 135
1746043197640 0.006181229773462783 136
1746043204080 0.006148867313915858 137
1746043209569 0.0061165048543689315 138
1746043215888 0.0060841423948220065 139
1746043221355 0.0060517799352750815 140
1746043227075 0.006019417475728155 141
1746043232873 0.00598705501618123 142
1746043238337 0.005954692556634305 143
1746043244665 0.005922330097087378 144
1746043250130 0.005889967637540453 145
1746043256472 0.005857605177993528 146
1746043261939 0.005825242718446601 147
1746043268320 0.005792880258899676 148
1746043273797 0.005760517799352751 149
1746043279681 0.005728155339805825 150
1746043285405 0.0056957928802588995 151
1746043290866 0.0056634304207119745 152
1746043297079 0.005631067961165049 153
1746043302564 0.005598705501618124 154
1746043308923 0.005566343042071198 155
1746043314390 0.005533980582524272 156
1746043320738 0.005501618122977347 157
1746043326201 0.005469255663430421 158
1746043332332 0.005436893203883495 159
1746043337940 0.00540453074433657 160
1746043343402 0.005372168284789643 161
1746043349532 0.005339805825242718 162
1746043353745 0.005307443365695793 163
