1745942476227 0.00019692792557179928 0
1745942480299 0.0 1
1745942484251 0.00021464985911734402 2
1745942488622 0.00013956734619569033 3
1745942492768 5.396654159994796e-05 4
1745942496727 0.00020073603081982583 5
1745942500878 0.0003572959976736456 6
1745942505232 0.00017324017244391143 7
1745942509192 6.086797657189891e-05 8
1745942513143 0.0001855976297520101 9
1745942517762 0.0002664002531673759 10
1745942521710 0.00023384975793305784 11
1745942525628 0.0006019261782057583 12
1745942530373 0.0010253936052322388 13
1745942534308 0.0016036948654800653 14
1745942538248 0.004701843485236168 15
1745942543126 0.011349915526807308 16
1745942547067 0.018221573904156685 17
1745942551024 0.0340767428278923 18
1745942555858 0.04814916104078293 19
1745942559786 0.050671786069869995 20
1745942563741 0.060479290783405304 21
1745942568613 0.05704021081328392 22
1745942572598 0.05899238586425781 23
1745942576545 0.05935050547122955 24
1745942581259 0.05514705926179886 25
1745942585191 0.06097861006855965 26
1745942589121 0.06200145184993744 27
1745942593621 0.062492866069078445 28
1745942597733 0.06439588963985443 29
1745942601674 0.058906298130750656 30
1745942605959 0.06358233839273453 31
1745942610198 0.06345660984516144 32
1745942614127 0.0632927343249321 33
1745942618165 0.05534280464053154 34
1745942622647 0.062275152653455734 35
1745942626589 0.06081719323992729 36
1745942630555 0.06301935017108917 37
1745942635243 0.06351495534181595 38
1745942639185 0.05607476457953453 39
1745942643125 0.0612231083214283 40
1745942647907 0.05711401253938675 41
1745942651835 0.05863840878009796 42
1745942655778 0.06672472506761551 43
1745942660624 0.059167321771383286 44
1745942664596 0.06082020327448845 45
1745942668540 0.05935251712799072 46
1745942673384 0.06121550127863884 47
1745942677350 0.06211911514401436 48
1745942681304 0.06058640405535698 49
1745942686110 0.059013839811086655 50
1745942690072 0.05661987140774727 51
1745942694042 0.06274894624948502 52
1745942698761 0.058408863842487335 53
1745942702732 0.0595628097653389 54
1745942706677 0.05671204999089241 55
1745942711153 0.061936330050230026 56
1745942715245 0.062029965221881866 57
1745942719169 0.06257306039333344 58
1745942723416 0.059470709413290024 59
1745942727682 0.057367756962776184 60
1745942731611 0.06217382848262787 61
1745942735613 0.0604545995593071 62
1745942740147 0.05704011395573616 63
1745942744099 0.056060705333948135 64
1745942748056 0.05636230856180191 65
1745942752777 0.06170528754591942 66
1745942756715 0.06809194386005402 67
1745942760699 0.05685572698712349 68
1745942765480 0.05812566354870796 69
1745942769437 0.05851763114333153 70
1745942773370 0.059190671890974045 71
1745942778191 0.06350360065698624 72
1745942782146 0.061534058302640915 73
1745942786097 0.0613141730427742 74
1745942790921 0.05992317572236061 75
1745942794874 0.057832226157188416 76
1745942798811 0.056077152490615845 77
1745942803639 0.06865226477384567 78
1745942807621 0.06363917142152786 79
1745942809878 0.0643526166677475 80
1745944038038 0.06748820096254349 81
1745944041994 0.05951443687081337 82
1745944046796 0.06322698295116425 83
1745944050753 0.05951128154993057 84
1745944054704 0.06263729184865952 85
1745944059477 0.0726851373910904 86
1745944063421 0.07097623497247696 87
1745944067375 0.06067386269569397 88
1745944072262 0.06544334441423416 89
1745944076226 0.07046632468700409 90
1745944080164 0.07580027729272842 91
1745944084934 0.07323773950338364 92
1745944088887 0.08922607451677322 93
1745944092828 0.10098757594823837 94
1745944097601 0.10178730636835098 95
1745944101563 0.11085180938243866 96
1745944105529 0.11074015498161316 97
1745944110333 0.10580825060606003 98
1745944114289 0.1107332780957222 99
1745944118256 0.11808972805738449 100
1745944123015 0.11817017942667007 101
1745944126955 0.1195392906665802 102
1745944130928 0.12135085463523865 103
1745944135606 0.12074656784534454 104
1745944139546 0.1233556866645813 105
1745944143501 0.1303410679101944 106
1745944148071 0.13077042996883392 107
1745944152080 0.13156357407569885 108
1745944156029 0.1271038055419922 109
1745944160440 0.1236487478017807 110
1745944164537 0.12789489328861237 111
1745944168479 0.13832645118236542 112
1745944172738 0.13733819127082825 113
1745944177001 0.13383999466896057 114
1745944180939 0.13464662432670593 115
1745944184990 0.1380925327539444 116
1745944189354 0.14257532358169556 117
1745944193339 0.14295369386672974 118
1745944197285 0.13659237325191498 119
1745944201823 0.1455295979976654 120
1745944205752 0.14317168295383453 121
1745944209691 0.14922590553760529 122
1745944214334 0.14877435564994812 123
1745944218267 0.14168968796730042 124
1745944222231 0.14378131926059723 125
1745944227002 0.14101818203926086 126
1745944230944 0.14841528236865997 127
1745944234941 0.14087790250778198 128
1745944239702 0.15243194997310638 129
1745944243675 0.1487133800983429 130
1745944247608 0.1397886574268341 131
1745944252437 0.14601826667785645 132
1745944256374 0.14840947091579437 133
1745944260325 0.14423076808452606 134
1745944265093 0.15246610343456268 135
1745944269022 0.15311039984226227 136
1745944272975 0.14934350550174713 137
1745944277740 0.1539190709590912 138
1745944281689 0.14972536265850067 139
1745944285636 0.16305437684059143 140
1745944290423 0.15648053586483002 141
1745944294396 0.1556107997894287 142
1745944298331 0.15386174619197845 143
1745944303109 0.15054848790168762 144
1745944307051 0.15076886117458344 145
1745944311023 0.14677712321281433 146
1745944315856 0.15699169039726257 147
1745944319800 0.15742532908916473 148
1745944323753 0.16483451426029205 149
1745944328449 0.15076418220996857 150
1745944332401 0.14917467534542084 151
1745944336329 0.1509276032447815 152
1745944340982 0.15585018694400787 153
1745944344959 0.15625695884227753 154
1745944348897 0.15685109794139862 155
1745944353358 0.1605132669210434 156
1745944357420 0.16308453679084778 157
1745944361354 0.16382186114788055 158
1745944365658 0.1650180220603943 159
1745944369796 0.16682299971580505 160
1745944372097 0.16811534762382507 161
1745945552660 0.16754721105098724 162
1745945557503 0.16529281437397003 163
1745945561460 0.16398517787456512 164
1745945565412 0.16792836785316467 165
1745945570174 0.16665299236774445 166
1745945574138 0.16110089421272278 167
1745945578097 0.17291772365570068 168
1745945582903 0.16506390273571014 169
1745945586861 0.16814583539962769 170
1745945590796 0.16623876988887787 171
1745945595581 0.17223602533340454 172
1745945599547 0.16578002274036407 173
1745945603497 0.17187809944152832 174
1745945608324 0.17341694235801697 175
1745945612251 0.17819955945014954 176
1745945616195 0.17145581543445587 177
1745945620930 0.17376364767551422 178
1745945624892 0.17955473065376282 179
1745945628875 0.16994553804397583 180
1745945633564 0.16960491240024567 181
1745945637564 0.17012262344360352 182
1745945641522 0.17218585312366486 183
1745945646005 0.16925394535064697 184
1745945650089 0.1781802624464035 185
1745945654039 0.18054307997226715 186
1745945658324 0.18084149062633514 187
1745945662487 0.17664670944213867 188
1745945666524 0.1738831102848053 189
1745945670655 0.17256900668144226 190
1745945674946 0.15930481255054474 191
1745945678897 0.17246906459331512 192
1745945682892 0.17492873966693878 193
1745945687410 0.17126792669296265 194
1745945691341 0.18259771168231964 195
1745945695329 0.16874292492866516 196
1745945699969 0.17516738176345825 197
1745945703938 0.17232298851013184 198
1745945707865 0.1754232496023178 199
1745945712520 0.18010833859443665 200
1745945716452 0.17976780235767365 201
1745945720391 0.17837326228618622 202
1745945725113 0.1762416958808899 203
1745945729069 0.18088176846504211 204
1745945733023 0.18285714089870453 205
1745945737770 0.1758357137441635 206
1745945741722 0.18232548236846924 207
1745945745685 0.18592289090156555 208
1745945750467 0.182529017329216 209
1745945754429 0.19007596373558044 210
1745945758392 0.19405870139598846 211
1745945763203 0.1877163201570511 212
1745945767153 0.18904761970043182 213
1745945771094 0.18998250365257263 214
1745945775878 0.17301945388317108 215
1745945779836 0.18477986752986908 216
1745945783793 0.18058690428733826 217
1745945788578 0.19229018688201904 218
1745945792516 0.17639178037643433 219
1745945796472 0.19022107124328613 220
1745945801249 0.18161487579345703 221
1745945805186 0.18311497569084167 222
1745945809132 0.18477869033813477 223
1745945813851 0.1866098791360855 224
1745945817799 0.17423507571220398 225
1745945821747 0.1815081238746643 226
1745945826329 0.19173282384872437 227
1745945830359 0.18023550510406494 228
1745945834299 0.1882413923740387 229
1745945838673 0.18076135218143463 230
1745945842771 0.18892690539360046 231
1745945846709 0.19029384851455688 232
1745945850920 0.19982269406318665 233
1745945855125 0.18550841510295868 234
1745945859097 0.19476300477981567 235
1745945863155 0.1903837025165558 236
1745945867553 0.17942970991134644 237
1745945871489 0.18765293061733246 238
1745945875458 0.19540156424045563 239
1745945880002 0.19034211337566376 240
1745945883929 0.1974741667509079 241
1745945886189 0.19329337775707245 242
1745947115212 0.18824997544288635 243
1745947119876 0.19364619255065918 244
1745947123892 0.19242337346076965 245
1745947127826 0.20154979825019836 246
1745947132213 0.19265040755271912 247
1745947136338 0.18567503988742828 248
1745947140273 0.1835748851299286 249
1745947144489 0.1896897703409195 250
1745947148709 0.1930665224790573 251
1745947152673 0.18809381127357483 252
1745947156731 0.19138504564762115 253
1745947161105 0.18974734842777252 254
1745947165059 0.19012005627155304 255
1745947168982 0.18918919563293457 256
1745947173520 0.19047333300113678 257
1745947177455 0.19679799675941467 258
1745947181407 0.1995653510093689 259
1745947186096 0.2012251764535904 260
1745947190028 0.19212380051612854 261
1745947193980 0.1956140398979187 262
1745947198724 0.20521484315395355 263
1745947202662 0.20416000485420227 264
1745947206616 0.20112170279026031 265
1745947211402 0.1931881606578827 266
1745947215362 0.19118215143680573 267
1745947219322 0.1999756246805191 268
1745947224100 0.19620786607265472 269
1745947228021 0.19089275598526 270
1745947231971 0.19738906621932983 271
1745947236782 0.20455540716648102 272
1745947240724 0.202781543135643 273
1745947244673 0.19858404994010925 274
1745947249459 0.19788099825382233 275
1745947253416 0.20028997957706451 276
1745947257408 0.19795702397823334 277
1745947262166 0.19935691356658936 278
1745947266112 0.1959235519170761 279
1745947270067 0.19244670867919922 280
1745947274825 0.2006937861442566 281
1745947278773 0.2012292742729187 282
1745947282748 0.1951330304145813 283
1745947287383 0.20261935889720917 284
1745947291352 0.19556058943271637 285
1745947295293 0.19072501361370087 286
1745947299780 0.19667573273181915 287
1745947303866 0.2013571858406067 288
1745947307823 0.19745700061321259 289
1745947312111 0.201533243060112 290
1745947316286 0.18823304772377014 291
1745947320239 0.18848463892936707 292
1745947324324 0.20645540952682495 293
1745947328695 0.2023894041776657 294
1745947332651 0.19956167042255402 295
1745947336645 0.20054258406162262 296
1745947341180 0.21210075914859772 297
1745947345152 0.1998865008354187 298
1745947349080 0.19545653462409973 299
1745947353713 0.19870062172412872 300
1745947357653 0.20367909967899323 301
1745947361602 0.1959230601787567 302
1745947366293 0.1973663866519928 303
1745947370254 0.21259784698486328 304
1745947374211 0.18864741921424866 305
1745947378987 0.20434121787548065 306
1745947382949 0.2148977816104889 307
1745947386909 0.18651632964611053 308
1745947391660 0.19343794882297516 309
1745947395601 0.20592202246189117 310
1745947399560 0.19616630673408508 311
1745947404353 0.1999443769454956 312
1745947408289 0.20605456829071045 313
1745947412235 0.21091879904270172 314
1745947417012 0.19705939292907715 315
1745947420939 0.20127396285533905 316
1745947424901 0.19439031183719635 317
1745947429702 0.2099834531545639 318
1745947433663 0.19972380995750427 319
1745947437615 0.19220948219299316 320
1745947442411 0.21111230552196503 321
1745947446370 0.19451721012592316 322
1745947448631 0.20039814710617065 323
1745948574057 0.21135194599628448 324
1745948578091 0.20281043648719788 325
1745948582892 0.20581622421741486 326
1745948586846 0.20530609786510468 327
1745948590816 0.19908611476421356 328
1745948595589 0.19949568808078766 329
1745948599544 0.2096180021762848 330
1745948603501 0.2110229730606079 331
1745948608260 0.20194147527217865 332
1745948612183 0.2047640085220337 333
1745948616133 0.20152635872364044 334
1745948620910 0.19399605691432953 335
1745948624837 0.1937912106513977 336
1745948628774 0.21090181171894073 337
1745948633555 0.21244104206562042 338
1745948637513 0.2030569165945053 339
1745948641459 0.20956887304782867 340
1745948646206 0.1969839185476303 341
1745948650133 0.20719489455223083 342
1745948654082 0.20294426381587982 343
1745948658765 0.20834103226661682 344
1745948662744 0.2077741175889969 345
1745948666695 0.21413666009902954 346
1745948671259 0.20522643625736237 347
1745948675281 0.21294377744197845 348
1745948679220 0.20033326745033264 349
1745948683613 0.21061143279075623 350
1745948687727 0.21254290640354156 351
1745948691692 0.20176027715206146 352
1745948695946 0.20297473669052124 353
1745948700171 0.21163229644298553 354
1745948704115 0.20370253920555115 355
1745948708177 0.20300546288490295 356
1745948712568 0.2008710503578186 357
1745948716513 0.20998987555503845 358
1745948720453 0.20498374104499817 359
1745948724992 0.20353981852531433 360
1745948728942 0.2128354161977768 361
1745948732880 0.21105051040649414 362
1745948737604 0.2015780657529831 363
1745948741539 0.20662148296833038 364
1745948745477 0.21196556091308594 365
1745948750211 0.20993474125862122 366
1745948754149 0.2126237452030182 367
1745948758157 0.22540725767612457 368
1745948762949 0.19846351444721222 369
1745948766909 0.20471972227096558 370
1745948770834 0.20686963200569153 371
1745948775584 0.21059705317020416 372
1745948779528 0.21121357381343842 373
1745948783484 0.20874926447868347 374
1745948788260 0.2076655477285385 375
1745948792204 0.21459804475307465 376
1745948796144 0.2043089121580124 377
1745948800904 0.20518141984939575 378
1745948804860 0.20370090007781982 379
1745948808803 0.20734438300132751 380
1745948813596 0.21734879910945892 381
1745948817560 0.21921241283416748 382
1745948821530 0.20116959512233734 383
1745948826298 0.21013370156288147 384
1745948830245 0.21270084381103516 385
1745948834201 0.20162656903266907 386
1745948838917 0.20685069262981415 387
1745948842869 0.2118830531835556 388
1745948846806 0.2041517198085785 389
1745948851349 0.20489391684532166 390
1745948855357 0.20717714726924896 391
1745948859305 0.209679514169693 392
1745948863692 0.2043403536081314 393
1745948867886 0.20752790570259094 394
1745948871897 0.21190987527370453 395
1745948876168 0.20991316437721252 396
1745948880344 0.20258475840091705 397
1745948884304 0.21757498383522034 398
1745948888454 0.20301568508148193 399
1745948892826 0.20586968958377838 400
1745948896810 0.21463915705680847 401
1745948900837 0.2111745923757553 402
1745948905306 0.21247774362564087 403
1745948907583 0.19736704230308533 404
1745950060408 0.2111431509256363 405
1745950064395 0.20808878540992737 406
1745950069094 0.20773327350616455 407
1745950073040 0.21167650818824768 408
1745950077010 0.20946991443634033 409
1745950081775 0.2003675401210785 410
1745950085734 0.20297327637672424 411
1745950089671 0.20759853720664978 412
1745950094450 0.2094433754682541 413
1745950098407 0.206633061170578 414
1745950102339 0.2113804668188095 415
1745950107123 0.216299369931221 416
1745950111074 0.20948953926563263 417
1745950115040 0.2031307965517044 418
1745950119838 0.21036262810230255 419
1745950123826 0.221927210688591 420
1745950127819 0.20049117505550385 421
1745950132640 0.2167840301990509 422
1745950136648 0.20486041903495789 423
1745950140624 0.2072354108095169 424
1745950145422 0.21554788947105408 425
1745950149395 0.21653497219085693 426
1745950153322 0.2118740826845169 427
1745950158114 0.20593200623989105 428
1745950162072 0.21347884833812714 429
1745950166019 0.21178072690963745 430
1745950170780 0.21160593628883362 431
1745950174720 0.21107198297977448 432
1745950178662 0.2093992382287979 433
1745950183348 0.20151710510253906 434
1745950187295 0.21713735163211823 435
1745950191245 0.20746375620365143 436
1745950195825 0.21462377905845642 437
1745950199901 0.21851877868175507 438
1745950203844 0.22037048637866974 439
1745950208195 0.20579412579536438 440
1745950212324 0.20610471069812775 441
1745950216282 0.21227772533893585 442
1745950220553 0.21366074681282043 443
1745950224753 0.21997211873531342 444
1745950228718 0.2018713802099228 445
1745950232765 0.2243020087480545 446
1745950237178 0.21442975103855133 447
1745950241141 0.23166844248771667 448
1745950245084 0.22247570753097534 449
1745950249649 0.2224731743335724 450
1745950253619 0.21863244473934174 451
1745950257590 0.212358757853508 452
1745950262210 0.21265041828155518 453
1745950266142 0.21498726308345795 454
1745950270114 0.22352255880832672 455
1745950274838 0.2209424078464508 456
1745950278769 0.21886028349399567 457
1745950282750 0.21387065947055817 458
1745950287544 0.2068023830652237 459
1745950291544 0.20693479478359222 460
1745950295493 0.2104601114988327 461
1745950300285 0.2121117264032364 462
1745950304251 0.21820342540740967 463
1745950308207 0.21729238331317902 464
1745950312998 0.2037164866924286 465
1745950316952 0.2199862003326416 466
1745950320947 0.20156170427799225 467
1745950325709 0.21364611387252808 468
1745950329664 0.21730758249759674 469
1745950333600 0.21780766546726227 470
1745950338391 0.2208530753850937 471
1745950342356 0.20968453586101532 472
1745950346332 0.20693498849868774 473
1745950351130 0.21035374701023102 474
1745950355094 0.22466078400611877 475
1745950359047 0.22670574486255646 476
1745950363815 0.21704328060150146 477
1745950367762 0.2175634652376175 478
1745950371714 0.21276073157787323 479
1745950376393 0.20281219482421875 480
1745950380428 0.21458175778388977 481
1745950384378 0.21004422008991241 482
1745950388956 0.19967049360275269 483
1745950393014 0.21136300265789032 484
1745950395289 0.2065446525812149 485
1745951602700 0.21296091377735138 486
1745951607284 0.21444019675254822 487
1745951611238 0.22012296319007874 488
1745951615200 0.214690700173378 489
1745951619810 0.21808373928070068 490
1745951623744 0.20748715102672577 491
1745951627701 0.217325821518898 492
1745951632418 0.22233104705810547 493
1745951636380 0.2150479257106781 494
1745951640332 0.20540370047092438 495
1745951645141 0.2090357095003128 496
1745951649077 0.21373406052589417 497
1745951653028 0.21705973148345947 498
1745951657843 0.21635670959949493 499
1745951661811 0.2209159880876541 500
1745951665775 0.21298418939113617 501
1745951670545 0.2182353287935257 502
1745951674498 0.199391171336174 503
1745951678459 0.21704480051994324 504
1745951683293 0.22598156332969666 505
1745951687213 0.21672290563583374 506
1745951691165 0.21912696957588196 507
1745951695948 0.21122846007347107 508
1745951699903 0.21667839586734772 509
1745951703894 0.21985118091106415 510
1745951708805 0.2100934088230133 511
1745951712771 0.2162855565547943 512
1745951716880 0.21368321776390076 513
1745951721820 0.21775199472904205 514
1745951725831 0.21861758828163147 515
1745951729796 0.2170475572347641 516
1745951734643 0.2033713161945343 517
1745951738601 0.20838400721549988 518
1745951742560 0.2192031294107437 519
1745951747461 0.20789560675621033 520
1745951751421 0.20355112850666046 521
1745951755404 0.21118208765983582 522
1745951760141 0.22322316467761993 523
1745951764123 0.20852097868919373 524
1745951768073 0.21534083783626556 525
1745951772673 0.22042199969291687 526
1745951776684 0.21577559411525726 527
1745951780675 0.20963262021541595 528
1745951785130 0.21560697257518768 529
1745951789249 0.20762886106967926 530
1745951793199 0.2229037582874298 531
1745951797506 0.21094800531864166 532
1745951801665 0.21705472469329834 533
1745951805630 0.2169034630060196 534
1745951809802 0.2185778021812439 535
1745951814137 0.2172318398952484 536
1745951818080 0.2106098085641861 537
1745951822122 0.21947164833545685 538
1745951826677 0.21417079865932465 539
1745951830659 0.2183409482240677 540
1745951834611 0.215968519449234 541
1745951839234 0.22682854533195496 542
1745951843196 0.22337250411510468 543
1745951847148 0.22148452699184418 544
1745951851819 0.2155650109052658 545
1745951855804 0.2224377691745758 546
1745951859749 0.2191440910100937 547
1745951864519 0.2172228842973709 548
1745951868472 0.2115604430437088 549
1745951872441 0.2169538289308548 550
1745951877201 0.22263047099113464 551
1745951881153 0.20957791805267334 552
1745951885141 0.20754577219486237 553
1745951889928 0.21541966497898102 554
1745951893861 0.21879442036151886 555
1745951897814 0.2248942255973816 556
1745951902622 0.20692241191864014 557
1745951906593 0.2197621911764145 558
1745951910537 0.21881088614463806 559
1745951915352 0.21543025970458984 560
1745951919283 0.21609574556350708 561
1745951923233 0.2104783058166504 562
1745951928009 0.2114882469177246 563
1745951931962 0.20548966526985168 564
1745951935925 0.2166685163974762 565
1745951938285 0.21651002764701843 566
