1745942476227 9.139559745788574 0
1745942480299 9.130995750427246 1
1745942484251 9.130681991577148 2
1745942488622 9.123188018798828 3
1745942492768 9.120315551757812 4
1745942496727 9.113237380981445 5
1745942500878 9.09638786315918 6
1745942505232 9.078009605407715 7
1745942509192 9.067657470703125 8
1745942513143 9.039226531982422 9
1745942517762 9.026586532592773 10
1745942521710 8.978494644165039 11
1745942525628 8.948624610900879 12
1745942530373 8.928428649902344 13
1745942534308 8.891395568847656 14
1745942538248 8.88034439086914 15
1745942543126 8.824787139892578 16
1745942547067 8.813241004943848 17
1745942551024 8.754478454589844 18
1745942555858 8.709959983825684 19
1745942559786 8.68311882019043 20
1745942563741 8.623656272888184 21
1745942568613 8.596440315246582 22
1745942572598 8.561771392822266 23
1745942576545 8.518430709838867 24
1745942581259 8.505854606628418 25
1745942585191 8.435715675354004 26
1745942589121 8.376206398010254 27
1745942593621 8.362414360046387 28
1745942597733 8.300366401672363 29
1745942601674 8.294384002685547 30
1745942605959 8.254632949829102 31
1745942610198 8.221847534179688 32
1745942614127 8.178364753723145 33
1745942618165 8.180294036865234 34
1745942622647 8.118097305297852 35
1745942626589 8.07659912109375 36
1745942630555 8.049220085144043 37
1745942635243 8.025649070739746 38
1745942639185 8.02675724029541 39
1745942643125 7.986265182495117 40
1745942647907 7.964757919311523 41
1745942651835 7.920094966888428 42
1745942655778 7.8745622634887695 43
1745942660624 7.881924629211426 44
1745942664596 7.834136486053467 45
1745942668540 7.803391456604004 46
1745942673384 7.777346134185791 47
1745942677350 7.7388715744018555 48
1745942681304 7.7301788330078125 49
1745942686110 7.731441974639893 50
1745942690072 7.677787780761719 51
1745942694042 7.643017768859863 52
1745942698761 7.631443977355957 53
1745942702732 7.607237815856934 54
1745942706677 7.553046226501465 55
1745942711153 7.507849216461182 56
1745942715245 7.489513874053955 57
1745942719169 7.447159767150879 58
1745942723416 7.4251604080200195 59
1745942727682 7.424288749694824 60
1745942731611 7.380260944366455 61
1745942735613 7.328153133392334 62
1745942740147 7.302039623260498 63
1745942744099 7.319217681884766 64
1745942748056 7.280324459075928 65
1745942752777 7.208759307861328 66
1745942756715 7.1662821769714355 67
1745942760699 7.164379596710205 68
1745942765480 7.130778789520264 69
1745942769437 7.11158561706543 70
1745942773370 7.0885467529296875 71
1745942778191 7.036913871765137 72
1745942782146 6.997250080108643 73
1745942786097 6.965804576873779 74
1745942790921 6.925711631774902 75
1745942794874 6.929512977600098 76
1745942798811 6.93759822845459 77
1745942803639 6.86330509185791 78
1745942807621 6.883991718292236 79
1745942809878 6.845643520355225 80
1745944038038 6.821654796600342 81
1745944041994 6.82589054107666 82
1745944046796 6.8024420738220215 83
1745944050753 6.805079460144043 84
1745944054704 6.796605587005615 85
1745944059477 6.694903373718262 86
1745944063421 6.735720157623291 87
1745944067375 6.783576011657715 88
1745944072262 6.723067760467529 89
1745944076226 6.730838775634766 90
1745944080164 6.674050331115723 91
1745944084934 6.735944747924805 92
1745944088887 6.6395158767700195 93
1745944092828 6.60058069229126 94
1745944097601 6.630752086639404 95
1745944101563 6.595914840698242 96
1745944105529 6.561490058898926 97
1745944110333 6.591042518615723 98
1745944114289 6.542447566986084 99
1745944118256 6.513504505157471 100
1745944123015 6.474355220794678 101
1745944126955 6.4751877784729 102
1745944130928 6.464425086975098 103
1745944135606 6.514908790588379 104
1745944139546 6.4236531257629395 105
1745944143501 6.41559362411499 106
1745944148071 6.365035533905029 107
1745944152080 6.371543884277344 108
1745944156029 6.376899719238281 109
1745944160440 6.410738468170166 110
1745944164537 6.386009216308594 111
1745944168479 6.3639750480651855 112
1745944172738 6.293328762054443 113
1745944177001 6.31751012802124 114
1745944180939 6.388364315032959 115
1745944184990 6.334412574768066 116
1745944189354 6.2965617179870605 117
1745944193339 6.279481887817383 118
1745944197285 6.340376853942871 119
1745944201823 6.254500389099121 120
1745944205752 6.290170192718506 121
1745944209691 6.22356653213501 122
1745944214334 6.247961044311523 123
1745944218267 6.267703056335449 124
1745944222231 6.232317924499512 125
1745944227002 6.232086658477783 126
1745944230944 6.2388691902160645 127
1745944234941 6.241941928863525 128
1745944239702 6.160735130310059 129
1745944243675 6.177177906036377 130
1745944247608 6.277655124664307 131
1745944252437 6.175967216491699 132
1745944256374 6.183538436889648 133
1745944260325 6.181114196777344 134
1745944265093 6.12039852142334 135
1745944269022 6.1331257820129395 136
1745944272975 6.172950744628906 137
1745944277740 6.102611541748047 138
1745944281689 6.108893394470215 139
1745944285636 6.0663743019104 140
1745944290423 6.0830912590026855 141
1745944294396 6.081976890563965 142
1745944298331 6.1256422996521 143
1745944303109 6.123201370239258 144
1745944307051 6.146161079406738 145
1745944311023 6.145408630371094 146
1745944315856 6.093936920166016 147
1745944319800 6.081155776977539 148
1745944323753 6.008045196533203 149
1745944328449 6.0807271003723145 150
1745944332401 6.068873882293701 151
1745944336329 6.116507530212402 152
1745944340982 6.086575984954834 153
1745944344959 6.028404712677002 154
1745944348897 6.030640602111816 155
1745944353358 6.054573059082031 156
1745944357420 6.004244804382324 157
1745944361354 6.012389183044434 158
1745944365658 5.999659538269043 159
1745944369796 6.022130966186523 160
1745944372097 5.933399677276611 161
1745945552660 5.9951043128967285 162
1745945557503 6.0340681076049805 163
1745945561460 5.988578796386719 164
1745945565412 5.901134490966797 165
1745945570174 6.008711814880371 166
1745945574138 6.027853965759277 167
1745945578097 5.901503562927246 168
1745945582903 5.965971946716309 169
1745945586861 5.955458641052246 170
1745945590796 5.968574047088623 171
1745945595581 5.916363716125488 172
1745945599547 5.988592624664307 173
1745945603497 5.882419586181641 174
1745945608324 5.919103145599365 175
1745945612251 5.9351019859313965 176
1745945616195 5.9481425285339355 177
1745945620930 5.888667583465576 178
1745945624892 5.796237468719482 179
1745945628875 5.957501411437988 180
1745945633564 5.903678894042969 181
1745945637564 5.929529190063477 182
1745945641522 5.926475524902344 183
1745945646005 5.949960708618164 184
1745945650089 5.88665771484375 185
1745945654039 5.859246253967285 186
1745945658324 5.872321128845215 187
1745945662487 5.804617881774902 188
1745945666524 5.882345199584961 189
1745945670655 5.900530815124512 190
1745945674946 5.974152565002441 191
1745945678897 5.8640828132629395 192
1745945682892 5.848570346832275 193
1745945687410 5.851306915283203 194
1745945691341 5.865555763244629 195
1745945695329 5.974417209625244 196
1745945699969 5.949839115142822 197
1745945703938 5.920061111450195 198
1745945707865 5.87817907333374 199
1745945712520 5.849236965179443 200
1745945716452 5.82481575012207 201
1745945720391 5.869813919067383 202
1745945725113 5.853176116943359 203
1745945729069 5.877049446105957 204
1745945733023 5.8317155838012695 205
1745945737770 5.913959980010986 206
1745945741722 5.831908226013184 207
1745945745685 5.79094123840332 208
1745945750467 5.883847236633301 209
1745945754429 5.715217113494873 210
1745945758392 5.725217819213867 211
1745945763203 5.802269458770752 212
1745945767153 5.750097751617432 213
1745945771094 5.799953937530518 214
1745945775878 5.866443634033203 215
1745945779836 5.807979106903076 216
1745945783793 5.8605265617370605 217
1745945788578 5.7902445793151855 218
1745945792516 5.808687210083008 219
1745945796472 5.746258735656738 220
1745945801249 5.770092487335205 221
1745945805186 5.777987003326416 222
1745945809132 5.775938510894775 223
1745945813851 5.7533345222473145 224
1745945817799 5.86964225769043 225
1745945821747 5.835836410522461 226
1745945826329 5.731435775756836 227
1745945830359 5.788486003875732 228
1745945834299 5.746440410614014 229
1745945838673 5.858166694641113 230
1745945842771 5.78908634185791 231
1745945846709 5.743913650512695 232
1745945850920 5.675712585449219 233
1745945855125 5.787364959716797 234
1745945859097 5.674304008483887 235
1745945863155 5.7323174476623535 236
1745945867553 5.799692630767822 237
1745945871489 5.785905838012695 238
1745945875458 5.704275608062744 239
1745945880002 5.7381486892700195 240
1745945883929 5.633608818054199 241
1745945886189 5.775235176086426 242
1745947115212 5.700685977935791 243
1745947119876 5.7708282470703125 244
1745947123892 5.703381538391113 245
1745947127826 5.628008842468262 246
1745947132213 5.719762325286865 247
1745947136338 5.6929030418396 248
1745947140273 5.783360004425049 249
1745947144489 5.745543479919434 250
1745947148709 5.800540924072266 251
1745947152673 5.759978294372559 252
1745947156731 5.7016167640686035 253
1745947161105 5.7283501625061035 254
1745947165059 5.727710723876953 255
1745947168982 5.751952648162842 256
1745947173520 5.721331596374512 257
1745947177455 5.68040132522583 258
1745947181407 5.626287937164307 259
1745947186096 5.635586738586426 260
1745947190028 5.716376781463623 261
1745947193980 5.6816511154174805 262
1745947198724 5.603029727935791 263
1745947202662 5.563076019287109 264
1745947206616 5.629920482635498 265
1745947211402 5.712996959686279 266
1745947215362 5.736343860626221 267
1745947219322 5.605615615844727 268
1745947224100 5.651650905609131 269
1745947228021 5.698093891143799 270
1745947231971 5.641013145446777 271
1745947236782 5.619926452636719 272
1745947240724 5.659444808959961 273
1745947244673 5.657168388366699 274
1745947249459 5.667973041534424 275
1745947253416 5.607461452484131 276
1745947257408 5.684517860412598 277
1745947262166 5.650032997131348 278
1745947266112 5.661539077758789 279
1745947270067 5.6792497634887695 280
1745947274825 5.624126434326172 281
1745947278773 5.615292072296143 282
1745947282748 5.638507843017578 283
1745947287383 5.598709583282471 284
1745947291352 5.705319881439209 285
1745947295293 5.7262749671936035 286
1745947299780 5.674403667449951 287
1745947303866 5.640309810638428 288
1745947307823 5.638084411621094 289
1745947312111 5.57703971862793 290
1745947316286 5.73021936416626 291
1745947320239 5.662474155426025 292
1745947324324 5.618885040283203 293
1745947328695 5.624715805053711 294
1745947332651 5.640172004699707 295
1745947336645 5.634653091430664 296
1745947341180 5.573034763336182 297
1745947345152 5.652646064758301 298
1745947349080 5.703814506530762 299
1745947353713 5.621901512145996 300
1745947357653 5.640558242797852 301
1745947361602 5.644593715667725 302
1745947366293 5.651009559631348 303
1745947370254 5.554957866668701 304
1745947374211 5.732608318328857 305
1745947378987 5.545089244842529 306
1745947382949 5.567464828491211 307
1745947386909 5.767266750335693 308
1745947391660 5.6808600425720215 309
1745947395601 5.59357213973999 310
1745947399560 5.641472816467285 311
1745947404353 5.600752353668213 312
1745947408289 5.563111305236816 313
1745947412235 5.550950050354004 314
1745947417012 5.65436315536499 315
1745947420939 5.618614673614502 316
1745947424901 5.669495582580566 317
1745947429702 5.544739246368408 318
1745947433663 5.639556884765625 319
1745947437615 5.70274019241333 320
1745947442411 5.623960018157959 321
1745947446370 5.692717552185059 322
1745947448631 5.636445045471191 323
1745948574057 5.526156902313232 324
1745948578091 5.579016208648682 325
1745948582892 5.569649696350098 326
1745948586846 5.5851850509643555 327
1745948590816 5.607726573944092 328
1745948595589 5.633451461791992 329
1745948599544 5.491976737976074 330
1745948603501 5.514595031738281 331
1745948608260 5.567257404327393 332
1745948612183 5.583608627319336 333
1745948616133 5.5934624671936035 334
1745948620910 5.6642985343933105 335
1745948624837 5.660466194152832 336
1745948628774 5.546551704406738 337
1745948633555 5.515006065368652 338
1745948637513 5.56161642074585 339
1745948641459 5.554202556610107 340
1745948646206 5.657468795776367 341
1745948650133 5.535328388214111 342
1745948654082 5.595786094665527 343
1745948658765 5.5859575271606445 344
1745948662744 5.523160934448242 345
1745948666695 5.517699718475342 346
1745948671259 5.561023712158203 347
1745948675281 5.515580177307129 348
1745948679220 5.632562637329102 349
1745948683613 5.532843589782715 350
1745948687727 5.496895790100098 351
1745948691692 5.634965419769287 352
1745948695946 5.602459907531738 353
1745948700171 5.5649213790893555 354
1745948704115 5.635097980499268 355
1745948708177 5.647262096405029 356
1745948712568 5.65637731552124 357
1745948716513 5.570643424987793 358
1745948720453 5.6162943840026855 359
1745948724992 5.583956718444824 360
1745948728942 5.497076988220215 361
1745948732880 5.5664472579956055 362
1745948737604 5.614597320556641 363
1745948741539 5.576920032501221 364
1745948745477 5.535328388214111 365
1745948750211 5.505850791931152 366
1745948754149 5.490363597869873 367
1745948758157 5.40661096572876 368
1745948762949 5.6464762687683105 369
1745948766909 5.568425178527832 370
1745948770834 5.543403148651123 371
1745948775584 5.53182315826416 372
1745948779528 5.523834228515625 373
1745948783484 5.555890083312988 374
1745948788260 5.582386016845703 375
1745948792204 5.456809997558594 376
1745948796144 5.554819107055664 377
1745948800904 5.56403112411499 378
1745948804860 5.568663120269775 379
1745948808803 5.533638000488281 380
1745948813596 5.440973281860352 381
1745948817560 5.4998779296875 382
1745948821530 5.620980262756348 383
1745948826298 5.521971225738525 384
1745948830245 5.530657768249512 385
1745948834201 5.604613304138184 386
1745948838917 5.514949798583984 387
1745948842869 5.488191604614258 388
1745948846806 5.555254936218262 389
1745948851349 5.603714942932129 390
1745948855357 5.535067081451416 391
1745948859305 5.543704509735107 392
1745948863692 5.5285115242004395 393
1745948867886 5.530843734741211 394
1745948871897 5.5080246925354 395
1745948876168 5.5372772216796875 396
1745948880344 5.605620384216309 397
1745948884304 5.485067367553711 398
1745948888454 5.5958662033081055 399
1745948892826 5.580892562866211 400
1745948896810 5.47258186340332 401
1745948900837 5.511673927307129 402
1745948905306 5.530013084411621 403
1745948907583 5.644781112670898 404
1745950060408 5.514101028442383 405
1745950064395 5.554125785827637 406
1745950069094 5.498678207397461 407
1745950073040 5.5547637939453125 408
1745950077010 5.535625457763672 409
1745950081775 5.612736701965332 410
1745950085734 5.57638692855835 411
1745950089671 5.523639678955078 412
1745950094450 5.457834720611572 413
1745950098407 5.538821697235107 414
1745950102339 5.489108085632324 415
1745950107123 5.472836971282959 416
1745950111074 5.518026828765869 417
1745950115040 5.5736894607543945 418
1745950119838 5.529523849487305 419
1745950123826 5.411153793334961 420
1745950127819 5.530902862548828 421
1745950132640 5.434358596801758 422
1745950136648 5.562293529510498 423
1745950140624 5.541831970214844 424
1745950145422 5.482621192932129 425
1745950149395 5.529510974884033 426
1745950153322 5.510341644287109 427
1745950158114 5.534006595611572 428
1745950162072 5.471770763397217 429
1745950166019 5.488025665283203 430
1745950170780 5.508847236633301 431
1745950174720 5.48197078704834 432
1745950178662 5.520327568054199 433
1745950183348 5.570918083190918 434
1745950187295 5.46189022064209 435
1745950191245 5.5536394119262695 436
1745950195825 5.450264930725098 437
1745950199901 5.470716953277588 438
1745950203844 5.478548049926758 439
1745950208195 5.465616226196289 440
1745950212324 5.592175006866455 441
1745950216282 5.5105204582214355 442
1745950220553 5.510966777801514 443
1745950224753 5.45133113861084 444
1745950228718 5.571862697601318 445
1745950232765 5.420454025268555 446
1745950237178 5.533843040466309 447
1745950241141 5.380405426025391 448
1745950245084 5.419095039367676 449
1745950249649 5.414815902709961 450
1745950253619 5.453620433807373 451
1745950257590 5.4826555252075195 452
1745950262210 5.488339424133301 453
1745950266142 5.407241344451904 454
1745950270114 5.386027812957764 455
1745950274838 5.426261901855469 456
1745950278769 5.4767255783081055 457
1745950282750 5.5035552978515625 458
1745950287544 5.561769962310791 459
1745950291544 5.557280540466309 460
1745950295493 5.476776123046875 461
1745950300285 5.485770225524902 462
1745950304251 5.459071636199951 463
1745950308207 5.478777885437012 464
1745950312998 5.553153038024902 465
1745950316952 5.4556121826171875 466
1745950320947 5.521061897277832 467
1745950325709 5.4983954429626465 468
1745950329664 5.460292339324951 469
1745950333600 5.431645393371582 470
1745950338391 5.44333553314209 471
1745950342356 5.495384216308594 472
1745950346332 5.550017833709717 473
1745950351130 5.480433464050293 474
1745950355094 5.424257755279541 475
1745950359047 5.408216953277588 476
1745950363815 5.481536865234375 477
1745950367762 5.454775810241699 478
1745950371714 5.50547981262207 479
1745950376393 5.627161979675293 480
1745950380428 5.474388122558594 481
1745950384378 5.490399360656738 482
1745950388956 5.601038455963135 483
1745950393014 5.532386779785156 484
1745950395289 5.531260013580322 485
1745951602700 5.493211269378662 486
1745951607284 5.485994338989258 487
1745951611238 5.399046897888184 488
1745951615200 5.466663360595703 489
1745951619810 5.425139427185059 490
1745951623744 5.522639274597168 491
1745951627701 5.475873947143555 492
1745951632418 5.383738040924072 493
1745951636380 5.450011253356934 494
1745951640332 5.557827472686768 495
1745951645141 5.508358478546143 496
1745951649077 5.481575012207031 497
1745951653028 5.425421714782715 498
1745951657843 5.4797797203063965 499
1745951661811 5.39000940322876 500
1745951665775 5.488201141357422 501
1745951670545 5.428764343261719 502
1745951674498 5.56168794631958 503
1745951678459 5.420960426330566 504
1745951683293 5.370330333709717 505
1745951687213 5.457622051239014 506
1745951691165 5.460663795471191 507
1745951695948 5.492189407348633 508
1745951699903 5.428766250610352 509
1745951703894 5.463359355926514 510
1745951708805 5.51371431350708 511
1745951712771 5.450160026550293 512
1745951716880 5.541369438171387 513
1745951721820 5.471582889556885 514
1745951725831 5.45503568649292 515
1745951729796 5.473410606384277 516
1745951734643 5.517536640167236 517
1745951738601 5.493808746337891 518
1745951742560 5.4088263511657715 519
1745951747461 5.547806739807129 520
1745951751421 5.539120674133301 521
1745951755404 5.499931335449219 522
1745951760141 5.392168045043945 523
1745951764123 5.480677127838135 524
1745951768073 5.494638442993164 525
1745951772673 5.492420196533203 526
1745951776684 5.4933295249938965 527
1745951780675 5.486157417297363 528
1745951785130 5.468469142913818 529
1745951789249 5.535940170288086 530
1745951793199 5.484091281890869 531
1745951797506 5.4715752601623535 532
1745951801665 5.466890335083008 533
1745951805630 5.473368167877197 534
1745951809802 5.415325164794922 535
1745951814137 5.440830707550049 536
1745951818080 5.582126617431641 537
1745951822122 5.437651634216309 538
1745951826677 5.50462532043457 539
1745951830659 5.4351348876953125 540
1745951834611 5.4692559242248535 541
1745951839234 5.393986225128174 542
1745951843196 5.438824653625488 543
1745951847148 5.475667476654053 544
1745951851819 5.420578956604004 545
1745951855804 5.400801658630371 546
1745951859749 5.456526756286621 547
1745951864519 5.4138946533203125 548
1745951868472 5.475975036621094 549
1745951872441 5.469239711761475 550
1745951877201 5.432196617126465 551
1745951881153 5.512795448303223 552
1745951885141 5.5328497886657715 553
1745951889928 5.475888252258301 554
1745951893861 5.42458438873291 555
1745951897814 5.356232643127441 556
1745951902622 5.497480392456055 557
1745951906593 5.377036094665527 558
1745951910537 5.454546928405762 559
1745951915352 5.447177410125732 560
1745951919283 5.471749305725098 561
1745951923233 5.51248836517334 562
1745951928009 5.505338191986084 563
1745951931962 5.564160346984863 564
1745951935925 5.5158209800720215 565
1745951938285 5.436788558959961 566
