1745942476227 5e-06 0
1745942480299 1e-05 1
1745942484251 1.5e-05 2
1745942488622 2e-05 3
1745942492768 2.5e-05 4
1745942496727 3e-05 5
1745942500878 3.5000000000000004e-05 6
1745942505232 4e-05 7
1745942509192 4.4999999999999996e-05 8
1745942513143 5e-05 9
1745942517762 5.5e-05 10
1745942521710 6e-05 11
1745942525628 6.500000000000001e-05 12
1745942530373 7.000000000000001e-05 13
1745942534308 7.5e-05 14
1745942538248 8e-05 15
1745942543126 8.5e-05 16
1745942547067 8.999999999999999e-05 17
1745942551024 9.5e-05 18
1745942555858 0.0001 19
1745942559786 0.000105 20
1745942563741 0.00011 21
1745942568613 0.000115 22
1745942572598 0.00012 23
1745942576545 0.000125 24
1745942581259 0.00013000000000000002 25
1745942585191 0.000135 26
1745942589121 0.00014000000000000001 27
1745942593621 0.000145 28
1745942597733 0.00015 29
1745942601674 0.000155 30
1745942605959 0.00016 31
1745942610198 0.000165 32
1745942614127 0.00017 33
1745942618165 0.000175 34
1745942622647 0.00017999999999999998 35
1745942626589 0.000185 36
1745942630555 0.00019 37
1745942635243 0.00019500000000000002 38
1745942639185 0.0002 39
1745942643125 0.000205 40
1745942647907 0.00021 41
1745942651835 0.000215 42
1745942655778 0.00022 43
1745942660624 0.00022500000000000002 44
1745942664596 0.00023 45
1745942668540 0.000235 46
1745942673384 0.00024 47
1745942677350 0.000245 48
1745942681304 0.00025 49
1745942686110 0.000255 50
1745942690072 0.00026000000000000003 51
1745942694042 0.00026500000000000004 52
1745942698761 0.00027 53
1745942702732 0.000275 54
1745942706677 0.00028000000000000003 55
1745942711153 0.000285 56
1745942715245 0.00029 57
1745942719169 0.000295 58
1745942723416 0.0003 59
1745942727682 0.000305 60
1745942731611 0.00031 61
1745942735613 0.000315 62
1745942740147 0.00032 63
1745942744099 0.00032500000000000004 64
1745942748056 0.00033 65
1745942752777 0.000335 66
1745942756715 0.00034 67
1745942760699 0.000345 68
1745942765480 0.00035 69
1745942769437 0.000355 70
1745942773370 0.00035999999999999997 71
1745942778191 0.000365 72
1745942782146 0.00037 73
1745942786097 0.000375 74
1745942790921 0.00038 75
1745942794874 0.00038500000000000003 76
1745942798811 0.00039000000000000005 77
1745942803639 0.000395 78
1745942807621 0.0004 79
1745942809878 0.00040500000000000003 80
1745944038038 0.00041 81
1745944041994 0.000415 82
1745944046796 0.00042 83
1745944050753 0.000425 84
1745944054704 0.00043 85
1745944059477 0.000435 86
1745944063421 0.00044 87
1745944067375 0.00044500000000000003 88
1745944072262 0.00045000000000000004 89
1745944076226 0.000455 90
1745944080164 0.00046 91
1745944084934 0.000465 92
1745944088887 0.00047 93
1745944092828 0.000475 94
1745944097601 0.00048 95
1745944101563 0.00048499999999999997 96
1745944105529 0.00049 97
1745944110333 0.000495 98
1745944114289 0.0005 99
1745944118256 0.0004989293361884369 100
1745944123015 0.0004978586723768737 101
1745944126955 0.0004967880085653105 102
1745944130928 0.0004957173447537474 103
1745944135606 0.0004946466809421842 104
1745944139546 0.000493576017130621 105
1745944143501 0.0004925053533190578 106
1745944148071 0.0004914346895074946 107
1745944152080 0.0004903640256959315 108
1745944156029 0.0004892933618843683 109
1745944160440 0.0004882226980728052 110
1745944164537 0.000487152034261242 111
1745944168479 0.0004860813704496788 112
1745944172738 0.00048501070663811566 113
1745944177001 0.00048394004282655245 114
1745944180939 0.0004828693790149893 115
1745944184990 0.00048179871520342613 116
1745944189354 0.00048072805139186297 117
1745944193339 0.0004796573875802998 118
1745944197285 0.00047858672376873665 119
1745944201823 0.00047751605995717344 120
1745944205752 0.0004764453961456103 121
1745944209691 0.0004753747323340471 122
1745944214334 0.0004743040685224839 123
1745944218267 0.0004732334047109208 124
1745944222231 0.00047216274089935764 125
1745944227002 0.0004710920770877944 126
1745944230944 0.00047002141327623126 127
1745944234941 0.0004689507494646681 128
1745944239702 0.0004678800856531049 129
1745944243675 0.0004668094218415418 130
1745944247608 0.0004657387580299786 131
1745944252437 0.00046466809421841546 132
1745944256374 0.00046359743040685225 133
1745944260325 0.0004625267665952891 134
1745944265093 0.00046145610278372593 135
1745944269022 0.0004603854389721627 136
1745944272975 0.0004593147751605996 137
1745944277740 0.00045824411134903645 138
1745944281689 0.00045717344753747323 139
1745944285636 0.0004561027837259101 140
1745944290423 0.0004550321199143469 141
1745944294396 0.0004539614561027837 142
1745944298331 0.00045289079229122054 143
1745944303109 0.00045182012847965744 144
1745944307051 0.0004507494646680942 145
1745944311023 0.00044967880085653106 146
1745944315856 0.0004486081370449679 147
1745944319800 0.0004475374732334047 148
1745944323753 0.00044646680942184153 149
1745944328449 0.00044539614561027837 150
1745944332401 0.00044432548179871526 151
1745944336329 0.00044325481798715205 152
1745944340982 0.0004421841541755889 153
1745944344959 0.00044111349036402573 154
1745944348897 0.0004400428265524625 155
1745944353358 0.00043897216274089935 156
1745944357420 0.0004379014989293362 157
1745944361354 0.00043683083511777303 158
1745944365658 0.0004357601713062099 159
1745944369796 0.0004346895074946467 160
1745944372097 0.0004336188436830835 161
1745945552660 0.00043254817987152034 162
1745945557503 0.0004314775160599572 163
1745945561460 0.00043040685224839397 164
1745945565412 0.00042933618843683086 165
1745945570174 0.0004282655246252677 166
1745945574138 0.0004271948608137045 167
1745945578097 0.0004261241970021413 168
1745945582903 0.00042505353319057817 169
1745945586861 0.00042398286937901495 170
1745945590796 0.0004229122055674518 171
1745945595581 0.0004218415417558887 172
1745945599547 0.00042077087794432553 173
1745945603497 0.0004197002141327623 174
1745945608324 0.00041862955032119915 175
1745945612251 0.000417558886509636 176
1745945616195 0.0004164882226980728 177
1745945620930 0.0004154175588865097 178
1745945624892 0.0004143468950749465 179
1745945628875 0.0004132762312633833 180
1745945633564 0.00041220556745182014 181
1745945637564 0.000411134903640257 182
1745945641522 0.00041006423982869377 183
1745945646005 0.0004089935760171306 184
1745945650089 0.0004079229122055675 185
1745945654039 0.0004068522483940043 186
1745945658324 0.0004057815845824411 187
1745945662487 0.00040471092077087797 188
1745945666524 0.00040364025695931475 189
1745945670655 0.0004025695931477516 190
1745945674946 0.00040149892933618843 191
1745945678897 0.0004004282655246253 192
1745945682892 0.0003993576017130621 193
1745945687410 0.00039828693790149895 194
1745945691341 0.0003972162740899358 195
1745945695329 0.0003961456102783726 196
1745945699969 0.0003950749464668094 197
1745945703938 0.00039400428265524626 198
1745945707865 0.0003929336188436831 199
1745945712520 0.00039186295503211994 200
1745945716452 0.0003907922912205568 201
1745945720391 0.00038972162740899356 202
1745945725113 0.0003886509635974304 203
1745945729069 0.00038758029978586725 204
1745945733023 0.00038650963597430403 205
1745945737770 0.0003854389721627409 206
1745945741722 0.00038436830835117777 207
1745945745685 0.00038329764453961455 208
1745945750467 0.0003822269807280514 209
1745945754429 0.00038115631691648823 210
1745945758392 0.000380085653104925 211
1745945763203 0.00037901498929336186 212
1745945767153 0.00037794432548179875 213
1745945771094 0.0003768736616702356 214
1745945775878 0.0003758029978586724 215
1745945779836 0.0003747323340471092 216
1745945783793 0.00037366167023554606 217
1745945788578 0.00037259100642398284 218
1745945792516 0.0003715203426124197 219
1745945796472 0.0003704496788008566 220
1745945801249 0.00036937901498929336 221
1745945805186 0.0003683083511777302 222
1745945809132 0.00036723768736616704 223
1745945813851 0.00036616702355460383 224
1745945817799 0.00036509635974304067 225
1745945821747 0.0003640256959314775 226
1745945826329 0.00036295503211991435 227
1745945830359 0.0003618843683083512 228
1745945834299 0.00036081370449678803 229
1745945838673 0.0003597430406852248 230
1745945842771 0.00035867237687366166 231
1745945846709 0.0003576017130620985 232
1745945850920 0.0003565310492505354 233
1745945855125 0.0003554603854389722 234
1745945859097 0.000354389721627409 235
1745945863155 0.00035331905781584586 236
1745945867553 0.00035224839400428264 237
1745945871489 0.0003511777301927195 238
1745945875458 0.0003501070663811563 239
1745945880002 0.00034903640256959316 240
1745945883929 0.00034796573875803 241
1745945886189 0.00034689507494646684 242
1745947115212 0.00034582441113490363 243
1745947119876 0.00034475374732334047 244
1745947123892 0.0003436830835117773 245
1745947127826 0.0003426124197002141 246
1745947132213 0.000341541755888651 247
1745947136338 0.00034047109207708783 248
1745947140273 0.0003394004282655246 249
1745947144489 0.00033832976445396146 250
1745947148709 0.0003372591006423983 251
1745947152673 0.00033618843683083514 252
1745947156731 0.0003351177730192719 253
1745947161105 0.0003340471092077088 254
1745947165059 0.00033297644539614566 255
1745947168982 0.00033190578158458244 256
1745947173520 0.0003308351177730193 257
1745947177455 0.0003297644539614561 258
1745947181407 0.0003286937901498929 259
1745947186096 0.00032762312633832975 260
1745947190028 0.00032655246252676664 261
1745947193980 0.00032548179871520343 262
1745947198724 0.00032441113490364027 263
1745947202662 0.0003233404710920771 264
1745947206616 0.0003222698072805139 265
1745947211402 0.00032119914346895073 266
1745947215362 0.0003201284796573876 267
1745947219322 0.0003190578158458244 268
1745947224100 0.00031798715203426126 269
1745947228021 0.0003169164882226981 270
1745947231971 0.0003158458244111349 271
1745947236782 0.0003147751605995717 272
1745947240724 0.00031370449678800856 273
1745947244673 0.0003126338329764454 274
1745947249459 0.00031156316916488224 275
1745947253416 0.0003104925053533191 276
1745947257408 0.0003094218415417559 277
1745947262166 0.0003083511777301927 278
1745947266112 0.00030728051391862955 279
1745947270067 0.0003062098501070664 280
1745947274825 0.00030513918629550323 281
1745947278773 0.00030406852248394007 282
1745947282748 0.0003029978586723769 283
1745947287383 0.0003019271948608137 284
1745947291352 0.00030085653104925053 285
1745947295293 0.0002997858672376874 286
1745947299780 0.00029871520342612416 287
1745947303866 0.00029764453961456105 288
1745947307823 0.0002965738758029979 289
1745947312111 0.0002955032119914347 290
1745947316286 0.0002944325481798715 291
1745947320239 0.00029336188436830836 292
1745947324324 0.0002922912205567452 293
1745947328695 0.000291220556745182 294
1745947332651 0.0002901498929336189 295
1745947336645 0.0002890792291220557 296
1745947341180 0.0002880085653104925 297
1745947345152 0.00028693790149892935 298
1745947349080 0.0002858672376873662 299
1745947353713 0.000284796573875803 300
1745947357653 0.0002837259100642398 301
1745947361602 0.0002826552462526767 302
1745947366293 0.0002815845824411135 303
1745947370254 0.00028051391862955033 304
1745947374211 0.0002794432548179872 305
1745947378987 0.00027837259100642396 306
1745947382949 0.0002773019271948608 307
1745947386909 0.00027623126338329764 308
1745947391660 0.0002751605995717345 309
1745947395601 0.0002740899357601713 310
1745947399560 0.00027301927194860816 311
1745947404353 0.00027194860813704495 312
1745947408289 0.0002708779443254818 313
1745947412235 0.0002698072805139186 314
1745947417012 0.00026873661670235547 315
1745947420939 0.0002676659528907923 316
1745947424901 0.00026659528907922915 317
1745947429702 0.000265524625267666 318
1745947433663 0.00026445396145610277 319
1745947437615 0.0002633832976445396 320
1745947442411 0.00026231263383297645 321
1745947446370 0.00026124197002141324 322
1745947448631 0.00026017130620985013 323
1745948574057 0.00025910064239828697 324
1745948578091 0.00025802997858672376 325
1745948582892 0.0002569593147751606 326
1745948586846 0.00025588865096359744 327
1745948590816 0.0002548179871520342 328
1745948595589 0.00025374732334047106 329
1745948599544 0.00025267665952890796 330
1745948603501 0.00025160599571734475 331
1745948608260 0.0002505353319057816 332
1745948612183 0.0002494646680942184 333
1745948616133 0.00024839400428265527 334
1745948620910 0.0002473233404710921 335
1745948624837 0.0002462526766595289 336
1745948628774 0.00024518201284796573 337
1745948633555 0.0002441113490364026 338
1745948637513 0.0002430406852248394 339
1745948641459 0.00024197002141327622 340
1745948646206 0.00024089935760171306 341
1745948650133 0.0002398286937901499 342
1745948654082 0.00023875802997858672 343
1745948658765 0.00023768736616702356 344
1745948662744 0.0002366167023554604 345
1745948666695 0.0002355460385438972 346
1745948671259 0.00023447537473233405 347
1745948675281 0.0002334047109207709 348
1745948679220 0.00023233404710920773 349
1745948683613 0.00023126338329764454 350
1745948687727 0.00023019271948608136 351
1745948691692 0.00022912205567451822 352
1745948695946 0.00022805139186295504 353
1745948700171 0.00022698072805139185 354
1745948704115 0.00022591006423982872 355
1745948708177 0.00022483940042826553 356
1745948712568 0.00022376873661670234 357
1745948716513 0.00022269807280513918 358
1745948720453 0.00022162740899357602 359
1745948724992 0.00022055674518201286 360
1745948728942 0.00021948608137044968 361
1745948732880 0.00021841541755888652 362
1745948737604 0.00021734475374732336 363
1745948741539 0.00021627408993576017 364
1745948745477 0.00021520342612419698 365
1745948750211 0.00021413276231263385 366
1745948754149 0.00021306209850107066 367
1745948758157 0.00021199143468950748 368
1745948762949 0.00021092077087794434 369
1745948766909 0.00020985010706638116 370
1745948770834 0.000208779443254818 371
1745948775584 0.00020770877944325484 372
1745948779528 0.00020663811563169165 373
1745948783484 0.0002055674518201285 374
1745948788260 0.0002044967880085653 375
1745948792204 0.00020342612419700214 376
1745948796144 0.00020235546038543898 377
1745948800904 0.0002012847965738758 378
1745948804860 0.00020021413276231266 379
1745948808803 0.00019914346895074948 380
1745948813596 0.0001980728051391863 381
1745948817560 0.00019700214132762313 382
1745948821530 0.00019593147751605997 383
1745948826298 0.00019486081370449678 384
1745948830245 0.00019379014989293362 385
1745948834201 0.00019271948608137046 386
1745948838917 0.00019164882226980728 387
1745948842869 0.00019057815845824412 388
1745948846806 0.00018950749464668093 389
1745948851349 0.0001884368308351178 390
1745948855357 0.0001873661670235546 391
1745948859305 0.00018629550321199142 392
1745948863692 0.0001852248394004283 393
1745948867886 0.0001841541755888651 394
1745948871897 0.00018308351177730192 395
1745948876168 0.00018201284796573876 396
1745948880344 0.0001809421841541756 397
1745948884304 0.0001798715203426124 398
1745948888454 0.00017880085653104925 399
1745948892826 0.0001777301927194861 400
1745948896810 0.00017665952890792293 401
1745948900837 0.00017558886509635974 402
1745948905306 0.00017451820128479658 403
1745948907583 0.00017344753747323342 404
1745950060408 0.00017237687366167023 405
1745950064395 0.00017130620985010705 406
1745950069094 0.00017023554603854391 407
1745950073040 0.00016916488222698073 408
1745950077010 0.00016809421841541757 409
1745950081775 0.0001670235546038544 410
1745950085734 0.00016595289079229122 411
1745950089671 0.00016488222698072806 412
1745950094450 0.00016381156316916487 413
1745950098407 0.00016274089935760171 414
1745950102339 0.00016167023554603855 415
1745950107123 0.00016059957173447537 416
1745950111074 0.0001595289079229122 417
1745950115040 0.00015845824411134905 418
1745950119838 0.00015738758029978586 419
1745950123826 0.0001563169164882227 420
1745950127819 0.00015524625267665954 421
1745950132640 0.00015417558886509635 422
1745950136648 0.0001531049250535332 423
1745950140624 0.00015203426124197003 424
1745950145422 0.00015096359743040685 425
1745950149395 0.0001498929336188437 426
1745950153322 0.00014882226980728053 427
1745950158114 0.00014775160599571734 428
1745950162072 0.00014668094218415418 429
1745950166019 0.000145610278372591 430
1745950170780 0.00014453961456102786 431
1745950174720 0.00014346895074946467 432
1745950178662 0.0001423982869379015 433
1745950183348 0.00014132762312633835 434
1745950187295 0.00014025695931477517 435
1745950191245 0.00013918629550321198 436
1745950195825 0.00013811563169164882 437
1745950199901 0.00013704496788008566 438
1745950203844 0.00013597430406852247 439
1745950208195 0.0001349036402569593 440
1745950212324 0.00013383297644539615 441
1745950216282 0.000132762312633833 442
1745950220553 0.0001316916488222698 443
1745950224753 0.00013062098501070662 444
1745950228718 0.00012955032119914349 445
1745950232765 0.0001284796573875803 446
1745950237178 0.0001274089935760171 447
1745950241141 0.00012633832976445398 448
1745950245084 0.0001252676659528908 449
1745950249649 0.00012419700214132763 450
1745950253619 0.00012312633832976445 451
1745950257590 0.0001220556745182013 452
1745950262210 0.00012098501070663811 453
1745950266142 0.00011991434689507495 454
1745950270114 0.00011884368308351178 455
1745950274838 0.0001177730192719486 456
1745950278769 0.00011670235546038545 457
1745950282750 0.00011563169164882227 458
1745950287544 0.00011456102783725911 459
1745950291544 0.00011349036402569593 460
1745950295493 0.00011241970021413277 461
1745950300285 0.00011134903640256959 462
1745950304251 0.00011027837259100643 463
1745950308207 0.00010920770877944326 464
1745950312998 0.00010813704496788009 465
1745950316952 0.00010706638115631693 466
1745950320947 0.00010599571734475374 467
1745950325709 0.00010492505353319058 468
1745950329664 0.00010385438972162742 469
1745950333600 0.00010278372591006424 470
1745950338391 0.00010171306209850107 471
1745950342356 0.0001006423982869379 472
1745950346332 9.957173447537474e-05 473
1745950351130 9.850107066381156e-05 474
1745950355094 9.743040685224839e-05 475
1745950359047 9.635974304068523e-05 476
1745950363815 9.528907922912206e-05 477
1745950367762 9.42184154175589e-05 478
1745950371714 9.314775160599571e-05 479
1745950376393 9.207708779443255e-05 480
1745950380428 9.100642398286938e-05 481
1745950384378 8.99357601713062e-05 482
1745950388956 8.886509635974304e-05 483
1745950393014 8.779443254817987e-05 484
1745950395289 8.672376873661671e-05 485
1745951602700 8.565310492505352e-05 486
1745951607284 8.458244111349036e-05 487
1745951611238 8.35117773019272e-05 488
1745951615200 8.244111349036403e-05 489
1745951619810 8.137044967880086e-05 490
1745951623744 8.029978586723768e-05 491
1745951627701 7.922912205567452e-05 492
1745951632418 7.815845824411135e-05 493
1745951636380 7.708779443254818e-05 494
1745951640332 7.601713062098502e-05 495
1745951645141 7.494646680942184e-05 496
1745951649077 7.387580299785867e-05 497
1745951653028 7.28051391862955e-05 498
1745951657843 7.173447537473234e-05 499
1745951661811 7.066381156316918e-05 500
1745951665775 6.959314775160599e-05 501
1745951670545 6.852248394004283e-05 502
1745951674498 6.745182012847966e-05 503
1745951678459 6.63811563169165e-05 504
1745951683293 6.531049250535331e-05 505
1745951687213 6.423982869379015e-05 506
1745951691165 6.316916488222699e-05 507
1745951695948 6.209850107066382e-05 508
1745951699903 6.102783725910065e-05 509
1745951703894 5.9957173447537476e-05 510
1745951708805 5.88865096359743e-05 511
1745951712771 5.7815845824411136e-05 512
1745951716880 5.674518201284796e-05 513
1745951721820 5.5674518201284796e-05 514
1745951725831 5.460385438972163e-05 515
1745951729796 5.353319057815846e-05 516
1745951734643 5.246252676659529e-05 517
1745951738601 5.139186295503212e-05 518
1745951742560 5.032119914346895e-05 519
1745951747461 4.925053533190578e-05 520
1745951751421 4.8179871520342616e-05 521
1745951755404 4.710920770877945e-05 522
1745951760141 4.6038543897216276e-05 523
1745951764123 4.49678800856531e-05 524
1745951768073 4.3897216274089935e-05 525
1745951772673 4.282655246252676e-05 526
1745951776684 4.17558886509636e-05 527
1745951780675 4.068522483940043e-05 528
1745951785130 3.961456102783726e-05 529
1745951789249 3.854389721627409e-05 530
1745951793199 3.747323340471092e-05 531
1745951797506 3.640256959314775e-05 532
1745951801665 3.533190578158459e-05 533
1745951805630 3.4261241970021415e-05 534
1745951809802 3.319057815845825e-05 535
1745951814137 3.2119914346895075e-05 536
1745951818080 3.104925053533191e-05 537
1745951822122 2.9978586723768738e-05 538
1745951826677 2.8907922912205568e-05 539
1745951830659 2.7837259100642398e-05 540
1745951834611 2.676659528907923e-05 541
1745951839234 2.569593147751606e-05 542
1745951843196 2.462526766595289e-05 543
1745951847148 2.3554603854389724e-05 544
1745951851819 2.248394004282655e-05 545
1745951855804 2.141327623126338e-05 546
1745951859749 2.0342612419700214e-05 547
1745951864519 1.9271948608137044e-05 548
1745951868472 1.8201284796573874e-05 549
1745951872441 1.7130620985010707e-05 550
1745951877201 1.6059957173447537e-05 551
1745951881153 1.4989293361884369e-05 552
1745951885141 1.3918629550321199e-05 553
1745951889928 1.284796573875803e-05 554
1745951893861 1.1777301927194862e-05 555
1745951897814 1.070663811563169e-05 556
1745951902622 9.635974304068522e-06 557
1745951906593 8.565310492505354e-06 558
1745951910537 7.4946466809421845e-06 559
1745951915352 6.423982869379015e-06 560
1745951919283 5.353319057815845e-06 561
1745951923233 4.282655246252677e-06 562
1745951928009 3.2119914346895077e-06 563
1745951931962 2.1413276231263384e-06 564
1745951935925 1.0706638115631692e-06 565
1745951938285 0.0 566
