1745876242213 9.159205436706543 0
1745876245910 8.675704002380371 1
1745876250201 8.270559310913086 2
1745876254094 7.947086334228516 3
1745876257837 7.559720039367676 4
1745876261630 7.240300178527832 5
1745876265967 6.947024822235107 6
1745876269649 6.713866710662842 7
1745876273362 6.473737716674805 8
1745876277995 6.450387954711914 9
1745876281695 6.428368091583252 10
1745876285410 6.438283920288086 11
1745876289856 6.470122814178467 12
1745876293706 6.444090843200684 13
1745876297437 6.401366233825684 14
1745876301319 6.384899616241455 15
1745876305574 6.388676166534424 16
1745876309269 6.24872350692749 17
1745876312967 6.285263538360596 18
1745876317579 6.236673355102539 19
1745876321262 6.207571983337402 20
1745876324953 6.109613418579102 21
1745876329336 6.163679122924805 22
1745876333141 6.208670139312744 23
1745876336846 6.105140209197998 24
1745876340683 6.019046783447266 25
1745876344897 6.063937187194824 26
1745876348589 5.94968843460083 27
1745876352263 5.93199348449707 28
1745876356855 5.938470840454102 29
1745876360531 5.919032096862793 30
1745876364221 5.8693528175354 31
1745876368667 5.852481365203857 32
1745876372440 5.85505485534668 33
1745876376139 5.784640312194824 34
1745876379994 5.7937092781066895 35
1745876384212 5.749596118927002 36
1745876387905 5.784023284912109 37
1745876391611 5.662267684936523 38
1745876396170 5.637417793273926 39
1745876399865 5.645873069763184 40
1745876403564 5.585200309753418 41
1745876408040 5.565009117126465 42
1745876411781 5.568283557891846 43
1745876415464 5.57921028137207 44
1745876419353 5.4948225021362305 45
1745876423557 5.46771240234375 46
1745876427261 5.484112739562988 47
1745876430947 5.53316068649292 48
1745876435522 5.434556484222412 49
1745876439199 5.458586692810059 50
1745876442877 5.4586873054504395 51
1745876447353 5.400982856750488 52
1745876451082 5.332311630249023 53
1745876454793 5.46572732925415 54
1745876458756 5.4130401611328125 55
1745876462884 5.3451056480407715 56
1745876466587 5.340586185455322 57
1745876470277 5.379524230957031 58
1745876474771 5.3605732917785645 59
1745876478446 5.307652473449707 60
1745876482116 5.2704877853393555 61
1745876486615 5.279705047607422 62
1745876490308 5.343839168548584 63
1745876494008 5.240342140197754 64
1745876498100 5.226259708404541 65
1745876501992 5.288355350494385 66
1745876505684 5.350052833557129 67
1745876509377 5.268420219421387 68
1745876513750 5.295071125030518 69
1745876517451 5.2564873695373535 70
1745876521166 5.153421878814697 71
1745876525736 5.277212619781494 72
1745876529430 5.120546817779541 73
1745876533101 5.1157145500183105 74
1745876537449 5.151755332946777 75
1745876541225 5.129644870758057 76
1745876544934 5.097021579742432 77
1745876548780 5.1636247634887695 78
1745876552970 5.127955913543701 79
1745876555067 5.0763750076293945 80
1745876987534 5.122893810272217 81
1745876991230 4.999831199645996 82
1745876994931 5.019278049468994 83
1745876999365 5.0971503257751465 84
1745877003108 5.045443058013916 85
1745877006796 5.034558296203613 86
1745877010794 5.079174518585205 87
1745877014817 4.982755661010742 88
1745877018488 5.070276737213135 89
1745877022179 4.9875264167785645 90
1745877026619 4.906196117401123 91
1745877030296 4.976644039154053 92
1745877033978 5.041840076446533 93
1745877038528 5.158710479736328 94
1745877042225 4.858234882354736 95
1745877045923 4.951416969299316 96
1745877050138 4.929617404937744 97
1745877053991 4.915523052215576 98
1745877057695 4.83604621887207 99
1745877061421 4.990826606750488 100
1745877065722 4.942048072814941 101
1745877069415 4.9577226638793945 102
1745877073094 4.842901706695557 103
1745877077623 4.899238586425781 104
1745877081306 4.96491003036499 105
1745877085007 4.963353633880615 106
1745877089421 4.8833818435668945 107
1745877093164 4.919943809509277 108
1745877096840 4.863889217376709 109
1745877100819 4.880415439605713 110
1745877104876 4.922307968139648 111
1745877108545 4.931232452392578 112
1745877112223 4.8470458984375 113
1745877116704 4.819477081298828 114
1745877120400 4.8954548835754395 115
1745877124091 4.80251407623291 116
1745877128636 4.745998859405518 117
1745877132318 4.914628028869629 118
1745877136003 4.823495388031006 119
1745877140102 4.786112308502197 120
1745877143994 4.8498921394348145 121
1745877147678 4.797674655914307 122
1745877151374 4.848636627197266 123
1745877155724 4.90952730178833 124
1745877159422 4.892752170562744 125
1745877163107 4.877486228942871 126
1745877167619 4.962636470794678 127
1745877171314 4.828632354736328 128
1745877174993 4.795266151428223 129
1745877179344 4.826184272766113 130
1745877183137 4.790940284729004 131
1745877186810 4.74364709854126 132
1745877190643 4.65112829208374 133
1745877194808 4.746922492980957 134
1745877198484 4.775659084320068 135
1745877202164 4.757975101470947 136
1745877206700 4.771247386932373 137
1745877210387 4.7190399169921875 138
1745877214087 4.794343948364258 139
1745877218629 4.7334513664245605 140
1745877222321 4.722031116485596 141
1745877226004 4.759562969207764 142
1745877230117 4.679263591766357 143
1745877234028 4.744020938873291 144
1745877237706 4.776976585388184 145
1745877241378 4.7737908363342285 146
1745877245766 4.8198561668396 147
1745877249480 4.828711986541748 148
1745877253155 4.679511070251465 149
1745877257675 4.745227813720703 150
1745877261356 4.780091285705566 151
1745877265055 4.782237529754639 152
1745877269363 4.629556655883789 153
1745877273171 4.641199588775635 154
1745877276867 4.681748390197754 155
1745877280726 4.722701072692871 156
1745877284908 4.817765235900879 157
1745877288577 4.663973808288574 158
1745877292268 4.738971710205078 159
1745877296784 4.7371697425842285 160
1745877298887 4.811782360076904 161
1745877630629 4.723895072937012 162
1745877634376 4.551877021789551 163
1745877638064 4.574580192565918 164
1745877642644 4.617894172668457 165
1745877646324 4.687918663024902 166
1745877650025 4.630484104156494 167
1745877654416 4.588688850402832 168
1745877658200 4.573714256286621 169
1745877661903 4.537581443786621 170
1745877665768 4.675644397735596 171
1745877669902 4.601846694946289 172
1745877673605 4.681702136993408 173
1745877677315 4.58727502822876 174
1745877681820 4.5639848709106445 175
1745877685535 4.57942008972168 176
1745877689199 4.518660545349121 177
1745877693710 4.645195007324219 178
1745877697401 4.682147979736328 179
1745877701086 4.598302841186523 180
1745877705329 4.661757946014404 181
1745877709254 4.633843421936035 182
1745877712942 4.643347263336182 183
1745877716631 4.600175380706787 184
1745877721020 4.632310390472412 185
1745877724699 4.548023700714111 186
1745877728377 4.589739799499512 187
1745877732955 4.600527763366699 188
1745877736627 4.516949653625488 189
1745877740325 4.622600555419922 190
1745877744601 4.549166679382324 191
1745877748446 4.58866024017334 192
1745877752130 4.593646049499512 193
1745877755873 4.581310272216797 194
1745877760168 4.484717845916748 195
1745877763879 4.608445167541504 196
1745877767569 4.631153106689453 197
1745877772125 4.558343887329102 198
1745877775831 4.6007513999938965 199
1745877779539 4.676670551300049 200
1745877784060 4.545536518096924 201
1745877787768 4.511122703552246 202
1745877791477 4.620922565460205 203
1745877795502 4.5703935623168945 204
1745877799459 4.648866653442383 205
1745877803149 4.548567295074463 206
1745877806820 4.69866418838501 207
1745877811267 4.603057861328125 208
1745877814957 4.579346656799316 209
1745877818638 4.605179309844971 210
1745877823175 4.574011325836182 211
1745877826852 4.57439661026001 212
1745877830529 4.522360324859619 213
1745877834736 4.599714756011963 214
1745877838601 4.431441307067871 215
1745877842310 4.510637283325195 216
1745877846036 4.520741939544678 217
1745877850371 4.61405086517334 218
1745877854073 4.449917793273926 219
1745877857759 4.517462253570557 220
1745877862283 4.589269161224365 221
1745877865975 4.48807430267334 222
1745877869642 4.5505452156066895 223
1745877874063 4.522733211517334 224
1745877877824 4.557701587677002 225
1745877881544 4.539673805236816 226
1745877885460 4.455517292022705 227
1745877889560 4.456258773803711 228
1745877893280 4.63665771484375 229
1745877896968 4.50950813293457 230
1745877901490 4.618630409240723 231
1745877905178 4.514918804168701 232
1745877908871 4.391535758972168 233
1745877913422 4.479437351226807 234
1745877917105 4.457266330718994 235
1745877920802 4.6097235679626465 236
1745877924903 4.452794075012207 237
1745877928805 4.58427619934082 238
1745877932491 4.505695343017578 239
1745877936172 4.597398281097412 240
1745877940575 4.463512897491455 241
1745877942675 4.54211950302124 242
1745878430482 4.389779567718506 243
1745878434211 4.362304210662842 244
1745878438099 4.475691795349121 245
1745878442277 4.508742809295654 246
1745878445966 4.33056116104126 247
1745878449662 4.426808834075928 248
1745878454214 4.426950931549072 249
1745878457903 4.437215328216553 250
1745878461593 4.421067714691162 251
1745878466110 4.392457962036133 252
1745878469827 4.416083812713623 253
1745878473534 4.380929470062256 254
1745878477620 4.434492111206055 255
1745878481521 4.3965067863464355 256
1745878485233 4.467270851135254 257
1745878488918 4.421170711517334 258
1745878493297 4.382267951965332 259
1745878496980 4.39595890045166 260
1745878500699 4.459837913513184 261
1745878505208 4.431694507598877 262
1745878508893 4.434639930725098 263
1745878512580 4.4221906661987305 264
1745878516849 4.434045314788818 265
1745878520678 4.505148887634277 266
1745878524367 4.373178958892822 267
1745878528136 4.331737041473389 268
1745878532431 4.426563262939453 269
1745878536112 4.409439563751221 270
1745878539809 4.409839630126953 271
1745878544332 4.3250651359558105 272
1745878548014 4.404324531555176 273
1745878551708 4.42633056640625 274
1745878556140 4.3848161697387695 275
1745878559878 4.406798362731934 276
1745878563579 4.393227577209473 277
1745878567567 4.460958003997803 278
1745878571603 4.513579845428467 279
1745878575306 4.437752723693848 280
1745878578999 4.341860771179199 281
1745878583456 4.478598117828369 282
1745878587154 4.365865230560303 283
1745878590833 4.494570255279541 284
1745878595357 4.414195537567139 285
1745878599050 4.352931022644043 286
1745878602742 4.496774673461914 287
1745878606970 4.338730812072754 288
1745878610806 4.465372562408447 289
1745878614505 4.422545909881592 290
1745878618201 4.388498783111572 291
1745878622534 4.3579840660095215 292
1745878626201 4.499237060546875 293
1745878629889 4.461153984069824 294
1745878634480 4.432717800140381 295
1745878638164 4.375391960144043 296
1745878641837 4.452352046966553 297
1745878646296 4.452913284301758 298
1745878650028 4.428023815155029 299
1745878653724 4.411428451538086 300
1745878657704 4.406441688537598 301
1745878661738 4.411060810089111 302
1745878665453 4.435635089874268 303
1745878669129 4.465418815612793 304
1745878673576 4.23900032043457 305
1745878677258 4.444453239440918 306
1745878680993 4.347466468811035 307
1745878685537 4.380756855010986 308
1745878689219 4.443294525146484 309
1745878692907 4.441892623901367 310
1745878697211 4.4274749755859375 311
1745878701051 4.315131664276123 312
1745878704748 4.442748546600342 313
1745878708519 4.349693298339844 314
1745878712759 4.359800338745117 315
1745878716449 4.413744926452637 316
1745878720122 4.549969673156738 317
1745878724648 4.3304548263549805 318
1745878728313 4.369535446166992 319
1745878732022 4.478425025939941 320
1745878736549 4.152755260467529 321
1745878740245 4.523617267608643 322
1745878742345 4.424070358276367 323
