1745876242213 0.0 0
1745876245910 0.026120269671082497 1
1745876250201 0.06069911643862724 2
1745876254094 0.05876367166638374 3
1745876257837 0.06488411128520966 4
1745876261630 0.06663177162408829 5
1745876265967 0.06511770188808441 6
1745876269649 0.06576980650424957 7
1745876273362 0.06076174974441528 8
1745876277995 0.06005987897515297 9
1745876281695 0.061570826917886734 10
1745876285410 0.06390748918056488 11
1745876289856 0.06910017132759094 12
1745876293706 0.06468941271305084 13
1745876297437 0.07015522569417953 14
1745876301319 0.07153183966875076 15
1745876305574 0.07496251910924911 16
1745876309269 0.07563025504350662 17
1745876312967 0.07341849058866501 18
1745876317579 0.08174551278352737 19
1745876321262 0.08001759648323059 20
1745876324953 0.07849051058292389 21
1745876329336 0.08588199317455292 22
1745876333141 0.0902918204665184 23
1745876336846 0.09393370896577835 24
1745876340683 0.10119951516389847 25
1745876344897 0.10313453525304794 26
1745876348589 0.11431295424699783 27
1745876352263 0.11462320387363434 28
1745876356855 0.11006684601306915 29
1745876360531 0.11984892189502716 30
1745876364221 0.12107161432504654 31
1745876368667 0.12969143688678741 32
1745876372440 0.12683209776878357 33
1745876376139 0.12743471562862396 34
1745876379994 0.12586532533168793 35
1745876384212 0.1307716965675354 36
1745876387905 0.1289595365524292 37
1745876391611 0.14301173388957977 38
1745876396170 0.13877636194229126 39
1745876399865 0.1383296102285385 40
1745876403564 0.14154669642448425 41
1745876408040 0.14298169314861298 42
1745876411781 0.14476378262043 43
1745876415464 0.1502746194601059 44
1745876419353 0.15203464031219482 45
1745876423557 0.15772627294063568 46
1745876427261 0.1549147069454193 47
1745876430947 0.15185868740081787 48
1745876435522 0.15959899127483368 49
1745876439199 0.15214088559150696 50
1745876442877 0.15957587957382202 51
1745876447353 0.1587488055229187 52
1745876451082 0.16043230891227722 53
1745876454793 0.1596129834651947 54
1745876458756 0.1628239005804062 55
1745876462884 0.1738935112953186 56
1745876466587 0.16490040719509125 57
1745876470277 0.1666100174188614 58
1745876474771 0.16018052399158478 59
1745876478446 0.1735801249742508 60
1745876482116 0.1698681265115738 61
1745876486615 0.17496991157531738 62
1745876490308 0.1675257682800293 63
1745876494008 0.17512433230876923 64
1745876498100 0.17883610725402832 65
1745876501992 0.17323969304561615 66
1745876505684 0.1637738198041916 67
1745876509377 0.1773584932088852 68
1745876513750 0.1688145101070404 69
1745876517451 0.18064826726913452 70
1745876521166 0.17485110461711884 71
1745876525736 0.17571714520454407 72
1745876529430 0.18785782158374786 73
1745876533101 0.18590424954891205 74
1745876537449 0.1816200315952301 75
1745876541225 0.18385036289691925 76
1745876544934 0.17919525504112244 77
1745876548780 0.18217739462852478 78
1745876552970 0.1890040934085846 79
1745876555067 0.18927522003650665 80
1745876987534 0.1849707067012787 81
1745876991230 0.1925443559885025 82
1745876994931 0.18620456755161285 83
1745876999365 0.18673187494277954 84
1745877003108 0.1940966546535492 85
1745877006796 0.18147824704647064 86
1745877010794 0.18234369158744812 87
1745877014817 0.19389551877975464 88
1745877018488 0.17824824154376984 89
1745877022179 0.19182372093200684 90
1745877026619 0.19423119723796844 91
1745877030296 0.19022351503372192 92
1745877033978 0.1853286623954773 93
1745877038528 0.1777930110692978 94
1745877042225 0.20382633805274963 95
1745877045923 0.19628529250621796 96
1745877050138 0.19385328888893127 97
1745877053991 0.1978520154953003 98
1745877057695 0.20881281793117523 99
1745877061421 0.1941172182559967 100
1745877065722 0.20552396774291992 101
1745877069415 0.19834382832050323 102
1745877073094 0.21001285314559937 103
1745877077623 0.20504140853881836 104
1745877081306 0.19638201594352722 105
1745877085007 0.19387896358966827 106
1745877089421 0.19705724716186523 107
1745877093164 0.196245476603508 108
1745877096840 0.19835016131401062 109
1745877100819 0.20456165075302124 110
1745877104876 0.20183542370796204 111
1745877108545 0.200809046626091 112
1745877112223 0.20640158653259277 113
1745877116704 0.21865035593509674 114
1745877120400 0.20201115310192108 115
1745877124091 0.20842482149600983 116
1745877128636 0.21702364087104797 117
1745877132318 0.1942841112613678 118
1745877136003 0.19953188300132751 119
1745877140102 0.20550675690174103 120
1745877143994 0.20821449160575867 121
1745877147678 0.2134392410516739 122
1745877151374 0.2120550274848938 123
1745877155724 0.20286628603935242 124
1745877159422 0.21038496494293213 125
1745877163107 0.2049049735069275 126
1745877167619 0.19488345086574554 127
1745877171314 0.2044753134250641 128
1745877174993 0.21319863200187683 129
1745877179344 0.20742256939411163 130
1745877183137 0.20725958049297333 131
1745877186810 0.21951983869075775 132
1745877190643 0.21393389999866486 133
1745877194808 0.21240834891796112 134
1745877198484 0.20670951902866364 135
1745877202164 0.21545358002185822 136
1745877206700 0.20919935405254364 137
1745877210387 0.21158097684383392 138
1745877214087 0.2049836367368698 139
1745877218629 0.21119311451911926 140
1745877222321 0.2170001119375229 141
1745877226004 0.21357367932796478 142
1745877230117 0.2235974371433258 143
1745877234028 0.21910113096237183 144
1745877237706 0.21282905340194702 145
1745877241378 0.21823635697364807 146
1745877245766 0.2065306156873703 147
1745877249480 0.2140865921974182 148
1745877253155 0.21968509256839752 149
1745877257675 0.2098272740840912 150
1745877261356 0.20960336923599243 151
1745877265055 0.20805443823337555 152
1745877269363 0.2257455438375473 153
1745877273171 0.2190348207950592 154
1745877276867 0.2243049442768097 155
1745877280726 0.2179664820432663 156
1745877284908 0.21452568471431732 157
1745877288577 0.22585518658161163 158
1745877292268 0.21186916530132294 159
1745877296784 0.22502610087394714 160
1745877298887 0.2022988498210907 161
1745877630629 0.21132980287075043 162
1745877634376 0.23191657662391663 163
1745877638064 0.23446032404899597 164
1745877642644 0.2225852757692337 165
1745877646324 0.21452876925468445 166
1745877650025 0.21946851909160614 167
1745877654416 0.22686420381069183 168
1745877658200 0.22752420604228973 169
1745877661903 0.23085486888885498 170
1745877665768 0.22021713852882385 171
1745877669902 0.22787347435951233 172
1745877673605 0.22867491841316223 173
1745877677315 0.22618840634822845 174
1745877681820 0.22970658540725708 175
1745877685535 0.23571054637432098 176
1745877689199 0.23418547213077545 177
1745877693710 0.22180277109146118 178
1745877697401 0.21559083461761475 179
1745877701086 0.22203566133975983 180
1745877705329 0.22082561254501343 181
1745877709254 0.2263670712709427 182
1745877712942 0.21920020878314972 183
1745877716631 0.2180415391921997 184
1745877721020 0.22368338704109192 185
1745877724699 0.2324780523777008 186
1745877728377 0.22791343927383423 187
1745877732955 0.22714819014072418 188
1745877736627 0.23549719154834747 189
1745877740325 0.2259158194065094 190
1745877744601 0.23327553272247314 191
1745877748446 0.22678059339523315 192
1745877752130 0.22647462785243988 193
1745877755873 0.23129604756832123 194
1745877760168 0.23540420830249786 195
1745877763879 0.22453348338603973 196
1745877767569 0.22476190328598022 197
1745877772125 0.22949324548244476 198
1745877775831 0.23182542622089386 199
1745877779539 0.2247575968503952 200
1745877784060 0.23130613565444946 201
1745877787768 0.2332289069890976 202
1745877791477 0.22067679464817047 203
1745877795502 0.2273986041545868 204
1745877799459 0.22196751832962036 205
1745877803149 0.23188115656375885 206
1745877806820 0.2220444530248642 207
1745877811267 0.2213626652956009 208
1745877814957 0.22903861105442047 209
1745877818638 0.2328590601682663 210
1745877823175 0.23222939670085907 211
1745877826852 0.22899159789085388 212
1745877830529 0.2340947985649109 213
1745877834736 0.22296586632728577 214
1745877838601 0.24238216876983643 215
1745877842310 0.23474757373332977 216
1745877846036 0.2318652868270874 217
1745877850371 0.22206030786037445 218
1745877854073 0.23286639153957367 219
1745877857759 0.23752889037132263 220
1745877862283 0.22208648920059204 221
1745877865975 0.2345248907804489 222
1745877869642 0.22916246950626373 223
1745877874063 0.236859530210495 224
1745877877824 0.235116109251976 225
1745877881544 0.23087793588638306 226
1745877885460 0.24097107350826263 227
1745877889560 0.23224791884422302 228
1745877893280 0.2218473255634308 229
1745877896968 0.23781231045722961 230
1745877901490 0.2308293581008911 231
1745877905178 0.2304954081773758 232
1745877908871 0.24795468151569366 233
1745877913422 0.2382732629776001 234
1745877917105 0.24220706522464752 235
1745877920802 0.2300095111131668 236
1745877924903 0.23420168459415436 237
1745877928805 0.23768360912799835 238
1745877932491 0.23621898889541626 239
1745877936172 0.2258741706609726 240
1745877940575 0.23617927730083466 241
1745877942675 0.23278272151947021 242
1745878430482 0.24104741215705872 243
1745878434211 0.24806112051010132 244
1745878438099 0.23038651049137115 245
1745878442277 0.22515642642974854 246
1745878445966 0.24615046381950378 247
1745878449662 0.23408059775829315 248
1745878454214 0.23535919189453125 249
1745878457903 0.23770207166671753 250
1745878461593 0.2343495786190033 251
1745878466110 0.24789118766784668 252
1745878469827 0.24058350920677185 253
1745878473534 0.23748308420181274 254
1745878477620 0.2442050576210022 255
1745878481521 0.2338213473558426 256
1745878485233 0.23291492462158203 257
1745878488918 0.2341594696044922 258
1745878493297 0.24508753418922424 259
1745878496980 0.2410394251346588 260
1745878500699 0.2364421933889389 261
1745878505208 0.24034661054611206 262
1745878508893 0.23414218425750732 263
1745878512580 0.2356729358434677 264
1745878516849 0.22974342107772827 265
1745878520678 0.23979894816875458 266
1745878524367 0.2370983511209488 267
1745878528136 0.24336424469947815 268
1745878532431 0.23900160193443298 269
1745878536112 0.2501683235168457 270
1745878539809 0.23975449800491333 271
1745878544332 0.2528432309627533 272
1745878548014 0.24323932826519012 273
1745878551708 0.24153175950050354 274
1745878556140 0.24232159554958344 275
1745878559878 0.24707111716270447 276
1745878563579 0.24762243032455444 277
1745878567567 0.24076122045516968 278
1745878571603 0.2313159704208374 279
1745878575306 0.23858389258384705 280
1745878578999 0.2447388917207718 281
1745878583456 0.23631630837917328 282
1745878587154 0.24135459959506989 283
1745878590833 0.23475630581378937 284
1745878595357 0.243357852101326 285
1745878599050 0.2472187876701355 286
1745878602742 0.22969360649585724 287
1745878606970 0.24924708902835846 288
1745878610806 0.24380995333194733 289
1745878614505 0.24906818568706512 290
1745878618201 0.24498885869979858 291
1745878622534 0.25246337056159973 292
1745878626201 0.2376398891210556 293
1745878629889 0.23024572432041168 294
1745878634480 0.23122429847717285 295
1745878638164 0.2506009638309479 296
1745878641837 0.23920363187789917 297
1745878646296 0.24133768677711487 298
1745878650028 0.23543959856033325 299
1745878653724 0.2403544932603836 300
1745878657704 0.2442898005247116 301
1745878661738 0.23864510655403137 302
1745878665453 0.23971334099769592 303
1745878669129 0.2389618456363678 304
1745878673576 0.25702089071273804 305
1745878677258 0.23819856345653534 306
1745878680993 0.25220319628715515 307
1745878685537 0.24448394775390625 308
1745878689219 0.23579712212085724 309
1745878692907 0.23881936073303223 310
1745878697211 0.2379811555147171 311
1745878701051 0.24802644550800323 312
1745878704748 0.23583033680915833 313
1745878708519 0.2501554489135742 314
1745878712759 0.24938365817070007 315
1745878716449 0.23837830126285553 316
1745878720122 0.22991058230400085 317
1745878724648 0.2512281537055969 318
1745878728313 0.24711382389068604 319
1745878732022 0.2384396642446518 320
1745878736549 0.27218806743621826 321
1745878740245 0.22938509285449982 322
1745878742345 0.24153918027877808 323
