1745265567913 2.3439807891845703 0
1745265570246 2.1419854164123535 1
1745265572539 2.142347812652588 2
1745265574835 2.1531424522399902 3
1745265577151 2.1455724239349365 4
1745265579450 1.753355860710144 5
1745265581851 1.7438337802886963 6
1745265584175 1.7482538223266602 7
1745265586470 1.7662376165390015 8
1745265588781 1.71356201171875 9
1745265591073 1.7086986303329468 10
1745265593444 1.690783977508545 11
1745265595769 1.6865373849868774 12
1745265598089 1.7638752460479736 13
1745265600391 1.7543448209762573 14
1745265602682 1.7747634649276733 15
1745265604976 1.781088948249817 16
1745265607325 1.693688154220581 17
1745265609621 1.6756482124328613 18
1745265611929 1.6836135387420654 19
1745265614217 1.6817601919174194 20
1745265616518 1.6778312921524048 21
1745265618962 1.6748863458633423 22
1745265621265 1.6783097982406616 23
1745265623571 1.6741645336151123 24
1745265625887 1.643951654434204 25
1745265628194 1.6348963975906372 26
1745265630652 1.6342377662658691 27
1745265632987 1.633610486984253 28
1745265635293 1.6110970973968506 29
1745265637594 1.5968321561813354 30
1745265639890 1.604164719581604 31
1745265642302 1.6084356307983398 32
1745265644627 1.609601378440857 33
1745265646931 1.5929323434829712 34
1745265649238 1.6052740812301636 35
1745265651542 1.5869929790496826 36
1745265653971 1.6119041442871094 37
1745265656264 1.6283339262008667 38
1745265658558 1.60651695728302 39
1745265660866 1.593182921409607 40
1745265663180 1.6062976121902466 41
1745265665591 1.592992901802063 42
1745265667931 1.5867632627487183 43
1745265670241 1.5967804193496704 44
1745265672536 1.6121736764907837 45
1745265674840 1.6047476530075073 46
1745265677264 1.6057285070419312 47
1745265679591 1.6073271036148071 48
1745265681885 1.5977696180343628 49
1745265684195 1.6012775897979736 50
1745265686497 1.6001043319702148 51
1745265688829 1.585173487663269 52
1745265691120 1.582202672958374 53
1745265693446 1.587609887123108 54
1745265695737 1.5934888124465942 55
1745265698044 1.58815336227417 56
1745265700356 1.5840290784835815 57
1745265702727 1.5704536437988281 58
1745265705046 1.576166033744812 59
1745265706747 1.5955414772033691 60
1745265766504 1.5774953365325928 61
1745265768816 1.5752387046813965 62
1745265771127 1.580359935760498 63
1745265773572 1.584570288658142 64
1745265775922 1.5818318128585815 65
1745265778230 1.586452603340149 66
1745265780535 1.5883569717407227 67
1745265782824 1.562281847000122 68
1745265785269 1.5767579078674316 69
1745265787636 1.5878058671951294 70
1745265789938 1.567850947380066 71
1745265792232 1.573216199874878 72
1745265794534 1.5823105573654175 73
1745265796954 1.5699570178985596 74
1745265799271 1.5685131549835205 75
1745265801564 1.5687987804412842 76
1745265803854 1.573129653930664 77
1745265806168 1.5717053413391113 78
1745265808609 1.5796836614608765 79
1745265810974 1.582391381263733 80
1745265813278 1.567725419998169 81
1745265815585 1.5680192708969116 82
1745265817876 1.5802279710769653 83
1745265820192 1.5706446170806885 84
1745265822502 1.5816179513931274 85
1745265824805 1.5724257230758667 86
1745265827086 1.5824379920959473 87
1745265829391 1.5634459257125854 88
1745265831682 1.5675565004348755 89
1745265834115 1.561870813369751 90
1745265836401 1.5688612461090088 91
1745265838692 1.5715351104736328 92
1745265840990 1.559000849723816 93
1745265843320 1.5659760236740112 94
1745265845754 1.5718469619750977 95
1745265848083 1.5755412578582764 96
1745265850392 1.5642900466918945 97
1745265852682 1.5657964944839478 98
1745265854987 1.562031626701355 99
1745265857413 1.566086769104004 100
1745265859718 1.564354419708252 101
1745265862004 1.5764573812484741 102
1745265864295 1.5514672994613647 103
1745265866580 1.5626444816589355 104
1745265868970 1.5787181854248047 105
1745265871262 1.571262240409851 106
1745265873571 1.5504271984100342 107
1745265875871 1.5778719186782837 108
1745265878176 1.55870521068573 109
1745265880568 1.56306791305542 110
1745265882892 1.5845540761947632 111
1745265885190 1.569594383239746 112
1745265887499 1.5599910020828247 113
1745265889790 1.5745649337768555 114
1745265892105 1.562231183052063 115
1745265894427 1.556908130645752 116
1745265896720 1.5597357749938965 117
1745265899021 1.5691721439361572 118
1745265901312 1.5486485958099365 119
1745265903599 1.5653746128082275 120
1745265905380 1.5615615844726562 121
1745265965338 1.5547235012054443 122
1745265967651 1.5535337924957275 123
1745265969952 1.555565595626831 124
1745265972244 1.5572725534439087 125
1745265974545 1.5667788982391357 126
1745265976948 1.5644848346710205 127
1745265979285 1.5673860311508179 128
1745265981593 1.5642619132995605 129
1745265983911 1.555116057395935 130
1745265986238 1.5495548248291016 131
1745265988645 1.565453052520752 132
1745265990983 1.5584275722503662 133
1745265993277 1.5726368427276611 134
1745265995576 1.552798867225647 135
1745265997881 1.563437581062317 136
1745266000301 1.5748153924942017 137
1745266002630 1.5624449253082275 138
1745266004951 1.5628548860549927 139
1745266007260 1.5724557638168335 140
1745266009564 1.5518972873687744 141
1745266011888 1.5568562746047974 142
1745266014216 1.557986855506897 143
1745266016518 1.552577257156372 144
1745266018811 1.554085612297058 145
1745266021103 1.563849687576294 146
1745266023421 1.5488507747650146 147
1745266025789 1.5635789632797241 148
1745266028126 1.5631810426712036 149
1745266030429 1.559449315071106 150
1745266032733 1.5669702291488647 151
1745266035035 1.5448942184448242 152
1745266037465 1.5559401512145996 153
1745266039766 1.5551161766052246 154
1745266042070 1.5699436664581299 155
1745266044375 1.5559611320495605 156
1745266046673 1.547752857208252 157
1745266049080 1.5548827648162842 158
1745266051392 1.5668619871139526 159
1745266053686 1.5629576444625854 160
1745266055977 1.5663479566574097 161
1745266058284 1.5540353059768677 162
1745266060701 1.546764850616455 163
1745266063056 1.5613218545913696 164
1745266065361 1.5679806470870972 165
1745266067664 1.5454862117767334 166
1745266069972 1.5621249675750732 167
1745266072330 1.5640499591827393 168
1745266074637 1.5762593746185303 169
1745266076940 1.5613023042678833 170
1745266079250 1.5529452562332153 171
1745266081544 1.5660487413406372 172
1745266083963 1.5618293285369873 173
1745266086282 1.5597114562988281 174
1745266088589 1.560145616531372 175
1745266090886 1.5426833629608154 176
1745266093212 1.5541903972625732 177
1745266095568 1.5508182048797607 178
1745266097909 1.543623447418213 179
1745266100213 1.555361270904541 180
1745266102513 1.5518743991851807 181
1745266104195 1.5697247982025146 182
1745266164069 1.551377773284912 183
1745266166383 1.5495002269744873 184
1745266168871 1.5516399145126343 185
1745266171174 1.551330327987671 186
1745266173486 1.5551947355270386 187
1745266175788 1.558760643005371 188
1745266178088 1.5512994527816772 189
1745266180516 1.5605117082595825 190
1745266182824 1.5512739419937134 191
1745266185143 1.5621930360794067 192
1745266187443 1.542387843132019 193
1745266189742 1.5715628862380981 194
1745266192129 1.5630899667739868 195
1745266194441 1.5454257726669312 196
1745266196739 1.560165524482727 197
1745266199033 1.5578783750534058 198
1745266201329 1.5580025911331177 199
1745266203790 1.5508418083190918 200
1745266206123 1.5477988719940186 201
1745266208424 1.5657460689544678 202
1745266210720 1.5685906410217285 203
1745266213036 1.5629701614379883 204
1745266215455 1.5504823923110962 205
1745266217781 1.5719332695007324 206
1745266220083 1.5500448942184448 207
1745266222380 1.5666955709457397 208
1745266224677 1.5501352548599243 209
1745266227080 1.5544776916503906 210
1745266229410 1.5525734424591064 211
1745266231720 1.5684106349945068 212
1745266234016 1.5610709190368652 213
1745266236328 1.552528738975525 214
1745266238661 1.552924394607544 215
1745266240967 1.547767996788025 216
1745266243264 1.5519403219223022 217
1745266245559 1.557417392730713 218
1745266247861 1.56055748462677 219
1745266250148 1.5657899379730225 220
1745266252499 1.5504661798477173 221
1745266254783 1.5451171398162842 222
1745266257093 1.5681637525558472 223
1745266259399 1.5490297079086304 224
1745266261695 1.5753406286239624 225
1745266264136 1.5628021955490112 226
1745266266444 1.5459935665130615 227
1745266268753 1.5475130081176758 228
1745266271058 1.5532751083374023 229
1745266273369 1.5670585632324219 230
1745266275773 1.5478280782699585 231
1745266278088 1.561495304107666 232
1745266280447 1.556892991065979 233
1745266282743 1.5576900243759155 234
1745266285042 1.5554568767547607 235
1745266287423 1.5470880270004272 236
1745266289731 1.5505305528640747 237
1745266292026 1.5637400150299072 238
1745266294332 1.5591413974761963 239
1745266296630 1.5575404167175293 240
1745266299067 1.5617445707321167 241
1745266301378 1.542708396911621 242
1745266303059 1.5643866062164307 243
1745266362550 1.5486681461334229 244
1745266364848 1.544587254524231 245
1745266367149 1.5568128824234009 246
1745266369446 1.5578186511993408 247
1745266371752 1.5641262531280518 248
1745266374057 1.5556187629699707 249
1745266376346 1.553442120552063 250
1745266378655 1.542075514793396 251
1745266380951 1.5517219305038452 252
1745266383285 1.5652555227279663 253
1745266385572 1.5667624473571777 254
1745266387881 1.5466399192810059 255
1745266390180 1.5523059368133545 256
1745266392492 1.5488393306732178 257
1745266394919 1.5509018898010254 258
1745266397221 1.5445176362991333 259
1745266399522 1.5522454977035522 260
1745266401834 1.5692862272262573 261
1745266404122 1.5646597146987915 262
1745266406548 1.5576746463775635 263
1745266408866 1.5709468126296997 264
1745266411165 1.5442945957183838 265
1745266413466 1.5531539916992188 266
1745266415770 1.5559195280075073 267
1745266418200 1.5416553020477295 268
1745266420520 1.5621966123580933 269
1745266422837 1.5596908330917358 270
1745266425139 1.5450550317764282 271
1745266427434 1.5555064678192139 272
1745266429811 1.5435234308242798 273
1745266432143 1.5493125915527344 274
1745266434439 1.5633256435394287 275
1745266436740 1.5550113916397095 276
1745266439022 1.5536291599273682 277
1745266441424 1.5578595399856567 278
1745266443738 1.557761549949646 279
1745266446029 1.5571320056915283 280
1745266448331 1.5334450006484985 281
1745266450629 1.5543595552444458 282
1745266452952 1.5623929500579834 283
1745266455265 1.5474516153335571 284
1745266457568 1.5488978624343872 285
1745266459880 1.5565563440322876 286
1745266462185 1.5462757349014282 287
1745266464478 1.558713436126709 288
1745266466792 1.5648515224456787 289
1745266469094 1.5676792860031128 290
1745266471400 1.5539122819900513 291
1745266473700 1.5678462982177734 292
1745266475999 1.569959282875061 293
1745266478438 1.560003399848938 294
1745266480751 1.5513758659362793 295
1745266483058 1.5518447160720825 296
1745266485355 1.5601307153701782 297
1745266487688 1.5514291524887085 298
1745266490107 1.5513759851455688 299
1745266492423 1.5664491653442383 300
1745266494737 1.5730448961257935 301
1745266497052 1.5704857110977173 302
1745266499365 1.5596901178359985 303
1745266501165 1.5629692077636719 304
