1745265567913 5.975500607746653e-05 0
1745265570246 0.06941089034080505 1
1745265572539 0.0758681446313858 2
1745265574835 0.0671166405081749 3
1745265577151 0.06782549619674683 4
1745265579450 0.06529182195663452 5
1745265581851 0.07056237012147903 6
1745265584175 0.07273789495229721 7
1745265586470 0.07417791336774826 8
1745265588781 0.07452265918254852 9
1745265591073 0.0669005811214447 10
1745265593444 0.06784220039844513 11
1745265595769 0.07484505325555801 12
1745265598089 0.0735795646905899 13
1745265600391 0.06919370591640472 14
1745265602682 0.06981054693460464 15
1745265604976 0.07203572988510132 16
1745265607325 0.07319298386573792 17
1745265609621 0.07478077709674835 18
1745265611929 0.0711868554353714 19
1745265614217 0.07034404575824738 20
1745265616518 0.06765194237232208 21
1745265618962 0.07640605419874191 22
1745265621265 0.07472917437553406 23
1745265623571 0.06724993139505386 24
1745265625887 0.06990207731723785 25
1745265628194 0.07617779821157455 26
1745265630652 0.07301849871873856 27
1745265632987 0.0753166526556015 28
1745265635293 0.06839385628700256 29
1745265637594 0.07223335653543472 30
1745265639890 0.07452890276908875 31
1745265642302 0.07122056186199188 32
1745265644627 0.07582796365022659 33
1745265646931 0.07382194697856903 34
1745265649238 0.07036705315113068 35
1745265651542 0.0753382071852684 36
1745265653971 0.07244785875082016 37
1745265656264 0.07031428068876266 38
1745265658558 0.06967856734991074 39
1745265660866 0.07215467095375061 40
1745265663180 0.07193782925605774 41
1745265665591 0.07341436296701431 42
1745265667931 0.0720127522945404 43
1745265670241 0.07567289471626282 44
1745265672536 0.06846046447753906 45
1745265674840 0.07284984737634659 46
1745265677264 0.06624077260494232 47
1745265679591 0.060913704335689545 48
1745265681885 0.06580384820699692 49
1745265684195 0.07589153945446014 50
1745265686497 0.07199843972921371 51
1745265688829 0.06721585988998413 52
1745265691120 0.07202019542455673 53
1745265693446 0.07305049151182175 54
1745265695737 0.07058193534612656 55
1745265698044 0.07532866299152374 56
1745265700356 0.07022558897733688 57
1745265702727 0.07380156219005585 58
1745265705046 0.07334647327661514 59
1745265706747 0.06603571027517319 60
1745265766504 0.07156627625226974 61
1745265768816 0.06854770332574844 62
1745265771127 0.07502281665802002 63
1745265773572 0.06902145594358444 64
1745265775922 0.06783900409936905 65
1745265778230 0.06655745953321457 66
1745265780535 0.07505914568901062 67
1745265782824 0.07535690814256668 68
1745265785269 0.07792501151561737 69
1745265787636 0.07362055778503418 70
1745265789938 0.07921788841485977 71
1745265792232 0.07167793065309525 72
1745265794534 0.07104400545358658 73
1745265796954 0.07144028693437576 74
1745265799271 0.07146350294351578 75
1745265801564 0.06941621005535126 76
1745265803854 0.06920714676380157 77
1745265806168 0.07627294957637787 78
1745265808609 0.07307769358158112 79
1745265810974 0.06897499412298203 80
1745265813278 0.07139146327972412 81
1745265815585 0.07166677713394165 82
1745265817876 0.07062466442584991 83
1745265820192 0.07173311710357666 84
1745265822502 0.06793305277824402 85
1745265824805 0.07072144001722336 86
1745265827086 0.06668616831302643 87
1745265829391 0.07464049011468887 88
1745265831682 0.07651256024837494 89
1745265834115 0.07176589220762253 90
1745265836401 0.0710001215338707 91
1745265838692 0.07734878361225128 92
1745265840990 0.07653738558292389 93
1745265843320 0.07186489552259445 94
1745265845754 0.07049453258514404 95
1745265848083 0.07056412845849991 96
1745265850392 0.06837888807058334 97
1745265852682 0.073854960501194 98
1745265854987 0.06786085665225983 99
1745265857413 0.066891148686409 100
1745265859718 0.07395804673433304 101
1745265862004 0.0696495920419693 102
1745265864295 0.07483047246932983 103
1745265866580 0.06964297592639923 104
1745265868970 0.06554102152585983 105
1745265871262 0.06539100408554077 106
1745265873571 0.07702936232089996 107
1745265875871 0.07221318036317825 108
1745265878176 0.07102002203464508 109
1745265880568 0.07342933118343353 110
1745265882892 0.06397654861211777 111
1745265885190 0.06884242594242096 112
1745265887499 0.073096364736557 113
1745265889790 0.07510288059711456 114
1745265892105 0.07307914644479752 115
1745265894427 0.07263828814029694 116
1745265896720 0.06783586740493774 117
1745265899021 0.06697867065668106 118
1745265901312 0.07298578321933746 119
1745265903599 0.07173147052526474 120
1745265905380 0.07257160544395447 121
1745265965338 0.0737050473690033 122
1745265967651 0.07278405129909515 123
1745265969952 0.0747389867901802 124
1745265972244 0.07045131176710129 125
1745265974545 0.07121286541223526 126
1745265976948 0.07131098955869675 127
1745265979285 0.07221922278404236 128
1745265981593 0.07052811235189438 129
1745265983911 0.07260096818208694 130
1745265986238 0.06943031400442123 131
1745265988645 0.07422540336847305 132
1745265990983 0.06623102724552155 133
1745265993277 0.0697980672121048 134
1745265995576 0.07158699631690979 135
1745265997881 0.07500170171260834 136
1745266000301 0.06997813284397125 137
1745266002630 0.06824562698602676 138
1745266004951 0.0719708502292633 139
1745266007260 0.06715298444032669 140
1745266009564 0.07288406789302826 141
1745266011888 0.07121265679597855 142
1745266014216 0.06788379698991776 143
1745266016518 0.07630462199449539 144
1745266018811 0.07071567326784134 145
1745266021103 0.07229673117399216 146
1745266023421 0.07363403588533401 147
1745266025789 0.0731225311756134 148
1745266028126 0.07553302496671677 149
1745266030429 0.07142380625009537 150
1745266032733 0.06695733219385147 151
1745266035035 0.07431364804506302 152
1745266037465 0.07054464519023895 153
1745266039766 0.07428188621997833 154
1745266042070 0.07336992025375366 155
1745266044375 0.07744059711694717 156
1745266046673 0.06943083554506302 157
1745266049080 0.06949734687805176 158
1745266051392 0.06842342019081116 159
1745266053686 0.06450017541646957 160
1745266055977 0.07667959481477737 161
1745266058284 0.06618327647447586 162
1745266060701 0.07585068047046661 163
1745266063056 0.07899278402328491 164
1745266065361 0.07281339168548584 165
1745266067664 0.07251852005720139 166
1745266069972 0.07085517793893814 167
1745266072330 0.07389606535434723 168
1745266074637 0.06573918461799622 169
1745266076940 0.06930693238973618 170
1745266079250 0.07119769603013992 171
1745266081544 0.07122799754142761 172
1745266083963 0.07165667414665222 173
1745266086282 0.06907251477241516 174
1745266088589 0.07045207172632217 175
1745266090886 0.08051909506320953 176
1745266093212 0.0687430277466774 177
1745266095568 0.07342842221260071 178
1745266097909 0.06291795521974564 179
1745266100213 0.07396489381790161 180
1745266102513 0.06857673078775406 181
1745266104195 0.0751354843378067 182
1745266164069 0.07445426285266876 183
1745266166383 0.0672723576426506 184
1745266168871 0.0701194554567337 185
1745266171174 0.07344671338796616 186
1745266173486 0.0665593147277832 187
1745266175788 0.06829964369535446 188
1745266178088 0.06931331753730774 189
1745266180516 0.06599286198616028 190
1745266182824 0.0767100527882576 191
1745266185143 0.0711471438407898 192
1745266187443 0.07268273085355759 193
1745266189742 0.06802638620138168 194
1745266192129 0.06825349479913712 195
1745266194441 0.07267821580171585 196
1745266196739 0.07121836394071579 197
1745266199033 0.07140520215034485 198
1745266201329 0.07106520980596542 199
1745266203790 0.076701819896698 200
1745266206123 0.06680773943662643 201
1745266208424 0.07080382853746414 202
1745266210720 0.06767719984054565 203
1745266213036 0.06493296474218369 204
1745266215455 0.07641459256410599 205
1745266217781 0.07085779309272766 206
1745266220083 0.07652129977941513 207
1745266222380 0.0716027170419693 208
1745266224677 0.07442808896303177 209
1745266227080 0.06873325258493423 210
1745266229410 0.07064633816480637 211
1745266231720 0.07068663090467453 212
1745266234016 0.0742482915520668 213
1745266236328 0.07077785581350327 214
1745266238661 0.07230685651302338 215
1745266240967 0.07048235833644867 216
1745266243264 0.0737219825387001 217
1745266245559 0.06921336054801941 218
1745266247861 0.07310441136360168 219
1745266250148 0.07442361861467361 220
1745266252499 0.07023604214191437 221
1745266254783 0.07252959161996841 222
1745266257093 0.06661316007375717 223
1745266259399 0.07154756784439087 224
1745266261695 0.06653603911399841 225
1745266264136 0.07042979449033737 226
1745266266444 0.07801200449466705 227
1745266268753 0.07419747859239578 228
1745266271058 0.0738268494606018 229
1745266273369 0.06897516548633575 230
1745266275773 0.0681377649307251 231
1745266278088 0.06851539015769958 232
1745266280447 0.07892035692930222 233
1745266282743 0.07429152727127075 234
1745266285042 0.07170949131250381 235
1745266287423 0.07167720049619675 236
1745266289731 0.07346159219741821 237
1745266292026 0.07141907513141632 238
1745266294332 0.07232574373483658 239
1745266296630 0.0697082132101059 240
1745266299067 0.07399489730596542 241
1745266301378 0.07727435231208801 242
1745266303059 0.06922995299100876 243
1745266362550 0.0746849775314331 244
1745266364848 0.0671287551522255 245
1745266367149 0.066099151968956 246
1745266369446 0.06807307153940201 247
1745266371752 0.07044345140457153 248
1745266374057 0.06954741477966309 249
1745266376346 0.0720050111413002 250
1745266378655 0.06663437932729721 251
1745266380951 0.07572398334741592 252
1745266383285 0.07236660271883011 253
1745266385572 0.07254224270582199 254
1745266387881 0.07098517566919327 255
1745266390180 0.07732809334993362 256
1745266392492 0.07577668875455856 257
1745266394919 0.07025745511054993 258
1745266397221 0.06970825791358948 259
1745266399522 0.07199857383966446 260
1745266401834 0.06863357871770859 261
1745266404122 0.06723453849554062 262
1745266406548 0.07549341768026352 263
1745266408866 0.07043390721082687 264
1745266411165 0.06649039685726166 265
1745266413466 0.0728161484003067 266
1745266415770 0.07475517690181732 267
1745266418200 0.07707882672548294 268
1745266420520 0.06597448885440826 269
1745266422837 0.06952539831399918 270
1745266425139 0.07433905452489853 271
1745266427434 0.07330299913883209 272
1745266429811 0.06890533119440079 273
1745266432143 0.07332255691289902 274
1745266434439 0.0708075538277626 275
1745266436740 0.06985380500555038 276
1745266439022 0.07207407057285309 277
1745266441424 0.07522356510162354 278
1745266443738 0.0755779892206192 279
1745266446029 0.07197459787130356 280
1745266448331 0.07587149739265442 281
1745266450629 0.06993483752012253 282
1745266452952 0.06508022546768188 283
1745266455265 0.07623349130153656 284
1745266457568 0.0714186280965805 285
1745266459880 0.06716875731945038 286
1745266462185 0.07052481919527054 287
1745266464478 0.07129520922899246 288
1745266466792 0.06844400614500046 289
1745266469094 0.07076090574264526 290
1745266471400 0.07014099508523941 291
1745266473700 0.07381818443536758 292
1745266475999 0.07268431782722473 293
1745266478438 0.07028079777956009 294
1745266480751 0.0725119486451149 295
1745266483058 0.07603900879621506 296
1745266485355 0.0717865601181984 297
1745266487688 0.07255095988512039 298
1745266490107 0.07275830209255219 299
1745266492423 0.07150387763977051 300
1745266494737 0.07111935317516327 301
1745266497052 0.07034383714199066 302
1745266499365 0.0734046921133995 303
1745266501165 0.07320895791053772 304
