1745610069776 0.00034371347283013165 0
1745610074302 0.05757637321949005 1
1745610078061 0.011166025884449482 2
1745610081850 0.011394891887903214 3
1745610086424 0.024996794760227203 4
1745610090130 0.022205164656043053 5
1745610093835 0.0013166556600481272 6
1745610098167 0.00635739928111434 7
1745610102014 0.06435643881559372 8
1745610105727 0.030530400574207306 9
1745610109606 0.0065534887835383415 10
1745610113910 0.004356325138360262 11
1745610117613 0.0027207182720303535 12
1745610121344 0.0 13
1745610125915 0.0026579545810818672 14
1745610129626 0.022796181961894035 15
1745610133336 0.01307753100991249 16
1745610137834 0.00501253129914403 17
1745610141629 0.02297171764075756 18
1745610145328 0.001983995782211423 19
1745610149277 0.007893438450992107 20
1745610153454 0.0010911357821896672 21
1745610157128 0.007398725487291813 22
1745610160855 0.010320044122636318 23
1745610165448 0.05065828934311867 24
1745610169197 0.001963705290108919 25
1745610172897 0.0012734081828966737 26
1745610177456 0.0026623376179486513 27
1745610181170 0.025417786091566086 28
1745610185400 0.012866045348346233 29
1745610190108 0.03349899873137474 30
1745610193904 0.02545499987900257 31
1745610197673 0.02684149704873562 32
1745610201661 0.060846392065286636 33
1745610204283 0.0 34
1745610206299 0.0 35
1745610208318 0.0 36
1745610210354 0.0 37
1745610212364 0.0 38
1745610214752 0.0 39
1745610217380 0.0 40
1745610219399 0.0 41
1745610221431 0.0 42
1745610223426 0.0 43
1745610225422 0.0 44
1745610227859 0.0 45
1745610230412 0.0 46
1745610232439 0.0 47
1745610234449 0.0 48
1745610236449 0.0 49
1745610238488 0.0 50
1745610241220 0.0 51
1745610244415 0.0 52
1745610246639 0.0 53
1745610248639 0.0 54
1745610250638 0.0 55
1745610252656 0.0 56
1745610254659 0.0 57
1745610257584 0.0 58
1745610259749 0.0 59
1745610261751 0.0 60
1745610263754 0.0 61
1745610265757 0.0 62
1745610267765 0.0 63
1745610270580 0.0 64
1745610272780 0.0 65
1745610274778 0.0 66
1745610276816 0.0 67
1745610278811 0.0 68
1745610280824 0.0 69
1745610283577 0.0 70
1745610285826 0.0 71
1745610287875 0.0 72
1745610289885 0.0 73
1745610291903 0.0 74
1745610293926 0.0 75
1745610296623 0.0 76
1745610298895 0.0 77
1745610300911 0.0 78
1745610302908 0.0 79
1745610304064 0.0 80
1745610787764 0.0 81
1745610789793 0.0 82
1745610791802 0.0 83
1745610794740 0.0 84
1745610796757 0.0 85
1745610799692 0.0 86
1745610801721 0.0 87
1745610803732 0.0 88
1745610805735 0.0 89
1745610807747 0.0 90
1745610809757 0.0 91
1745610812697 0.0 92
1745610814716 0.0 93
1745610816728 0.0 94
1745610818743 0.0 95
1745610820771 0.0 96
1745610822801 0.0 97
1745610825713 0.0 98
1745610827780 0.0 99
1745610829819 0.0 100
1745610831875 0.0 101
1745610833902 0.0 102
1745610836054 0.0 103
1745610838784 0.0 104
1745610840800 0.0 105
1745610842838 0.0 106
1745610845759 0.0 107
1745610847846 0.0 108
1745610850754 0.0 109
1745610852853 0.0 110
1745610854860 0.0 111
1745610856920 0.0 112
1745610858917 0.0 113
1745610860921 0.0 114
1745610863851 0.0 115
1745610865934 0.0 116
1745610867944 0.0 117
1745610869946 0.0 118
1745610871942 0.0 119
1745610873946 0.0 120
1745610876834 0.0 121
1745610878912 0.0 122
1745610880929 0.0 123
1745610882948 0.0 124
1745610884954 0.0 125
1745610886987 0.0 126
1745610889941 0.0 127
1745610891991 0.0 128
1745610894023 0.0 129
1745610896045 0.0 130
1745610898039 0.0 131
1745610900052 0.0 132
1745610902994 0.0 133
1745610905013 0.0 134
1745610907018 0.0 135
1745610909022 0.0 136
1745610911023 0.0 137
1745610913030 0.0 138
1745610915944 0.0 139
1745610917956 0.0 140
1745610919970 0.0 141
1745610921947 0.0 142
1745610924002 0.0 143
1745610926057 0.0 144
1745610928881 0.0 145
1745610930889 0.0 146
1745610932883 0.0 147
1745610934880 0.0 148
1745610936865 0.0 149
1745610938923 0.0 150
1745610941754 0.0 151
1745610943767 0.0 152
1745610945785 0.0 153
1745610947804 0.0 154
1745610949818 0.0 155
1745610952009 0.0 156
1745610954753 0.0 157
1745610956762 0.0 158
1745610958754 0.0 159
1745610960739 0.0 160
1745610961864 0.0 161
