1745610069776 9.159847259521484 0
1745610074302 7.855670928955078 1
1745610078061 14.008726119995117 2
1745610081850 13.695541381835938 3
1745610086424 18.622880935668945 4
1745610090130 18.32263946533203 5
1745610093835 17.99001693725586 6
1745610098167 19.24520492553711 7
1745610102014 26.243074417114258 8
1745610105727 24.555612564086914 9
1745610109606 24.491920471191406 10
1745610113910 24.091615676879883 11
1745610117613 21.840974807739258 12
1745610121344 19.82664680480957 13
1745610125915 23.467824935913086 14
1745610129626 34.860233306884766 15
1745610133336 24.670757293701172 16
1745610137834 25.860498428344727 17
1745610141629 20.340869903564453 18
1745610145328 18.013154983520508 19
1745610149277 17.176528930664062 20
1745610153454 20.511873245239258 21
1745610157128 18.488487243652344 22
1745610160855 23.353620529174805 23
1745610165448 22.690139770507812 24
1745610169197 20.751197814941406 25
1745610172897 20.50702667236328 26
1745610177456 17.907777786254883 27
1745610181170 24.841421127319336 28
1745610185400 21.324951171875 29
1745610190108 27.299150466918945 30
1745610193904 19.546384811401367 31
1745610197673 23.876115798950195 32
1745610201661 21.574724197387695 33
1745610204283 nan 34
1745610206299 nan 35
1745610208318 nan 36
1745610210354 nan 37
1745610212364 nan 38
1745610214752 nan 39
1745610217380 nan 40
1745610219399 nan 41
1745610221431 nan 42
1745610223426 nan 43
1745610225422 nan 44
1745610227859 nan 45
1745610230412 nan 46
1745610232439 nan 47
1745610234449 nan 48
1745610236449 nan 49
1745610238488 nan 50
1745610241220 nan 51
1745610244415 nan 52
1745610246639 nan 53
1745610248639 nan 54
1745610250638 nan 55
1745610252656 nan 56
1745610254659 nan 57
1745610257584 nan 58
1745610259749 nan 59
1745610261751 nan 60
1745610263754 nan 61
1745610265757 nan 62
1745610267765 nan 63
1745610270580 nan 64
1745610272780 nan 65
1745610274778 nan 66
1745610276816 nan 67
1745610278811 nan 68
1745610280824 nan 69
1745610283577 nan 70
1745610285826 nan 71
1745610287875 nan 72
1745610289885 nan 73
1745610291903 nan 74
1745610293926 nan 75
1745610296623 nan 76
1745610298895 nan 77
1745610300911 nan 78
1745610302908 nan 79
1745610304064 nan 80
1745610787764 nan 81
1745610789793 nan 82
1745610791802 nan 83
1745610794740 nan 84
1745610796757 nan 85
1745610799692 nan 86
1745610801721 nan 87
1745610803732 nan 88
1745610805735 nan 89
1745610807747 nan 90
1745610809757 nan 91
1745610812697 nan 92
1745610814716 nan 93
1745610816728 nan 94
1745610818743 nan 95
1745610820771 nan 96
1745610822801 nan 97
1745610825713 nan 98
1745610827780 nan 99
1745610829819 nan 100
1745610831875 nan 101
1745610833902 nan 102
1745610836054 nan 103
1745610838784 nan 104
1745610840800 nan 105
1745610842838 nan 106
1745610845759 nan 107
1745610847846 nan 108
1745610850754 nan 109
1745610852853 nan 110
1745610854860 nan 111
1745610856920 nan 112
1745610858917 nan 113
1745610860921 nan 114
1745610863851 nan 115
1745610865934 nan 116
1745610867944 nan 117
1745610869946 nan 118
1745610871942 nan 119
1745610873946 nan 120
1745610876834 nan 121
1745610878912 nan 122
1745610880929 nan 123
1745610882948 nan 124
1745610884954 nan 125
1745610886987 nan 126
1745610889941 nan 127
1745610891991 nan 128
1745610894023 nan 129
1745610896045 nan 130
1745610898039 nan 131
1745610900052 nan 132
1745610902994 nan 133
1745610905013 nan 134
1745610907018 nan 135
1745610909022 nan 136
1745610911023 nan 137
1745610913030 nan 138
1745610915944 nan 139
1745610917956 nan 140
1745610919970 nan 141
1745610921947 nan 142
1745610924002 nan 143
1745610926057 nan 144
1745610928881 nan 145
1745610930889 nan 146
1745610932883 nan 147
1745610934880 nan 148
1745610936865 nan 149
1745610938923 nan 150
1745610941754 nan 151
1745610943767 nan 152
1745610945785 nan 153
1745610947804 nan 154
1745610949818 nan 155
1745610952009 nan 156
1745610954753 nan 157
1745610956762 nan 158
1745610958754 nan 159
1745610960739 nan 160
1745610961864 nan 161
