1745239204397 9.389376640319824 0
1745239204671 8.69611930847168 1
1745239204951 8.029919624328613 2
1745239205225 7.510433673858643 3
1745239205502 7.0734543800354 4
1745239205767 6.759039878845215 5
1745239206039 6.505008220672607 6
1745239206312 6.342289924621582 7
1745239206588 6.390336513519287 8
1745239206861 6.439283847808838 9
1745239207146 6.456989288330078 10
1745239207423 6.477113246917725 11
1745239207700 6.484989166259766 12
1745239207975 6.372350692749023 13
1745239208250 6.378896713256836 14
1745239208525 6.382339954376221 15
1745239208803 6.296544075012207 16
1745239209075 6.324141979217529 17
1745239209352 6.363223075866699 18
1745239209638 6.340545654296875 19
1745239209915 6.285787105560303 20
1745239210187 6.25404167175293 21
1745239210462 6.364048480987549 22
1745239210735 6.257726669311523 23
1745239211022 6.289853572845459 24
1745239211300 6.2800774574279785 25
1745239211574 6.268865585327148 26
1745239211864 6.2021989822387695 27
1745239212137 6.253846645355225 28
1745239212417 6.197680950164795 29
1745239212693 6.2351202964782715 30
1745239212970 6.218297481536865 31
1745239213245 6.142650127410889 32
1745239213527 6.140469074249268 33
1745239213804 6.140233039855957 34
1745239214080 6.068241596221924 35
1745239214359 6.077349662780762 36
1745239214647 6.062939643859863 37
1745239214923 6.026040077209473 38
1745239215195 5.9525628089904785 39
1745239215471 6.035834312438965 40
1745239215745 5.955173492431641 41
1745239216020 5.957449913024902 42
1745239216297 5.8781352043151855 43
1745239216570 5.892216682434082 44
1745239216856 5.870167255401611 45
1745239217132 5.83899450302124 46
1745239217407 5.855013370513916 47
1745239217683 5.8140339851379395 48
1745239217963 5.70015811920166 49
1745239218238 5.705108642578125 50
1745239218514 5.715066432952881 51
1745239218792 5.599603652954102 52
1745239219080 5.668130397796631 53
1745239219359 5.623318672180176 54
1745239219635 5.638038158416748 55
1745239219911 5.614328861236572 56
1745239220189 5.6045145988464355 57
1745239220468 5.532866954803467 58
1745239220743 5.4969706535339355 59
1745239220948 5.433729648590088 60
1745239224485 5.469178676605225 61
1745239224771 5.424980640411377 62
1745239225051 5.424040794372559 63
1745239225325 5.39284086227417 64
1745239225603 5.406735897064209 65
1745239225883 5.309597969055176 66
1745239226162 5.398519992828369 67
1745239226451 5.271790981292725 68
1745239226732 5.310205459594727 69
1745239227013 5.330132961273193 70
1745239227298 5.2311224937438965 71
1745239227583 5.322698593139648 72
1745239227863 5.280849456787109 73
1745239228140 5.214976787567139 74
1745239228416 5.18243932723999 75
1745239228697 5.103984355926514 76
1745239228987 5.211579322814941 77
1745239229265 5.16013240814209 78
1745239229544 5.176257133483887 79
1745239229821 5.128199577331543 80
1745239230097 5.1171875 81
1745239230377 5.011388778686523 82
1745239230656 4.997997760772705 83
1745239230933 5.016775608062744 84
1745239231226 4.987231731414795 85
1745239231510 4.967408180236816 86
1745239231789 4.939260482788086 87
1745239232066 4.95399808883667 88
1745239232346 4.908407211303711 89
1745239232625 4.894197940826416 90
1745239232908 4.8897385597229 91
1745239233196 4.907099723815918 92
1745239233474 4.80247688293457 93
1745239233755 4.882995128631592 94
1745239234034 4.925490379333496 95
1745239234312 4.854162693023682 96
1745239234592 4.792612552642822 97
1745239234876 4.861117362976074 98
1745239235158 4.805129528045654 99
1745239235442 4.898836612701416 100
1745239235727 4.84991979598999 101
1745239236005 4.856045246124268 102
1745239236297 4.7350335121154785 103
1745239236579 4.69649076461792 104
1745239236861 4.708012104034424 105
1745239237146 4.762465000152588 106
1745239237430 4.786591529846191 107
1745239237713 4.818548202514648 108
1745239237994 4.706811428070068 109
1745239238288 4.739401340484619 110
1745239238577 4.753178596496582 111
1745239238862 4.854806423187256 112
1745239239146 4.513096332550049 113
1745239239424 4.624523162841797 114
1745239239703 4.675915241241455 115
1745239239986 4.6534013748168945 116
1745239240271 4.603343963623047 117
1745239240557 4.628256320953369 118
1745239240839 4.725164890289307 119
1745239241135 4.599842071533203 120
1745239241342 4.640135765075684 121
1745239244912 4.538584232330322 122
1745239245193 4.490617752075195 123
1745239245476 4.459353446960449 124
1745239245759 4.4081034660339355 125
1745239246042 4.490346431732178 126
1745239246324 4.440556526184082 127
1745239246606 4.430206298828125 128
1745239246888 4.486325263977051 129
1745239247172 4.449198246002197 130
1745239247457 4.391121864318848 131
1745239247741 4.43211030960083 132
1745239248024 4.362284183502197 133
1745239248307 4.528409004211426 134
1745239248599 4.365941047668457 135
1745239248880 4.4268412590026855 136
1745239249162 4.505135536193848 137
1745239249445 4.421103000640869 138
1745239249728 4.426253795623779 139
1745239250012 4.339461803436279 140
1745239250296 4.3429155349731445 141
1745239250580 4.390059471130371 142
1745239250875 4.3577704429626465 143
1745239251156 4.442529678344727 144
1745239251437 4.381054401397705 145
1745239251718 4.4829936027526855 146
1745239252002 4.404350757598877 147
1745239252284 4.423009395599365 148
1745239252567 4.369529724121094 149
1745239252850 4.262219429016113 150
1745239253139 4.404279708862305 151
1745239253425 4.352388858795166 152
1745239253725 4.3567986488342285 153
1745239254008 4.395226955413818 154
1745239254291 4.347349166870117 155
1745239254575 4.222072601318359 156
1745239254858 4.4615278244018555 157
1745239255143 4.364777088165283 158
1745239255427 4.372351169586182 159
1745239255712 4.245638370513916 160
1745239256013 4.239184856414795 161
1745239256303 4.3443803787231445 162
1745239256588 4.338247776031494 163
1745239256870 4.251816749572754 164
1745239257153 4.30461311340332 165
1745239257437 4.353184700012207 166
1745239257721 4.336328506469727 167
1745239258004 4.30120849609375 168
1745239258289 4.288975715637207 169
1745239258574 4.226033687591553 170
1745239258856 4.276665210723877 171
1745239259140 4.281774997711182 172
1745239259424 4.212308406829834 173
1745239259708 4.325260162353516 174
1745239259991 4.270798206329346 175
1745239260275 4.209025859832764 176
1745239260560 4.282259941101074 177
1745239260858 4.289294242858887 178
1745239261147 4.30198335647583 179
1745239261432 4.37991189956665 180
1745239261717 4.366275787353516 181
1745239261932 4.376634120941162 182
1745239265642 4.181201457977295 183
1745239265929 4.097457408905029 184
1745239266219 4.090813636779785 185
1745239266505 4.075922966003418 186
1745239266795 4.146475315093994 187
1745239267087 4.0556535720825195 188
1745239267376 4.086920738220215 189
1745239267660 4.083166599273682 190
1745239267944 4.0624613761901855 191
1745239268229 4.047999382019043 192
1745239268517 4.11378812789917 193
1745239268805 4.123841285705566 194
1745239269093 4.155478000640869 195
1745239269379 4.24580717086792 196
1745239269667 4.105916976928711 197
1745239269952 4.058059215545654 198
1745239270236 4.226437091827393 199
1745239270520 4.060487270355225 200
1745239270804 4.092696189880371 201
1745239271106 4.121572971343994 202
1745239271394 3.9980132579803467 203
1745239271680 4.130352020263672 204
1745239271967 4.11061429977417 205
1745239272252 4.139726161956787 206
1745239272537 4.196598052978516 207
1745239272825 4.176080703735352 208
1745239273115 4.187381267547607 209
1745239273416 4.028432846069336 210
1745239273704 4.113320827484131 211
1745239273992 4.17341423034668 212
1745239274279 4.101077556610107 213
1745239274567 4.125820636749268 214
1745239274857 4.075281143188477 215
1745239275145 4.065138816833496 216
1745239275435 4.151067733764648 217
1745239275733 4.159170627593994 218
1745239276028 4.154788494110107 219
1745239276317 4.071769714355469 220
1745239276605 4.059445381164551 221
1745239276892 4.116209506988525 222
1745239277183 4.05708646774292 223
1745239277476 4.14457368850708 224
1745239277766 4.097959518432617 225
1745239278059 4.029324531555176 226
1745239278365 4.124192237854004 227
1745239278656 4.180100440979004 228
1745239278952 4.143350124359131 229
1745239279242 4.099026679992676 230
1745239279530 4.107901573181152 231
1745239279823 4.068756103515625 232
1745239280116 4.126709938049316 233
1745239280410 4.052804470062256 234
1745239280698 4.11275577545166 235
1745239280999 4.003838062286377 236
1745239281287 4.046523571014404 237
1745239281581 4.156694412231445 238
1745239281872 4.097797870635986 239
1745239282164 3.9983792304992676 240
1745239282456 4.033907890319824 241
1745239282746 4.010766983032227 242
1745239282958 4.024913787841797 243
1745239286885 3.8227248191833496 244
1745239287177 3.8912808895111084 245
1745239287470 3.9154531955718994 246
1745239287762 3.848921298980713 247
1745239288051 3.8784775733947754 248
1745239288339 3.975470542907715 249
1745239288631 3.8280882835388184 250
1745239288934 3.818575859069824 251
1745239289222 3.79530668258667 252
1745239289515 3.944795608520508 253
1745239289806 3.9555537700653076 254
1745239290096 4.015666484832764 255
1745239290387 3.951169729232788 256
1745239290680 3.9736647605895996 257
1745239290969 3.881108045578003 258
1745239291263 3.9006712436676025 259
1745239291566 3.9322128295898438 260
1745239291856 3.796999216079712 261
1745239292146 3.937893867492676 262
1745239292439 3.975515127182007 263
1745239292740 3.85616135597229 264
1745239293031 3.971968173980713 265
1745239293325 4.037012577056885 266
1745239293619 3.9086790084838867 267
1745239293908 3.990694999694824 268
1745239294208 3.913944959640503 269
1745239294498 3.9755280017852783 270
1745239294787 3.9242868423461914 271
1745239295075 3.969855785369873 272
1745239295364 3.8989975452423096 273
1745239295656 3.8873376846313477 274
1745239295943 3.9390292167663574 275
1745239296229 3.8713080883026123 276
1745239296529 3.825491189956665 277
1745239296816 3.861300230026245 278
1745239297103 3.889568328857422 279
1745239297390 3.987839698791504 280
1745239297682 4.050289630889893 281
1745239297968 3.8767075538635254 282
1745239298255 4.053900241851807 283
1745239298540 3.9453248977661133 284
1745239298830 3.9639811515808105 285
1745239299120 3.935718059539795 286
1745239299405 3.906633138656616 287
1745239299690 3.9268972873687744 288
1745239299990 3.9331729412078857 289
1745239300279 3.890329122543335 290
1745239300571 3.941812038421631 291
1745239300859 3.786672830581665 292
1745239301147 3.9577245712280273 293
1745239301447 3.8671443462371826 294
1745239301735 3.8587918281555176 295
1745239302022 4.008493423461914 296
1745239302312 3.9682178497314453 297
1745239302602 3.9424426555633545 298
1745239302890 3.9793078899383545 299
1745239303174 3.813809633255005 300
1745239303459 3.8255927562713623 301
1745239303758 3.9758987426757812 302
1745239304049 3.98768949508667 303
1745239304260 3.8982126712799072 304
1745239307988 3.9021694660186768 305
1745239308274 3.787686824798584 306
1745239308559 3.8172037601470947 307
1745239308843 3.7025842666625977 308
1745239309142 3.7382638454437256 309
1745239309429 3.7466256618499756 310
1745239309714 3.6305081844329834 311
1745239309996 3.812812328338623 312
1745239310281 3.8481688499450684 313
1745239310566 3.771369457244873 314
1745239310849 3.6076908111572266 315
1745239311132 3.778311014175415 316
1745239311418 3.7582058906555176 317
1745239311703 3.7091403007507324 318
1745239311985 3.6884500980377197 319
1745239312268 3.7583041191101074 320
1745239312555 3.8224141597747803 321
1745239312844 3.829256057739258 322
1745239313131 3.770226001739502 323
1745239313418 3.7900233268737793 324
1745239313702 3.7696354389190674 325
1745239314005 3.9380080699920654 326
1745239314291 3.8264787197113037 327
1745239314575 3.814753532409668 328
1745239314860 3.7842602729797363 329
1745239315142 3.7787721157073975 330
1745239315425 3.773129940032959 331
1745239315709 3.6914308071136475 332
1745239315992 3.880211591720581 333
1745239316292 3.819523811340332 334
1745239316579 3.7129950523376465 335
1745239316863 3.6936116218566895 336
1745239317147 3.937069892883301 337
1745239317431 3.9032366275787354 338
1745239317717 3.754833459854126 339
1745239318002 3.8819260597229004 340
1745239318286 3.768906593322754 341
1745239318571 3.6793534755706787 342
1745239318867 3.7605810165405273 343
1745239319153 3.733337640762329 344
1745239319438 3.74069881439209 345
1745239319723 3.810211658477783 346
1745239320009 3.731060266494751 347
1745239320292 3.7462165355682373 348
1745239320577 3.7358908653259277 349
1745239320859 3.9446847438812256 350
1745239321141 3.7257590293884277 351
1745239321440 3.785621166229248 352
1745239321725 3.834995985031128 353
1745239322011 3.7803945541381836 354
1745239322297 3.8577635288238525 355
1745239322582 3.7889862060546875 356
1745239322864 3.8171534538269043 357
1745239323147 3.819438934326172 358
1745239323432 3.7704291343688965 359
1745239323716 3.7932775020599365 360
1745239324002 3.8317830562591553 361
1745239324285 3.683248519897461 362
1745239324568 3.8216135501861572 363
1745239324851 3.860765218734741 364
1745239325066 3.885978937149048 365
1745239328740 3.748535394668579 366
1745239329035 3.642416000366211 367
1745239329320 3.61820387840271 368
1745239329603 3.602646827697754 369
1745239329887 3.493514060974121 370
1745239330172 3.5521340370178223 371
1745239330458 3.5590991973876953 372
1745239330740 3.59299635887146 373
1745239331024 3.6463613510131836 374
1745239331309 3.461521863937378 375
1745239331603 3.5379371643066406 376
1745239331888 3.827507972717285 377
1745239332173 3.6336429119110107 378
1745239332458 3.6938719749450684 379
1745239332745 3.555224657058716 380
1745239333033 3.6845948696136475 381
1745239333321 3.5452184677124023 382
1745239333605 3.6893627643585205 383
1745239333890 3.726090431213379 384
1745239334177 3.61211895942688 385
1745239334464 3.649790048599243 386
1745239334752 3.635577917098999 387
1745239335035 3.568479299545288 388
1745239335318 3.6960999965667725 389
1745239335604 3.75650691986084 390
1745239335889 3.63778018951416 391
1745239336174 3.732548713684082 392
1745239336467 3.744713544845581 393
1745239336753 3.686213731765747 394
1745239337038 3.742361068725586 395
1745239337324 3.7678520679473877 396
1745239337612 3.6450862884521484 397
1745239337896 3.5747456550598145 398
1745239338180 3.6595659255981445 399
1745239338464 3.638766288757324 400
1745239338750 3.6217544078826904 401
1745239339049 3.505544424057007 402
1745239339335 3.732553482055664 403
1745239339622 3.7693138122558594 404
1745239339905 3.668891668319702 405
1745239340191 3.7364139556884766 406
1745239340474 3.817244291305542 407
1745239340758 3.6712594032287598 408
1745239341043 3.711254835128784 409
1745239341341 3.6734330654144287 410
1745239341628 3.7390248775482178 411
1745239341913 3.75040340423584 412
1745239342199 3.707355260848999 413
1745239342482 3.783055305480957 414
1745239342768 3.670302152633667 415
1745239343052 3.687664270401001 416
1745239343336 3.709192991256714 417
1745239343630 3.717578649520874 418
1745239343919 3.7325632572174072 419
1745239344204 3.684040069580078 420
1745239344493 3.658155679702759 421
1745239344778 3.7404470443725586 422
1745239345066 3.778578519821167 423
1745239345353 3.786620855331421 424
1745239345640 3.692383289337158 425
1745239345858 3.6096596717834473 426
1745239349586 3.527777671813965 427
1745239349870 3.480465888977051 428
1745239350154 3.5260345935821533 429
1745239350440 3.489661931991577 430
1745239350725 3.5208146572113037 431
1745239351012 3.5646212100982666 432
1745239351298 3.5095059871673584 433
1745239351586 3.6090636253356934 434
1745239351886 3.601478099822998 435
1745239352173 3.4799253940582275 436
1745239352460 3.6695754528045654 437
1745239352748 3.635406255722046 438
1745239353033 3.6224069595336914 439
1745239353318 3.496009588241577 440
1745239353603 3.5512518882751465 441
1745239353890 3.5416555404663086 442
1745239354186 3.624926805496216 443
1745239354473 3.5724985599517822 444
1745239354760 3.6125059127807617 445
1745239355048 3.5597026348114014 446
1745239355336 3.5539658069610596 447
1745239355622 3.6146459579467773 448
1745239355909 3.663007974624634 449
1745239356193 3.5994322299957275 450
1745239356492 3.5560648441314697 451
1745239356783 3.5507936477661133 452
1745239357073 3.629512310028076 453
1745239357361 3.5819215774536133 454
1745239357646 3.684779167175293 455
1745239357932 3.6359665393829346 456
1745239358216 3.6011784076690674 457
1745239358506 3.6089091300964355 458
1745239358795 3.510915994644165 459
1745239359086 3.6049702167510986 460
1745239359391 3.602220058441162 461
1745239359684 3.553528308868408 462
1745239359973 3.5808541774749756 463
1745239360260 3.593942403793335 464
1745239360546 3.648002862930298 465
1745239360836 3.5264360904693604 466
1745239361125 3.5856428146362305 467
1745239361413 3.473747491836548 468
1745239361714 3.667666435241699 469
1745239362002 3.7431557178497314 470
1745239362288 3.5244481563568115 471
1745239362573 3.46753191947937 472
1745239362859 3.5404717922210693 473
1745239363148 3.6787946224212646 474
1745239363438 3.476696491241455 475
1745239363723 3.582737684249878 476
1745239364009 3.6273715496063232 477
1745239364297 3.619621992111206 478
1745239364585 3.577385663986206 479
1745239364874 3.6046860218048096 480
1745239365161 3.6044976711273193 481
1745239365447 3.6707732677459717 482
1745239365735 3.5382723808288574 483
1745239366021 3.4763851165771484 484
1745239366310 3.5972719192504883 485
1745239366613 3.4855966567993164 486
1745239366826 3.6866323947906494 487
1745239370604 3.4143128395080566 488
1745239370894 3.3997392654418945 489
1745239371184 3.408383369445801 490
1745239371474 3.52974534034729 491
1745239371763 3.4514806270599365 492
1745239372065 3.3984551429748535 493
1745239372355 3.544931411743164 494
1745239372644 3.5075008869171143 495
1745239372938 3.4640376567840576 496
1745239373223 3.438600778579712 497
1745239373509 3.4592318534851074 498
1745239373794 3.5085887908935547 499
1745239374080 3.436377763748169 500
1745239374368 3.40067720413208 501
1745239374665 3.3344523906707764 502
1745239374949 3.5785961151123047 503
1745239375234 3.474740743637085 504
1745239375520 3.5254409313201904 505
1745239375809 3.3610589504241943 506
1745239376096 3.528393030166626 507
1745239376382 3.484518527984619 508
1745239376666 3.5078978538513184 509
1745239376966 3.5628268718719482 510
1745239377254 3.540074586868286 511
1745239377539 3.5414366722106934 512
1745239377824 3.3752920627593994 513
1745239378110 3.5493006706237793 514
1745239378400 3.449282169342041 515
1745239378686 3.5272719860076904 516
1745239378974 3.513295888900757 517
1745239379261 3.4400737285614014 518
1745239379560 3.5486555099487305 519
1745239379846 3.635007381439209 520
1745239380133 3.4442951679229736 521
1745239380420 3.5163371562957764 522
1745239380704 3.4280946254730225 523
1745239380990 3.571197509765625 524
1745239381278 3.4921905994415283 525
1745239381566 3.5529701709747314 526
1745239381868 3.303426504135132 527
1745239382156 3.5284950733184814 528
1745239382442 3.4914615154266357 529
1745239382731 3.669717788696289 530
1745239383026 3.724689245223999 531
1745239383330 3.5273048877716064 532
1745239383616 3.6115331649780273 533
1745239383901 3.4957621097564697 534
1745239384194 3.5822012424468994 535
1745239384490 3.5177462100982666 536
1745239384777 3.4683611392974854 537
1745239385065 3.6046905517578125 538
1745239385353 3.429622173309326 539
1745239385643 3.4152164459228516 540
1745239385933 3.622535467147827 541
1745239386221 3.5304975509643555 542
1745239386508 3.531717538833618 543
1745239386794 3.534100294113159 544
1745239387094 3.6175475120544434 545
1745239387380 3.41321063041687 546
1745239387665 3.560453414916992 547
1745239387879 3.5720064640045166 548
1745239391606 3.391369581222534 549
1745239391892 3.360518217086792 550
1745239392179 3.4015729427337646 551
1745239392481 3.4444098472595215 552
1745239392768 3.353567123413086 553
1745239393053 3.3828670978546143 554
1745239393337 3.4294261932373047 555
1745239393622 3.4241697788238525 556
1745239393907 3.456711769104004 557
1745239394191 3.2721686363220215 558
1745239394477 3.292419195175171 559
1745239394775 3.3634910583496094 560
1745239395059 3.384108543395996 561
1745239395344 3.3534202575683594 562
1745239395630 3.3357787132263184 563
1745239395916 3.3377034664154053 564
1745239396201 3.2375521659851074 565
1745239396499 3.467813491821289 566
1745239396794 3.302765369415283 567
1745239397089 3.4668216705322266 568
1745239397376 3.48272967338562 569
1745239397662 3.460871458053589 570
1745239397948 3.5549607276916504 571
1745239398233 3.376835346221924 572
1745239398524 3.445521831512451 573
1745239398812 3.521003246307373 574
1745239399105 3.2893307209014893 575
1745239399395 3.482266664505005 576
1745239399681 3.433537721633911 577
1745239399984 3.474750280380249 578
1745239400270 3.47575306892395 579
1745239400554 3.44136905670166 580
1745239400838 3.629525899887085 581
1745239401123 3.3982527256011963 582
1745239401409 3.4363672733306885 583
1745239401693 3.4990224838256836 584
1745239401976 3.362793445587158 585
1745239402275 3.490598678588867 586
1745239402561 3.360224962234497 587
1745239402847 3.417149782180786 588
1745239403134 3.3152782917022705 589
1745239403420 3.5415267944335938 590
1745239403704 3.4117228984832764 591
1745239403986 3.5003867149353027 592
1745239404268 3.307149887084961 593
1745239404567 3.520503044128418 594
1745239404854 3.292841911315918 595
1745239405139 3.3793766498565674 596
1745239405423 3.4762988090515137 597
1745239405706 3.383460521697998 598
1745239405991 3.424003839492798 599
1745239406275 3.5554721355438232 600
1745239406560 3.4883670806884766 601
1745239406845 3.5423548221588135 602
1745239407131 3.5970895290374756 603
1745239407416 3.416959762573242 604
1745239407700 3.4683103561401367 605
1745239407987 3.4977548122406006 606
1745239408276 3.533024311065674 607
1745239408563 3.4068243503570557 608
1745239408779 3.4423141479492188 609
