1745239204397 7.603984704473987e-05 0
1745239204671 0.06293590366840363 1
1745239204951 0.07283321022987366 2
1745239205225 0.06772039085626602 3
1745239205502 0.07175713032484055 4
1745239205767 0.06525490432977676 5
1745239206039 0.06671398133039474 6
1745239206312 0.07220247387886047 7
1745239206588 0.06806428730487823 8
1745239206861 0.07073279470205307 9
1745239207146 0.05908096209168434 10
1745239207423 0.036878883838653564 11
1745239207700 0.037247434258461 12
1745239207975 0.040723688900470734 13
1745239208250 0.040325142443180084 14
1745239208525 0.07385729998350143 15
1745239208803 0.07739119976758957 16
1745239209075 0.07072855532169342 17
1745239209352 0.07204654812812805 18
1745239209638 0.06844741106033325 19
1745239209915 0.0694500207901001 20
1745239210187 0.08299200981855392 21
1745239210462 0.0712255910038948 22
1745239210735 0.06642656773328781 23
1745239211022 0.07635126262903214 24
1745239211300 0.07885252684354782 25
1745239211574 0.07431771606206894 26
1745239211864 0.08739086985588074 27
1745239212137 0.08557193726301193 28
1745239212417 0.09192530810832977 29
1745239212693 0.09205329418182373 30
1745239212970 0.08693153411149979 31
1745239213245 0.0890425592660904 32
1745239213527 0.10074691474437714 33
1745239213804 0.1054721251130104 34
1745239214080 0.10283471643924713 35
1745239214359 0.10731625556945801 36
1745239214647 0.11098536103963852 37
1745239214923 0.10589417815208435 38
1745239215195 0.12295730412006378 39
1745239215471 0.11172633618116379 40
1745239215745 0.1179438903927803 41
1745239216020 0.11770342290401459 42
1745239216297 0.12270116806030273 43
1745239216570 0.11950229108333588 44
1745239216856 0.1274888515472412 45
1745239217132 0.13272741436958313 46
1745239217407 0.12998215854167938 47
1745239217683 0.12940947711467743 48
1745239217963 0.13854622840881348 49
1745239218238 0.13938301801681519 50
1745239218514 0.14377979934215546 51
1745239218792 0.1519775092601776 52
1745239219080 0.15041802823543549 53
1745239219359 0.14680449664592743 54
1745239219635 0.14412258565425873 55
1745239219911 0.15352244675159454 56
1745239220189 0.14772386848926544 57
1745239220468 0.15414422750473022 58
1745239220743 0.1559159904718399 59
1745239220948 0.16479255259037018 60
1745239224485 0.15405109524726868 61
1745239224771 0.16231565177440643 62
1745239225051 0.16359570622444153 63
1745239225325 0.16720736026763916 64
1745239225603 0.1709100902080536 65
1745239225883 0.17436856031417847 66
1745239226162 0.16625364124774933 67
1745239226451 0.17745549976825714 68
1745239226732 0.17713600397109985 69
1745239227013 0.17639797925949097 70
1745239227298 0.17961829900741577 71
1745239227583 0.17917118966579437 72
1745239227863 0.18182440102100372 73
1745239228140 0.18272820115089417 74
1745239228416 0.17816777527332306 75
1745239228697 0.1882815957069397 76
1745239228987 0.18613606691360474 77
1745239229265 0.1955547034740448 78
1745239229544 0.19523344933986664 79
1745239229821 0.19349028170108795 80
1745239230097 0.2030525654554367 81
1745239230377 0.20041972398757935 82
1745239230656 0.20632599294185638 83
1745239230933 0.20467256009578705 84
1745239231226 0.21390239894390106 85
1745239231510 0.20488540828227997 86
1745239231789 0.21633315086364746 87
1745239232066 0.2124571055173874 88
1745239232346 0.21795779466629028 89
1745239232625 0.22101861238479614 90
1745239232908 0.21219313144683838 91
1745239233196 0.21552406251430511 92
1745239233474 0.2221119999885559 93
1745239233755 0.22363755106925964 94
1745239234034 0.21580064296722412 95
1745239234312 0.21934831142425537 96
1745239234592 0.2297426164150238 97
1745239234876 0.22361011803150177 98
1745239235158 0.2280796766281128 99
1745239235442 0.22735412418842316 100
1745239235727 0.21876102685928345 101
1745239236005 0.2225378155708313 102
1745239236297 0.23518222570419312 103
1745239236579 0.2464769035577774 104
1745239236861 0.2388758808374405 105
1745239237146 0.2401629090309143 106
1745239237430 0.23044244945049286 107
1745239237713 0.23530925810337067 108
1745239237994 0.24372240900993347 109
1745239238288 0.2374335676431656 110
1745239238577 0.23227988183498383 111
1745239238862 0.23551057279109955 112
1745239239146 0.2560252845287323 113
1745239239424 0.2542896866798401 114
1745239239703 0.24436506628990173 115
1745239239986 0.2430892437696457 116
1745239240271 0.24983948469161987 117
1745239240557 0.24663983285427094 118
1745239240839 0.24422070384025574 119
1745239241135 0.2483951449394226 120
1745239241342 0.25093480944633484 121
1745239244912 0.24610379338264465 122
1745239245193 0.2533979117870331 123
1745239245476 0.2575148344039917 124
1745239245759 0.2560158371925354 125
1745239246042 0.25251367688179016 126
1745239246324 0.2629765570163727 127
1745239246606 0.2555729150772095 128
1745239246888 0.25458794832229614 129
1745239247172 0.26706641912460327 130
1745239247457 0.26786836981773376 131
1745239247741 0.26115310192108154 132
1745239248024 0.26916030049324036 133
1745239248307 0.2542668879032135 134
1745239248599 0.2756167948246002 135
1745239248880 0.2656843662261963 136
1745239249162 0.26629844307899475 137
1745239249445 0.2643868625164032 138
1745239249728 0.26809629797935486 139
1745239250012 0.272028386592865 140
1745239250296 0.2683207392692566 141
1745239250580 0.2649434506893158 142
1745239250875 0.27207088470458984 143
1745239251156 0.25816282629966736 144
1745239251437 0.2775280773639679 145
1745239251718 0.26582589745521545 146
1745239252002 0.2730769217014313 147
1745239252284 0.2585882842540741 148
1745239252567 0.26739591360092163 149
1745239252850 0.27740007638931274 150
1745239253139 0.27233925461769104 151
1745239253425 0.2716303765773773 152
1745239253725 0.27255961298942566 153
1745239254008 0.2648656666278839 154
1745239254291 0.26794713735580444 155
1745239254575 0.28783169388771057 156
1745239254858 0.25859197974205017 157
1745239255143 0.26612433791160583 158
1745239255427 0.26562178134918213 159
1745239255712 0.2833755910396576 160
1745239256013 0.29162588715553284 161
1745239256303 0.2646832764148712 162
1745239256588 0.2717583179473877 163
1745239256870 0.28205129504203796 164
1745239257153 0.2753004729747772 165
1745239257437 0.2771649956703186 166
1745239257721 0.27167874574661255 167
1745239258004 0.27520716190338135 168
1745239258289 0.28213658928871155 169
1745239258574 0.286519318819046 170
1745239258856 0.2807501256465912 171
1745239259140 0.28224340081214905 172
1745239259424 0.2931552529335022 173
1745239259708 0.27458831667900085 174
1745239259991 0.2809336483478546 175
1745239260275 0.28864341974258423 176
1745239260560 0.2819705009460449 177
1745239260858 0.27971354126930237 178
1745239261147 0.2727661728858948 179
1745239261432 0.27694007754325867 180
1745239261717 0.2753429114818573 181
1745239261932 0.2797037661075592 182
1745239265642 0.27891409397125244 183
1745239265929 0.2882963716983795 184
1745239266219 0.28822168707847595 185
1745239266505 0.2851916253566742 186
1745239266795 0.28759413957595825 187
1745239267087 0.2970312535762787 188
1745239267376 0.2892334759235382 189
1745239267660 0.2964784801006317 190
1745239267944 0.29231011867523193 191
1745239268229 0.2980341613292694 192
1745239268517 0.2809530198574066 193
1745239268805 0.289736807346344 194
1745239269093 0.2878847122192383 195
1745239269379 0.2810978889465332 196
1745239269667 0.29344817996025085 197
1745239269952 0.2945977747440338 198
1745239270236 0.27784109115600586 199
1745239270520 0.3006218671798706 200
1745239270804 0.2951259911060333 201
1745239271106 0.28521600365638733 202
1745239271394 0.2969099283218384 203
1745239271680 0.2906258702278137 204
1745239271967 0.2904380261898041 205
1745239272252 0.2808784246444702 206
1745239272537 0.28429508209228516 207
1745239272825 0.2863747775554657 208
1745239273115 0.28809770941734314 209
1745239273416 0.29807770252227783 210
1745239273704 0.2894779145717621 211
1745239273992 0.28728532791137695 212
1745239274279 0.29633212089538574 213
1745239274567 0.2915460765361786 214
1745239274857 0.2966746985912323 215
1745239275145 0.29734089970588684 216
1745239275435 0.28512275218963623 217
1745239275733 0.2851710915565491 218
1745239276028 0.2900874614715576 219
1745239276317 0.29740020632743835 220
1745239276605 0.2923053503036499 221
1745239276892 0.28809311985969543 222
1745239277183 0.29123222827911377 223
1745239277476 0.28833523392677307 224
1745239277766 0.29357486963272095 225
1745239278059 0.2965976297855377 226
1745239278365 0.28967320919036865 227
1745239278656 0.29121434688568115 228
1745239278952 0.28568655252456665 229
1745239279242 0.2969077229499817 230
1745239279530 0.2951948940753937 231
1745239279823 0.29917770624160767 232
1745239280116 0.28511711955070496 233
1745239280410 0.2855079770088196 234
1745239280698 0.2929864227771759 235
1745239280999 0.2977835237979889 236
1745239281287 0.2960125803947449 237
1745239281581 0.28444841504096985 238
1745239281872 0.29340314865112305 239
1745239282164 0.31453076004981995 240
1745239282456 0.30156973004341125 241
1745239282746 0.30281198024749756 242
1745239282958 0.2983589172363281 243
1745239286885 0.3128746449947357 244
1745239287177 0.30284565687179565 245
1745239287470 0.2989678382873535 246
1745239287762 0.3098531663417816 247
1745239288051 0.3063289225101471 248
1745239288339 0.3015972077846527 249
1745239288631 0.315862774848938 250
1745239288934 0.3155461847782135 251
1745239289222 0.3119909465312958 252
1745239289515 0.3027951419353485 253
1745239289806 0.3067156970500946 254
1745239290096 0.2889608144760132 255
1745239290387 0.30160558223724365 256
1745239290680 0.29932719469070435 257
1745239290969 0.31156617403030396 258
1745239291263 0.3057507574558258 259
1745239291566 0.30537864565849304 260
1745239291856 0.31813082098960876 261
1745239292146 0.2982003092765808 262
1745239292439 0.30879729986190796 263
1745239292740 0.31684738397598267 264
1745239293031 0.29939720034599304 265
1745239293325 0.2936302721500397 266
1745239293619 0.3059408664703369 267
1745239293908 0.2957378625869751 268
1745239294208 0.3050776422023773 269
1745239294498 0.2933642268180847 270
1745239294787 0.2999083697795868 271
1745239295075 0.2972325086593628 272
1745239295364 0.30352872610092163 273
1745239295656 0.31531891226768494 274
1745239295943 0.30053815245628357 275
1745239296229 0.3180384933948517 276
1745239296529 0.3178456723690033 277
1745239296816 0.3237861394882202 278
1745239297103 0.306398868560791 279
1745239297390 0.2973378300666809 280
1745239297682 0.29508504271507263 281
1745239297968 0.31450849771499634 282
1745239298255 0.2902020812034607 283
1745239298540 0.29792967438697815 284
1745239298830 0.30988141894340515 285
1745239299120 0.3060687780380249 286
1745239299405 0.30740538239479065 287
1745239299690 0.3107788562774658 288
1745239299990 0.30053192377090454 289
1745239300279 0.3049084544181824 290
1745239300571 0.29792430996894836 291
1745239300859 0.3259449899196625 292
1745239301147 0.3066902458667755 293
1745239301447 0.31658679246902466 294
1745239301735 0.3086492419242859 295
1745239302022 0.29542461037635803 296
1745239302312 0.3028203547000885 297
1745239302602 0.30769863724708557 298
1745239302890 0.29843586683273315 299
1745239303174 0.32200732827186584 300
1745239303459 0.3105839192867279 301
1745239303758 0.2961730360984802 302
1745239304049 0.2984566390514374 303
1745239304260 0.3102344572544098 304
1745239307988 0.3007170855998993 305
1745239308274 0.30818790197372437 306
1745239308559 0.3053934872150421 307
1745239308843 0.33202242851257324 308
1745239309142 0.32152503728866577 309
1745239309429 0.318846195936203 310
1745239309714 0.3284335136413574 311
1745239309996 0.30708181858062744 312
1745239310281 0.29910433292388916 313
1745239310566 0.3168962895870209 314
1745239310849 0.33816877007484436 315
1745239311132 0.32081031799316406 316
1745239311418 0.3188541829586029 317
1745239311703 0.33082908391952515 318
1745239311985 0.33470064401626587 319
1745239312268 0.3178114891052246 320
1745239312555 0.30989325046539307 321
1745239312844 0.31346043944358826 322
1745239313131 0.32177799940109253 323
1745239313418 0.3074728548526764 324
1745239313702 0.3256535232067108 325
1745239314005 0.3000970780849457 326
1745239314291 0.3119654357433319 327
1745239314575 0.31324371695518494 328
1745239314860 0.3240818381309509 329
1745239315142 0.30439427495002747 330
1745239315425 0.31724676489830017 331
1745239315709 0.3309968411922455 332
1745239315992 0.2993481159210205 333
1745239316292 0.3140181303024292 334
1745239316579 0.3224722743034363 335
1745239316863 0.32284900546073914 336
1745239317147 0.3049193024635315 337
1745239317431 0.3037472069263458 338
1745239317717 0.320569783449173 339
1745239318002 0.31000086665153503 340
1745239318286 0.31294405460357666 341
1745239318571 0.32337260246276855 342
1745239318867 0.3310670256614685 343
1745239319153 0.33596158027648926 344
1745239319438 0.32140427827835083 345
1745239319723 0.310788631439209 346
1745239320009 0.3169417679309845 347
1745239320292 0.3221539556980133 348
1745239320577 0.3168741464614868 349
1745239320859 0.29628056287765503 350
1745239321141 0.33417773246765137 351
1745239321440 0.3171927034854889 352
1745239321725 0.3085956275463104 353
1745239322011 0.31818485260009766 354
1745239322297 0.3153086304664612 355
1745239322582 0.3218456506729126 356
1745239322864 0.3145883083343506 357
1745239323147 0.3238741159439087 358
1745239323432 0.31284627318382263 359
1745239323716 0.3219098746776581 360
1745239324002 0.3074108958244324 361
1745239324285 0.327820360660553 362
1745239324568 0.30537381768226624 363
1745239324851 0.31387096643447876 364
1745239325066 0.298345148563385 365
1745239328740 0.3079967796802521 366
1745239329035 0.3258109986782074 367
1745239329320 0.3279426693916321 368
1745239329603 0.33417177200317383 369
1745239329887 0.34188708662986755 370
1745239330172 0.3440868854522705 371
1745239330458 0.32801464200019836 372
1745239330740 0.3318396508693695 373
1745239331024 0.3188840448856354 374
1745239331309 0.3546527326107025 375
1745239331603 0.34124332666397095 376
1745239331888 0.30590224266052246 377
1745239332173 0.32512933015823364 378
1745239332458 0.3129355013370514 379
1745239332745 0.34470924735069275 380
1745239333033 0.32201898097991943 381
1745239333321 0.3367284834384918 382
1745239333605 0.3228878974914551 383
1745239333890 0.3207724988460541 384
1745239334177 0.32656195759773254 385
1745239334464 0.31979069113731384 386
1745239334752 0.3211382031440735 387
1745239335035 0.34101635217666626 388
1745239335318 0.3248889744281769 389
1745239335604 0.32020777463912964 390
1745239335889 0.32981616258621216 391
1745239336174 0.31485500931739807 392
1745239336467 0.3155063986778259 393
1745239336753 0.3257291316986084 394
1745239337038 0.3180406987667084 395
1745239337324 0.3184441030025482 396
1745239337612 0.3332211971282959 397
1745239337896 0.33439263701438904 398
1745239338180 0.3286248445510864 399
1745239338464 0.33237865567207336 400
1745239338750 0.3311223089694977 401
1745239339049 0.34406957030296326 402
1745239339335 0.3159796893596649 403
1745239339622 0.3210076093673706 404
1745239339905 0.3259567320346832 405
1745239340191 0.32136279344558716 406
1745239340474 0.3144889175891876 407
1745239340758 0.3241693675518036 408
1745239341043 0.3282397389411926 409
1745239341341 0.3239424526691437 410
1745239341628 0.3184829354286194 411
1745239341913 0.3124718964099884 412
1745239342199 0.32580316066741943 413
1745239342482 0.32158589363098145 414
1745239342768 0.32999706268310547 415
1745239343052 0.32274961471557617 416
1745239343336 0.33784928917884827 417
1745239343630 0.32179081439971924 418
1745239343919 0.3208978772163391 419
1745239344204 0.33288273215293884 420
1745239344493 0.3290015459060669 421
1745239344778 0.3186418414115906 422
1745239345066 0.3120148479938507 423
1745239345353 0.3216608762741089 424
1745239345640 0.32233864068984985 425
1745239345858 0.3282286524772644 426
1745239349586 0.33556899428367615 427
1745239349870 0.340538889169693 428
1745239350154 0.34262216091156006 429
1745239350440 0.34751132130622864 430
1745239350725 0.33859190344810486 431
1745239351012 0.3304443359375 432
1745239351298 0.34000489115715027 433
1745239351586 0.32895055413246155 434
1745239351886 0.33525481820106506 435
1745239352173 0.3514847159385681 436
1745239352460 0.32347241044044495 437
1745239352748 0.3224051296710968 438
1745239353033 0.3305109143257141 439
1745239353318 0.33646589517593384 440
1745239353603 0.3359143137931824 441
1745239353890 0.33391785621643066 442
1745239354186 0.3175041675567627 443
1745239354473 0.3277663588523865 444
1745239354760 0.3329313397407532 445
1745239355048 0.335999995470047 446
1745239355336 0.3352122902870178 447
1745239355622 0.32794588804244995 448
1745239355909 0.31660786271095276 449
1745239356193 0.32956627011299133 450
1745239356492 0.33919280767440796 451
1745239356783 0.3296385109424591 452
1745239357073 0.31868454813957214 453
1745239357361 0.331577867269516 454
1745239357646 0.32042044401168823 455
1745239357932 0.32026591897010803 456
1745239358216 0.33182400465011597 457
1745239358506 0.33705583214759827 458
1745239358795 0.3392336964607239 459
1745239359086 0.3268866240978241 460
1745239359391 0.3275560438632965 461
1745239359684 0.33646827936172485 462
1745239359973 0.3332839906215668 463
1745239360260 0.33773088455200195 464
1745239360546 0.3310030698776245 465
1745239360836 0.3398991823196411 466
1745239361125 0.3346065282821655 467
1745239361413 0.33433881402015686 468
1745239361714 0.31832024455070496 469
1745239362002 0.31546297669410706 470
1745239362288 0.3346100449562073 471
1745239362573 0.34818652272224426 472
1745239362859 0.33292847871780396 473
1745239363148 0.324000746011734 474
1745239363438 0.34432852268218994 475
1745239363723 0.33095869421958923 476
1745239364009 0.32088473439216614 477
1745239364297 0.3270414173603058 478
1745239364585 0.3371359705924988 479
1745239364874 0.33525967597961426 480
1745239365161 0.33165252208709717 481
1745239365447 0.32573240995407104 482
1745239365735 0.34842991828918457 483
1745239366021 0.35018348693847656 484
1745239366310 0.33736154437065125 485
1745239366613 0.3414817452430725 486
1745239366826 0.3289530277252197 487
1745239370604 0.3477664291858673 488
1745239370894 0.34986868500709534 489
1745239371184 0.3527677059173584 490
1745239371474 0.33010315895080566 491
1745239371763 0.3374546468257904 492
1745239372065 0.34193316102027893 493
1745239372355 0.3345817029476166 494
1745239372644 0.32720834016799927 495
1745239372938 0.34069836139678955 496
1745239373223 0.3572882413864136 497
1745239373509 0.34411412477493286 498
1745239373794 0.33356422185897827 499
1745239374080 0.3451240062713623 500
1745239374368 0.34026429057121277 501
1745239374665 0.36025428771972656 502
1745239374949 0.33664387464523315 503
1745239375234 0.3387073278427124 504
1745239375520 0.34502875804901123 505
1745239375809 0.3536323308944702 506
1745239376096 0.3372984826564789 507
1745239376382 0.3502204418182373 508
1745239376666 0.34156057238578796 509
1745239376966 0.3310798108577728 510
1745239377254 0.3334803581237793 511
1745239377539 0.3322271406650543 512
1745239377824 0.355535089969635 513
1745239378110 0.33207011222839355 514
1745239378400 0.3501931428909302 515
1745239378686 0.3360207676887512 516
1745239378974 0.3396817147731781 517
1745239379261 0.3483433425426483 518
1745239379560 0.33351951837539673 519
1745239379846 0.3162711262702942 520
1745239380133 0.3415772020816803 521
1745239380420 0.33127233386039734 522
1745239380704 0.35058170557022095 523
1745239380990 0.3286632001399994 524
1745239381278 0.3433099687099457 525
1745239381566 0.3354266285896301 526
1745239381868 0.3668966591358185 527
1745239382156 0.34035059809684753 528
1745239382442 0.34449243545532227 529
1745239382731 0.3204661011695862 530
1745239383026 0.3139834403991699 531
1745239383330 0.33444836735725403 532
1745239383616 0.3330751359462738 533
1745239383901 0.3467526435852051 534
1745239384194 0.32235199213027954 535
1745239384490 0.33635520935058594 536
1745239384777 0.3428550958633423 537
1745239385065 0.3245581090450287 538
1745239385353 0.3552923798561096 539
1745239385643 0.3582332134246826 540
1745239385933 0.31919312477111816 541
1745239386221 0.3349272310733795 542
1745239386508 0.3364231586456299 543
1745239386794 0.3432402014732361 544
1745239387094 0.31988078355789185 545
1745239387380 0.3552238941192627 546
1745239387665 0.33568626642227173 547
1745239387879 0.3393707275390625 548
1745239391606 0.34603971242904663 549
1745239391892 0.35219717025756836 550
1745239392179 0.34783831238746643 551
1745239392481 0.3363669216632843 552
1745239392768 0.3475072383880615 553
1745239393053 0.34229540824890137 554
1745239393337 0.33629167079925537 555
1745239393622 0.34474971890449524 556
1745239393907 0.3411756753921509 557
1745239394191 0.36500436067581177 558
1745239394477 0.3674602210521698 559
1745239394775 0.3560548722743988 560
1745239395059 0.35341572761535645 561
1745239395344 0.3495618402957916 562
1745239395630 0.36112287640571594 563
1745239395916 0.3513926863670349 564
1745239396201 0.3754729926586151 565
1745239396499 0.34150075912475586 566
1745239396794 0.363088995218277 567
1745239397089 0.34452590346336365 568
1745239397376 0.3390410840511322 569
1745239397662 0.33659040927886963 570
1745239397948 0.3281186819076538 571
1745239398233 0.35245490074157715 572
1745239398524 0.33810099959373474 573
1745239398812 0.32847997546195984 574
1745239399105 0.35995471477508545 575
1745239399395 0.34417393803596497 576
1745239399681 0.349689781665802 577
1745239399984 0.3425600826740265 578
1745239400270 0.3398928940296173 579
1745239400554 0.34989941120147705 580
1745239400838 0.3252834379673004 581
1745239401123 0.35527294874191284 582
1745239401409 0.34351643919944763 583
1745239401693 0.34647199511528015 584
1745239401976 0.35986706614494324 585
1745239402275 0.329694926738739 586
1745239402561 0.36437857151031494 587
1745239402847 0.34253063797950745 588
1745239403134 0.35311272740364075 589
1745239403420 0.3297651410102844 590
1745239403704 0.35719409584999084 591
1745239403986 0.33954375982284546 592
1745239404268 0.35799166560173035 593
1745239404567 0.34085750579833984 594
1745239404854 0.36294135451316833 595
1745239405139 0.3577539622783661 596
1745239405423 0.3495675325393677 597
1745239405706 0.35466331243515015 598
1745239405991 0.34910231828689575 599
1745239406275 0.33159735798835754 600
1745239406560 0.33431023359298706 601
1745239406845 0.32921546697616577 602
1745239407131 0.3311423361301422 603
1745239407416 0.3465595841407776 604
1745239407700 0.3466718792915344 605
1745239407987 0.3424786329269409 606
1745239408276 0.3369792103767395 607
1745239408563 0.3525785207748413 608
1745239408779 0.3376963436603546 609
