1746032137242 0.0002039706305367872 0
1746032138182 0.00010676916281227022 1
1746032139113 0.0008622282184660435 2
1746032140164 0.025486450642347336 3
1746032141173 0.06061708182096481 4
1746032142153 0.05990006402134895 5
1746032143101 0.05968619883060455 6
1746032144038 0.06377220898866653 7
1746032144981 0.05554214119911194 8
1746032145932 0.054120540618896484 9
1746032146860 0.05425587296485901 10
1746032147791 0.05681060627102852 11
1746032148728 0.05753093957901001 12
1746032149661 0.053280822932720184 13
1746032150596 0.052576784044504166 14
1746032151524 0.05543696507811546 15
1746032152613 0.05312950164079666 16
1746032153691 0.055735211819410324 17
1746032154651 0.05403486266732216 18
1746032155586 0.045189306139945984 19
1746032156520 0.05071413889527321 20
1746032157503 0.05478160083293915 21
1746032158443 0.053436923772096634 22
1746032159381 0.05847882479429245 23
1746032160320 0.05330682918429375 24
1746032161253 0.05971528962254524 25
1746032162201 0.05961630865931511 26
1746032163158 0.057486794888973236 27
1746032164116 0.05884725973010063 28
1746032165191 0.051592614501714706 29
1746032166147 0.05329457297921181 30
1746032167091 0.05395641550421715 31
1746032168048 0.05254713073372841 32
1746032168985 0.05409032478928566 33
1746032169920 0.05463094636797905 34
1746032170859 0.05460020527243614 35
1746032171826 0.055762700736522675 36
1746032172766 0.05383395776152611 37
1746032173710 0.05952063947916031 38
1746032174660 0.05527711287140846 39
1746032175595 0.056115347892045975 40
1746032176615 0.05041208863258362 41
1746032177674 0.0545276403427124 42
1746032178641 0.05719346925616264 43
1746032179576 0.0563959963619709 44
1746032180508 0.057633861899375916 45
1746032181441 0.056746892631053925 46
1746032182377 0.05744827166199684 47
1746032183312 0.06145049259066582 48
1746032184250 0.059043463319540024 49
1746032185187 0.05789501965045929 50
1746032186137 0.0579446479678154 51
1746032187073 0.06029839813709259 52
1746032188013 0.05408625304698944 53
1746032189097 0.0530635267496109 54
1746032190104 0.052105292677879333 55
1746032191073 0.05605300888419151 56
1746032192006 0.05722416937351227 57
1746032192940 0.052797432988882065 58
1746032193876 0.059451956301927567 59
1746032194822 0.05462631210684776 60
1746032195755 0.0577772818505764 61
1746032196688 0.05802880600094795 62
1746032197628 0.04810354486107826 63
1746032198567 0.058910075575113297 64
1746032199516 0.05590488761663437 65
1746032200446 0.058263517916202545 66
1746032201448 0.05943308025598526 67
1746032202508 0.05762103199958801 68
1746032203478 0.053316596895456314 69
1746032204411 0.054541319608688354 70
1746032205356 0.05350414291024208 71
1746032206290 0.05481072515249252 72
1746032207224 0.06116747483611107 73
1746032208155 0.05702623724937439 74
1746032209088 0.05916886404156685 75
1746032210025 0.05577918514609337 76
1746032210977 0.05776304006576538 77
1746032211240 0.04904266074299812 78
1746032826664 0.05671479180455208 79
1746032827714 0.05532163754105568 80
1746032828799 0.05403609201312065 81
1746032829754 0.06050531938672066 82
1746032830688 0.05703771859407425 83
1746032831640 0.060576535761356354 84
1746032832593 0.056627873331308365 85
1746032833531 0.053894925862550735 86
1746032834469 0.0553194060921669 87
1746032835406 0.06137838214635849 88
1746032836354 0.05387889966368675 89
1746032837293 0.055763792246580124 90
1746032838234 0.059005189687013626 91
1746032839183 0.060979731380939484 92
1746032840264 0.061263684183359146 93
1746032841345 0.058850470930337906 94
1746032842288 0.057227279990911484 95
1746032843230 0.05388808250427246 96
1746032844173 0.05497099831700325 97
1746032845124 0.05227908119559288 98
1746032846061 0.054039426147937775 99
1746032846999 0.05634790658950806 100
1746032847955 0.05553903430700302 101
1746032848907 0.05996119603514671 102
1746032849841 0.05831727758049965 103
1746032850788 0.05970064550638199 104
1746032851843 0.056008461862802505 105
1746032852845 0.05722792074084282 106
1746032853832 0.062353093177080154 107
1746032854774 0.05548926070332527 108
1746032855714 0.05946727097034454 109
1746032856663 0.054669417440891266 110
1746032857599 0.05384942144155502 111
1746032858532 0.06068820506334305 112
1746032859464 0.058183010667562485 113
1746032860397 0.05706191807985306 114
1746032861345 0.0565960630774498 115
1746032862285 0.0563054122030735 116
1746032863238 0.06089743599295616 117
1746032864320 0.056902460753917694 118
1746032865386 0.059293411672115326 119
1746032866340 0.05825657397508621 120
1746032867292 0.05163991451263428 121
1746032868235 0.055457111448049545 122
1746032869176 0.05947801470756531 123
1746032870141 0.0603453703224659 124
1746032871077 0.06234601512551308 125
1746032872037 0.05482620745897293 126
1746032872986 0.05672599375247955 127
1746032873925 0.05862901359796524 128
1746032874853 0.06028788164258003 129
1746032875819 0.06063900515437126 130
1746032876901 0.060801975429058075 131
1746032877929 0.061276596039533615 132
1746032878877 0.0571221187710762 133
1746032879817 0.05589812248945236 134
1746032880759 0.05915015563368797 135
1746032881701 0.06362070143222809 136
1746032882642 0.05916481092572212 137
1746032883601 0.05029154568910599 138
1746032884537 0.06065899506211281 139
1746032885472 0.055320195853710175 140
1746032886407 0.05746478959918022 141
1746032887343 0.05532090365886688 142
1746032888419 0.060700301080942154 143
1746032889495 0.05693108215928078 144
1746032890456 0.05818626657128334 145
1746032891395 0.05942634865641594 146
1746032892330 0.05288490653038025 147
1746032893269 0.05534691736102104 148
1746032894203 0.05828294903039932 149
1746032895150 0.054848186671733856 150
1746032896087 0.06178388372063637 151
1746032897023 0.05717562139034271 152
1746032897969 0.058236751705408096 153
1746032898906 0.06112481653690338 154
1746032899858 0.06062977761030197 155
1746032900950 0.0572487935423851 156
1746032901230 0.0629420056939125 157
1746033517390 0.06166454032063484 158
1746033518326 0.0526890866458416 159
1746033519264 0.05813392251729965 160
1746033520200 0.057474296540021896 161
1746033521141 0.062024280428886414 162
1746033522083 0.06111279875040054 163
1746033523022 0.05671423301100731 164
1746033523961 0.056521475315093994 165
1746033524899 0.05418861657381058 166
1746033525850 0.05795512720942497 167
1746033526840 0.060897618532180786 168
1746033527834 0.05669593811035156 169
1746033528770 0.05429200455546379 170
1746033529705 0.054756637662649155 171
1746033530649 0.05469202622771263 172
1746033531584 0.05887722596526146 173
1746033532520 0.0548066683113575 174
1746033533460 0.06059465557336807 175
1746033534424 0.05693211778998375 176
1746033535362 0.058838240802288055 177
1746033536307 0.05839519202709198 178
1746033537239 0.060221169143915176 179
1746033538180 0.06094402074813843 180
1746033539242 0.05908834934234619 181
1746033540315 0.06060408055782318 182
1746033541245 0.05592697486281395 183
1746033542190 0.056686125695705414 184
1746033543121 0.0583183653652668 185
1746033544053 0.060036562383174896 186
1746033544996 0.05680536851286888 187
1746033545950 0.058061420917510986 188
1746033546900 0.05905179679393768 189
1746033547842 0.056549832224845886 190
1746033548781 0.05865350738167763 191
1746033549721 0.05924125388264656 192
1746033550799 0.06172940880060196 193
1746033551887 0.05741381645202637 194
1746033552864 0.060473985970020294 195
1746033553803 0.05852644145488739 196
1746033554738 0.060979653149843216 197
1746033555675 0.05615326017141342 198
1746033556624 0.05997136980295181 199
1746033557560 0.05882352963089943 200
1746033558508 0.05770450085401535 201
1746033559477 0.053690798580646515 202
1746033560413 0.05594614893198013 203
1746033561350 0.05800802633166313 204
1746033562291 0.05095618590712547 205
1746033563303 0.058374468237161636 206
1746033564309 0.05825761705636978 207
1746033565254 0.056934308260679245 208
1746033566196 0.057831455022096634 209
1746033567138 0.052775684744119644 210
1746033568079 0.05733798071742058 211
1746033569015 0.05882986634969711 212
1746033569966 0.05967918783426285 213
1746033570902 0.06103607639670372 214
1746033571844 0.05959932133555412 215
1746033572785 0.056923992931842804 216
1746033573729 0.05733839422464371 217
1746033574673 0.057039666920900345 218
1746033575664 0.058258768171072006 219
1746033576632 0.05927595868706703 220
1746033577581 0.055558834224939346 221
1746033578519 0.061258599162101746 222
1746033579459 0.05620838329195976 223
1746033580391 0.05784030631184578 224
1746033581339 0.05826732888817787 225
1746033582276 0.058326058089733124 226
1746033583221 0.0551481731235981 227
1746033584165 0.05751103535294533 228
1746033585104 0.05732445791363716 229
1746033586068 0.05941682308912277 230
1746033587014 0.058602120727300644 231
1746033588099 0.05840224027633667 232
1746033589167 0.05468057468533516 233
1746033590108 0.05769941583275795 234
1746033591049 0.058558832854032516 235
1746033591322 0.05878119170665741 236
1746034206958 0.05752362683415413 237
1746034207913 0.057271379977464676 238
1746034208888 0.059256866574287415 239
1746034209977 0.05674518272280693 240
1746034210957 0.059025052934885025 241
1746034211901 0.053658854216337204 242
1746034212860 0.06157635524868965 243
1746034213805 0.05407821387052536 244
1746034214749 0.060816481709480286 245
1746034215692 0.056551024317741394 246
1746034216636 0.058665987104177475 247
1746034217583 0.05292724072933197 248
1746034218524 0.057600367814302444 249
1746034219484 0.0599181242287159 250
1746034220429 0.05639420822262764 251
1746034221516 0.05887105315923691 252
1746034222524 0.05787072330713272 253
1746034223472 0.052986081689596176 254
1746034224429 0.06022939831018448 255
1746034225384 0.06216897815465927 256
1746034226341 0.06030846759676933 257
1746034227284 0.06296248733997345 258
1746034228231 0.056857358664274216 259
1746034229170 0.05356021970510483 260
1746034230107 0.05613116919994354 261
1746034231053 0.056373316794633865 262
1746034232003 0.06496362388134003 263
1746034232964 0.05851511284708977 264
1746034233993 0.05508124455809593 265
1746034235083 0.05812184140086174 266
1746034236026 0.055841878056526184 267
1746034236973 0.057512734085321426 268
1746034237930 0.058790422976017 269
1746034238876 0.0577256940305233 270
1746034239824 0.05684341862797737 271
1746034240767 0.05630684643983841 272
1746034241711 0.058539241552352905 273
1746034242651 0.0555013008415699 274
1746034243607 0.051844529807567596 275
1746034244553 0.05875910446047783 276
1746034245619 0.056750766932964325 277
1746034246712 0.057754818350076675 278
1746034247692 0.059685468673706055 279
1746034248637 0.05451468005776405 280
1746034249594 0.05855885520577431 281
1746034250537 0.060540616512298584 282
1746034251480 0.060636915266513824 283
1746034252430 0.06043928116559982 284
1746034253380 0.058485329151153564 285
1746034254327 0.053121112287044525 286
1746034255278 0.05731922388076782 287
1746034256219 0.062489159405231476 288
1746034257165 0.05763908103108406 289
1746034258157 0.05813167616724968 290
1746034259131 0.054844606667757034 291
1746034260090 0.0591680146753788 292
1746034261039 0.0610148049890995 293
1746034261998 0.05732373148202896 294
1746034262940 0.06378046423196793 295
1746034263891 0.05824317783117294 296
1746034264847 0.05484015494585037 297
1746034265808 0.059830568730831146 298
1746034266758 0.05738265439867973 299
1746034267702 0.05522068962454796 300
1746034268648 0.05857885628938675 301
1746034269648 0.054947152733802795 302
1746034270713 0.053854018449783325 303
1746034271689 0.05977199599146843 304
1746034272633 0.061474721878767014 305
1746034273575 0.05720873177051544 306
1746034274530 0.05733773112297058 307
1746034275476 0.061942409723997116 308
1746034276421 0.059574469923973083 309
1746034277377 0.05381537228822708 310
1746034278321 0.057757820934057236 311
1746034279266 0.058359116315841675 312
1746034280211 0.056863054633140564 313
1746034281158 0.058046501129865646 314
1746034281422 0.05577279254794121 315
