1746032137242 8.735700607299805 0
1746032138182 8.741464614868164 1
1746032139113 8.519940376281738 2
1746032140164 8.204744338989258 3
1746032141173 7.968873023986816 4
1746032142153 7.73431396484375 5
1746032143101 7.5023512840271 6
1746032144038 7.225245475769043 7
1746032144981 6.984710216522217 8
1746032145932 6.693722724914551 9
1746032146860 6.556576251983643 10
1746032147791 6.486766338348389 11
1746032148728 6.518868923187256 12
1746032149661 6.621569633483887 13
1746032150596 6.618366718292236 14
1746032151524 6.5742506980896 15
1746032152613 6.557564735412598 16
1746032153691 6.596537113189697 17
1746032154651 6.521546840667725 18
1746032155586 6.49483585357666 19
1746032156520 6.519854545593262 20
1746032157503 6.499665260314941 21
1746032158443 6.529122352600098 22
1746032159381 6.557591915130615 23
1746032160320 6.4962873458862305 24
1746032161253 6.466228485107422 25
1746032162201 6.48530387878418 26
1746032163158 6.479188442230225 27
1746032164116 6.488617897033691 28
1746032165191 6.504766941070557 29
1746032166147 6.493137836456299 30
1746032167091 6.4780192375183105 31
1746032168048 6.472733974456787 32
1746032168985 6.423501491546631 33
1746032169920 6.459659576416016 34
1746032170859 6.4889068603515625 35
1746032171826 6.503283500671387 36
1746032172766 6.471779823303223 37
1746032173710 6.465093612670898 38
1746032174660 6.5027337074279785 39
1746032175595 6.500828266143799 40
1746032176615 6.543798446655273 41
1746032177674 6.435002326965332 42
1746032178641 6.43643856048584 43
1746032179576 6.459115505218506 44
1746032180508 6.458202362060547 45
1746032181441 6.449643135070801 46
1746032182377 6.454793453216553 47
1746032183312 6.415030479431152 48
1746032184250 6.441624164581299 49
1746032185187 6.44127082824707 50
1746032186137 6.455610752105713 51
1746032187073 6.474932670593262 52
1746032188013 6.465296745300293 53
1746032189097 6.447949409484863 54
1746032190104 6.463527202606201 55
1746032191073 6.434000492095947 56
1746032192006 6.390595436096191 57
1746032192940 6.478934288024902 58
1746032193876 6.437383651733398 59
1746032194822 6.486091136932373 60
1746032195755 6.446848392486572 61
1746032196688 6.388249397277832 62
1746032197628 6.472339153289795 63
1746032198567 6.473076820373535 64
1746032199516 6.442248821258545 65
1746032200446 6.462015628814697 66
1746032201448 6.430069923400879 67
1746032202508 6.422341346740723 68
1746032203478 6.445572853088379 69
1746032204411 6.478489398956299 70
1746032205356 6.458361625671387 71
1746032206290 6.391790390014648 72
1746032207224 6.421009063720703 73
1746032208155 6.3799543380737305 74
1746032209088 6.45058536529541 75
1746032210025 6.463953018188477 76
1746032210977 6.4297943115234375 77
1746032211240 6.488757133483887 78
1746032826664 6.4717607498168945 79
1746032827714 6.423747539520264 80
1746032828799 6.436870574951172 81
1746032829754 6.421924114227295 82
1746032830688 6.425179481506348 83
1746032831640 6.416837215423584 84
1746032832593 6.460352420806885 85
1746032833531 6.406285285949707 86
1746032834469 6.397347927093506 87
1746032835406 6.397922515869141 88
1746032836354 6.442661762237549 89
1746032837293 6.402099132537842 90
1746032838234 6.373937129974365 91
1746032839183 6.394601345062256 92
1746032840264 6.404134273529053 93
1746032841345 6.474233150482178 94
1746032842288 6.426718235015869 95
1746032843230 6.424030303955078 96
1746032844173 6.45837926864624 97
1746032845124 6.435559272766113 98
1746032846061 6.429120063781738 99
1746032846999 6.451418399810791 100
1746032847955 6.427238941192627 101
1746032848907 6.4400715827941895 102
1746032849841 6.382041931152344 103
1746032850788 6.390533924102783 104
1746032851843 6.4412384033203125 105
1746032852845 6.417704105377197 106
1746032853832 6.3662495613098145 107
1746032854774 6.42202615737915 108
1746032855714 6.394641399383545 109
1746032856663 6.3980793952941895 110
1746032857599 6.4203948974609375 111
1746032858532 6.3973283767700195 112
1746032859464 6.42041540145874 113
1746032860397 6.3630290031433105 114
1746032861345 6.387028694152832 115
1746032862285 6.439137935638428 116
1746032863238 6.387246608734131 117
1746032864320 6.432031154632568 118
1746032865386 6.434911251068115 119
1746032866340 6.422129154205322 120
1746032867292 6.426976203918457 121
1746032868235 6.436492919921875 122
1746032869176 6.387942790985107 123
1746032870141 6.414793491363525 124
1746032871077 6.4320969581604 125
1746032872037 6.429483890533447 126
1746032872986 6.45274019241333 127
1746032873925 6.385825157165527 128
1746032874853 6.475038528442383 129
1746032875819 6.418968200683594 130
1746032876901 6.452038288116455 131
1746032877929 6.3810906410217285 132
1746032878877 6.4488420486450195 133
1746032879817 6.408900260925293 134
1746032880759 6.417701244354248 135
1746032881701 6.386356830596924 136
1746032882642 6.438828945159912 137
1746032883601 6.407332420349121 138
1746032884537 6.405440330505371 139
1746032885472 6.432668685913086 140
1746032886407 6.396512031555176 141
1746032887343 6.438557147979736 142
1746032888419 6.40054178237915 143
1746032889495 6.435947895050049 144
1746032890456 6.417465686798096 145
1746032891395 6.429554462432861 146
1746032892330 6.395284175872803 147
1746032893269 6.422517776489258 148
1746032894203 6.4431471824646 149
1746032895150 6.433446884155273 150
1746032896087 6.40503454208374 151
1746032897023 6.405548572540283 152
1746032897969 6.4117255210876465 153
1746032898906 6.403026580810547 154
1746032899858 6.411139488220215 155
1746032900950 6.435788631439209 156
1746032901230 6.433626651763916 157
1746033517390 6.400875091552734 158
1746033518326 6.382557392120361 159
1746033519264 6.445044994354248 160
1746033520200 6.411916732788086 161
1746033521141 6.390129089355469 162
1746033522083 6.372556209564209 163
1746033523022 6.432664394378662 164
1746033523961 6.402736186981201 165
1746033524899 6.402313709259033 166
1746033525850 6.390733242034912 167
1746033526840 6.411046981811523 168
1746033527834 6.430807113647461 169
1746033528770 6.423069953918457 170
1746033529705 6.418214321136475 171
1746033530649 6.38813591003418 172
1746033531584 6.402703762054443 173
1746033532520 6.42072057723999 174
1746033533460 6.386885643005371 175
1746033534424 6.427178382873535 176
1746033535362 6.453595161437988 177
1746033536307 6.450545310974121 178
1746033537239 6.418905258178711 179
1746033538180 6.369692802429199 180
1746033539242 6.440937042236328 181
1746033540315 6.399036407470703 182
1746033541245 6.399966239929199 183
1746033542190 6.457356929779053 184
1746033543121 6.431211471557617 185
1746033544053 6.401307106018066 186
1746033544996 6.402581214904785 187
1746033545950 6.406142234802246 188
1746033546900 6.394796371459961 189
1746033547842 6.3981475830078125 190
1746033548781 6.362860679626465 191
1746033549721 6.395500183105469 192
1746033550799 6.385441780090332 193
1746033551887 6.397164344787598 194
1746033552864 6.386701583862305 195
1746033553803 6.40972900390625 196
1746033554738 6.423201560974121 197
1746033555675 6.429306983947754 198
1746033556624 6.417151927947998 199
1746033557560 6.411187648773193 200
1746033558508 6.3946852684021 201
1746033559477 6.416264533996582 202
1746033560413 6.396406173706055 203
1746033561350 6.372234344482422 204
1746033562291 6.425873756408691 205
1746033563303 6.393128395080566 206
1746033564309 6.414615631103516 207
1746033565254 6.427250385284424 208
1746033566196 6.381030559539795 209
1746033567138 6.4080634117126465 210
1746033568079 6.392354965209961 211
1746033569015 6.4037322998046875 212
1746033569966 6.418242931365967 213
1746033570902 6.40207052230835 214
1746033571844 6.365316390991211 215
1746033572785 6.4137420654296875 216
1746033573729 6.387413024902344 217
1746033574673 6.3823137283325195 218
1746033575664 6.400694847106934 219
1746033576632 6.446242809295654 220
1746033577581 6.410739898681641 221
1746033578519 6.388731002807617 222
1746033579459 6.3729047775268555 223
1746033580391 6.407140731811523 224
1746033581339 6.4018168449401855 225
1746033582276 6.40847635269165 226
1746033583221 6.411214351654053 227
1746033584165 6.400479316711426 228
1746033585104 6.432119846343994 229
1746033586068 6.413622856140137 230
1746033587014 6.421304225921631 231
1746033588099 6.395380973815918 232
1746033589167 6.451577663421631 233
1746033590108 6.405482769012451 234
1746033591049 6.434230804443359 235
1746033591322 6.396958351135254 236
1746034206958 6.406740665435791 237
1746034207913 6.4083075523376465 238
1746034208888 6.411566257476807 239
1746034209977 6.3635382652282715 240
1746034210957 6.381261825561523 241
1746034211901 6.367074966430664 242
1746034212860 6.447073936462402 243
1746034213805 6.3939290046691895 244
1746034214749 6.379034042358398 245
1746034215692 6.411557674407959 246
1746034216636 6.4286017417907715 247
1746034217583 6.409767150878906 248
1746034218524 6.392978668212891 249
1746034219484 6.363864421844482 250
1746034220429 6.360032558441162 251
1746034221516 6.402912139892578 252
1746034222524 6.441239356994629 253
1746034223472 6.447796821594238 254
1746034224429 6.4012980461120605 255
1746034225384 6.365447521209717 256
1746034226341 6.377342224121094 257
1746034227284 6.390246391296387 258
1746034228231 6.422971725463867 259
1746034229170 6.38240385055542 260
1746034230107 6.410305976867676 261
1746034231053 6.41136360168457 262
1746034232003 6.37654447555542 263
1746034232964 6.406225681304932 264
1746034233993 6.418054580688477 265
1746034235083 6.423141956329346 266
1746034236026 6.395419597625732 267
1746034236973 6.3939666748046875 268
1746034237930 6.4136247634887695 269
1746034238876 6.423007965087891 270
1746034239824 6.352640628814697 271
1746034240767 6.392849445343018 272
1746034241711 6.3636555671691895 273
1746034242651 6.391478538513184 274
1746034243607 6.451618671417236 275
1746034244553 6.373675346374512 276
1746034245619 6.381006717681885 277
1746034246712 6.387724876403809 278
1746034247692 6.369124412536621 279
1746034248637 6.393056392669678 280
1746034249594 6.435092449188232 281
1746034250537 6.386340141296387 282
1746034251480 6.386153221130371 283
1746034252430 6.3728837966918945 284
1746034253380 6.3786749839782715 285
1746034254327 6.401214599609375 286
1746034255278 6.393653869628906 287
1746034256219 6.348745346069336 288
1746034257165 6.402379989624023 289
1746034258157 6.455273628234863 290
1746034259131 6.414215087890625 291
1746034260090 6.406833648681641 292
1746034261039 6.423395156860352 293
1746034261998 6.448680877685547 294
1746034262940 6.376292705535889 295
1746034263891 6.368799686431885 296
1746034264847 6.429998397827148 297
1746034265808 6.409928321838379 298
1746034266758 6.39806604385376 299
1746034267702 6.381256580352783 300
1746034268648 6.390926361083984 301
1746034269648 6.434421539306641 302
1746034270713 6.392743110656738 303
1746034271689 6.4192094802856445 304
1746034272633 6.392944812774658 305
1746034273575 6.430208206176758 306
1746034274530 6.415246486663818 307
1746034275476 6.377604961395264 308
1746034276421 6.398194313049316 309
1746034277377 6.383523941040039 310
1746034278321 6.432548999786377 311
1746034279266 6.39293098449707 312
1746034280211 6.412112236022949 313
1746034281158 6.415993690490723 314
1746034281422 6.459803104400635 315
