1746032137242 0.0005555555555555556 0
1746032138182 0.0011111111111111111 1
1746032139113 0.0016666666666666666 2
1746032140164 0.0022222222222222222 3
1746032141173 0.002777777777777778 4
1746032142153 0.003333333333333333 5
1746032143101 0.003888888888888889 6
1746032144038 0.0044444444444444444 7
1746032144981 0.005 8
1746032145932 0.005555555555555556 9
1746032146860 0.006111111111111111 10
1746032147791 0.006666666666666666 11
1746032148728 0.007222222222222222 12
1746032149661 0.007777777777777778 13
1746032150596 0.008333333333333333 14
1746032151524 0.008888888888888889 15
1746032152613 0.009444444444444445 16
1746032153691 0.01 17
1746032154651 0.009966442953020134 18
1746032155586 0.00993288590604027 19
1746032156520 0.009899328859060403 20
1746032157503 0.009865771812080537 21
1746032158443 0.009832214765100671 22
1746032159381 0.009798657718120806 23
1746032160320 0.00976510067114094 24
1746032161253 0.009731543624161074 25
1746032162201 0.009697986577181208 26
1746032163158 0.009664429530201343 27
1746032164116 0.009630872483221477 28
1746032165191 0.009597315436241611 29
1746032166147 0.009563758389261745 30
1746032167091 0.009530201342281878 31
1746032168048 0.009496644295302014 32
1746032168985 0.009463087248322148 33
1746032169920 0.009429530201342282 34
1746032170859 0.009395973154362415 35
1746032171826 0.009362416107382551 36
1746032172766 0.009328859060402685 37
1746032173710 0.00929530201342282 38
1746032174660 0.009261744966442954 39
1746032175595 0.009228187919463086 40
1746032176615 0.009194630872483222 41
1746032177674 0.009161073825503355 42
1746032178641 0.009127516778523491 43
1746032179576 0.009093959731543625 44
1746032180508 0.009060402684563758 45
1746032181441 0.009026845637583892 46
1746032182377 0.008993288590604028 47
1746032183312 0.008959731543624162 48
1746032184250 0.008926174496644295 49
1746032185187 0.00889261744966443 50
1746032186137 0.008859060402684565 51
1746032187073 0.008825503355704699 52
1746032188013 0.008791946308724832 53
1746032189097 0.008758389261744966 54
1746032190104 0.0087248322147651 55
1746032191073 0.008691275167785235 56
1746032192006 0.00865771812080537 57
1746032192940 0.008624161073825505 58
1746032193876 0.008590604026845637 59
1746032194822 0.008557046979865772 60
1746032195755 0.008523489932885906 61
1746032196688 0.008489932885906042 62
1746032197628 0.008456375838926175 63
1746032198567 0.00842281879194631 64
1746032199516 0.008389261744966443 65
1746032200446 0.008355704697986577 66
1746032201448 0.008322147651006712 67
1746032202508 0.008288590604026846 68
1746032203478 0.00825503355704698 69
1746032204411 0.008221476510067114 70
1746032205356 0.00818791946308725 71
1746032206290 0.008154362416107383 72
1746032207224 0.008120805369127517 73
1746032208155 0.00808724832214765 74
1746032209088 0.008053691275167784 75
1746032210025 0.00802013422818792 76
1746032210977 0.007986577181208054 77
1746032211240 0.007953020134228187 78
1746032826664 0.007919463087248321 79
1746032827714 0.007885906040268457 80
1746032828799 0.00785234899328859 81
1746032829754 0.007818791946308726 82
1746032830688 0.007785234899328859 83
1746032831640 0.007751677852348994 84
1746032832593 0.0077181208053691275 85
1746032833531 0.007684563758389261 86
1746032834469 0.007651006711409396 87
1746032835406 0.00761744966442953 88
1746032836354 0.007583892617449664 89
1746032837293 0.007550335570469798 90
1746032838234 0.007516778523489934 91
1746032839183 0.007483221476510067 92
1746032840264 0.007449664429530202 93
1746032841345 0.007416107382550336 94
1746032842288 0.007382550335570471 95
1746032843230 0.007348993288590604 96
1746032844173 0.007315436241610739 97
1746032845124 0.007281879194630873 98
1746032846061 0.007248322147651007 99
1746032846999 0.007214765100671141 100
1746032847955 0.007181208053691275 101
1746032848907 0.00714765100671141 102
1746032849841 0.0071140939597315435 103
1746032850788 0.007080536912751678 104
1746032851843 0.007046979865771812 105
1746032852845 0.007013422818791947 106
1746032853832 0.00697986577181208 107
1746032854774 0.006946308724832215 108
1746032855714 0.006912751677852349 109
1746032856663 0.006879194630872483 110
1746032857599 0.006845637583892617 111
1746032858532 0.006812080536912751 112
1746032859464 0.006778523489932887 113
1746032860397 0.0067449664429530196 114
1746032861345 0.006711409395973155 115
1746032862285 0.006677852348993289 116
1746032863238 0.0066442953020134235 117
1746032864320 0.006610738255033557 118
1746032865386 0.006577181208053692 119
1746032866340 0.006543624161073826 120
1746032867292 0.0065100671140939596 121
1746032868235 0.006476510067114094 122
1746032869176 0.006442953020134228 123
1746032870141 0.006409395973154363 124
1746032871077 0.0063758389261744965 125
1746032872037 0.006342281879194631 126
1746032872986 0.006308724832214765 127
1746032873925 0.0062751677852349 128
1746032874853 0.006241610738255033 129
1746032875819 0.006208053691275168 130
1746032876901 0.006174496644295302 131
1746032877929 0.006140939597315436 132
1746032878877 0.00610738255033557 133
1746032879817 0.006073825503355704 134
1746032880759 0.00604026845637584 135
1746032881701 0.006006711409395973 136
1746032882642 0.005973154362416108 137
1746032883601 0.005939597315436242 138
1746032884537 0.0059060402684563765 139
1746032885472 0.00587248322147651 140
1746032886407 0.005838926174496645 141
1746032887343 0.005805369127516779 142
1746032888419 0.005771812080536913 143
1746032889495 0.005738255033557047 144
1746032890456 0.005704697986577181 145
1746032891395 0.005671140939597316 146
1746032892330 0.005637583892617449 147
1746032893269 0.005604026845637584 148
1746032894203 0.005570469798657718 149
1746032895150 0.0055369127516778525 150
1746032896087 0.005503355704697986 151
1746032897023 0.005469798657718121 152
1746032897969 0.005436241610738255 153
1746032898906 0.00540268456375839 154
1746032899858 0.005369127516778523 155
1746032900950 0.005335570469798657 156
1746032901230 0.0053020134228187925 157
1746033517390 0.005268456375838926 158
1746033518326 0.005234899328859061 159
1746033519264 0.005201342281879195 160
1746033520200 0.005167785234899329 161
1746033521141 0.005134228187919463 162
1746033522083 0.005100671140939598 163
1746033523022 0.005067114093959732 164
1746033523961 0.005033557046979866 165
1746033524899 0.005 166
1746033525850 0.004966442953020135 167
1746033526840 0.0049328859060402686 168
1746033527834 0.004899328859060403 169
1746033528770 0.004865771812080537 170
1746033529705 0.004832214765100672 171
1746033530649 0.0047986577181208055 172
1746033531584 0.004765100671140939 173
1746033532520 0.004731543624161074 174
1746033533460 0.004697986577181208 175
1746033534424 0.004664429530201342 176
1746033535362 0.004630872483221477 177
1746033536307 0.004597315436241611 178
1746033537239 0.0045637583892617455 179
1746033538180 0.004530201342281879 180
1746033539242 0.004496644295302014 181
1746033540315 0.004463087248322148 182
1746033541245 0.004429530201342282 183
1746033542190 0.004395973154362416 184
1746033543121 0.00436241610738255 185
1746033544053 0.004328859060402685 186
1746033544996 0.004295302013422818 187
1746033545950 0.004261744966442953 188
1746033546900 0.004228187919463088 189
1746033547842 0.0041946308724832215 190
1746033548781 0.004161073825503356 191
1746033549721 0.00412751677852349 192
1746033550799 0.004093959731543625 193
1746033551887 0.004060402684563758 194
1746033552864 0.004026845637583892 195
1746033553803 0.003993288590604027 196
1746033554738 0.003959731543624161 197
1746033555675 0.003926174496644295 198
1746033556624 0.0038926174496644295 199
1746033557560 0.0038590604026845637 200
1746033558508 0.003825503355704698 201
1746033559477 0.003791946308724832 202
1746033560413 0.003758389261744967 203
1746033561350 0.003724832214765101 204
1746033562291 0.0036912751677852353 205
1746033563303 0.0036577181208053695 206
1746033564309 0.0036241610738255033 207
1746033565254 0.0035906040268456375 208
1746033566196 0.0035570469798657718 209
1746033567138 0.003523489932885906 210
1746033568079 0.00348993288590604 211
1746033569015 0.0034563758389261744 212
1746033569966 0.0034228187919463087 213
1746033570902 0.0033892617449664433 214
1746033571844 0.0033557046979865775 215
1746033572785 0.0033221476510067118 216
1746033573729 0.003288590604026846 217
1746033574673 0.0032550335570469798 218
1746033575664 0.003221476510067114 219
1746033576632 0.0031879194630872482 220
1746033577581 0.0031543624161073825 221
1746033578519 0.0031208053691275167 222
1746033579459 0.003087248322147651 223
1746033580391 0.003053691275167785 224
1746033581339 0.00302013422818792 225
1746033582276 0.002986577181208054 226
1746033583221 0.0029530201342281882 227
1746033584165 0.0029194630872483225 228
1746033585104 0.0028859060402684567 229
1746033586068 0.0028523489932885905 230
1746033587014 0.0028187919463087247 231
1746033588099 0.002785234899328859 232
1746033589167 0.002751677852348993 233
1746033590108 0.0027181208053691274 234
1746033591049 0.0026845637583892616 235
1746033591322 0.0026510067114093963 236
1746034206958 0.0026174496644295305 237
1746034207913 0.0025838926174496647 238
1746034208888 0.002550335570469799 239
1746034209977 0.002516778523489933 240
1746034210957 0.0024832214765100674 241
1746034211901 0.0024496644295302016 242
1746034212860 0.002416107382550336 243
1746034213805 0.0023825503355704696 244
1746034214749 0.002348993288590604 245
1746034215692 0.0023154362416107385 246
1746034216636 0.0022818791946308727 247
1746034217583 0.002248322147651007 248
1746034218524 0.002214765100671141 249
1746034219484 0.002181208053691275 250
1746034220429 0.002147651006711409 251
1746034221516 0.002114093959731544 252
1746034222524 0.002080536912751678 253
1746034223472 0.0020469798657718123 254
1746034224429 0.002013422818791946 255
1746034225384 0.0019798657718120803 256
1746034226341 0.0019463087248322148 257
1746034227284 0.001912751677852349 258
1746034228231 0.0018791946308724834 259
1746034229170 0.0018456375838926176 260
1746034230107 0.0018120805369127517 261
1746034231053 0.0017785234899328859 262
1746034232003 0.00174496644295302 263
1746034232964 0.0017114093959731543 264
1746034233993 0.0016778523489932888 265
1746034235083 0.001644295302013423 266
1746034236026 0.001610738255033557 267
1746034236973 0.0015771812080536912 268
1746034237930 0.0015436241610738255 269
1746034238876 0.00151006711409396 270
1746034239824 0.0014765100671140941 271
1746034240767 0.0014429530201342283 272
1746034241711 0.0014093959731543624 273
1746034242651 0.0013758389261744966 274
1746034243607 0.0013422818791946308 275
1746034244553 0.0013087248322147652 276
1746034245619 0.0012751677852348995 277
1746034246712 0.0012416107382550337 278
1746034247692 0.001208053691275168 279
1746034248637 0.001174496644295302 280
1746034249594 0.0011409395973154364 281
1746034250537 0.0011073825503355706 282
1746034251480 0.0010738255033557046 283
1746034252430 0.001040268456375839 284
1746034253380 0.001006711409395973 285
1746034254327 0.0009731543624161074 286
1746034255278 0.0009395973154362417 287
1746034256219 0.0009060402684563758 288
1746034257165 0.00087248322147651 289
1746034258157 0.0008389261744966444 290
1746034259131 0.0008053691275167785 291
1746034260090 0.0007718120805369127 292
1746034261039 0.0007382550335570471 293
1746034261998 0.0007046979865771812 294
1746034262940 0.0006711409395973154 295
1746034263891 0.0006375838926174497 296
1746034264847 0.000604026845637584 297
1746034265808 0.0005704697986577182 298
1746034266758 0.0005369127516778523 299
1746034267702 0.0005033557046979865 300
1746034268648 0.00046979865771812086 301
1746034269648 0.000436241610738255 302
1746034270713 0.00040268456375838925 303
1746034271689 0.00036912751677852353 304
1746034272633 0.0003355704697986577 305
1746034273575 0.000302013422818792 306
1746034274530 0.00026845637583892615 307
1746034275476 0.00023489932885906043 308
1746034276421 0.00020134228187919463 309
1746034277377 0.00016778523489932885 310
1746034278321 0.00013422818791946307 311
1746034279266 0.00010067114093959731 312
1746034280211 6.711409395973154e-05 313
1746034281158 3.355704697986577e-05 314
1746034281422 0.0 315
