1746035108910 0.0 0
1746035111028 6.406559987226501e-05 1
1746035113133 0.00028350698994472623 2
1746035115322 0.00023714946291875094 3
1746035117420 0.000141472730319947 4
1746035119671 0.0001430819829693064 5
1746035121802 5.054078792454675e-05 6
1746035123905 7.18132869224064e-05 7
1746035126008 0.000132021916215308 8
1746035128104 0.00023779798357281834 9
1746035130220 0.00035122636472806334 10
1746035132564 0.00032385517260991037 11
1746035134705 0.002106836996972561 12
1746035136805 0.0013935340102761984 13
1746035138905 0.0019395607523620129 14
1746035141013 0.002160760574042797 15
1746035143127 0.011149337515234947 16
1746035145495 0.013455191627144814 17
1746035147603 0.012179949320852757 18
1746035149712 0.012343957088887691 19
1746035151812 0.045788366347551346 20
1746035153939 0.045466456562280655 21
1746035156068 0.04392500966787338 22
1746035158405 0.0446416474878788 23
1746035160503 0.05877041071653366 24
1746035162602 0.06347939372062683 25
1746035164702 0.05933377146720886 26
1746035166823 0.0572005920112133 27
1746035169214 0.06288907676935196 28
1746035171335 0.06434772163629532 29
1746035173449 0.05877584218978882 30
1746035175575 0.06337490677833557 31
1746035177683 0.06173919513821602 32
1746035179797 0.06360572576522827 33
1746035182217 0.05981786549091339 34
1746035184335 0.06193864345550537 35
1746035186441 0.059026069939136505 36
1746035188546 0.06192793324589729 37
1746035190645 0.06079624593257904 38
1746035192862 0.06222248077392578 39
1746035194995 0.05908568948507309 40
1746035197086 0.05926516652107239 41
1746035199185 0.057592280209064484 42
1746035201297 0.06253037601709366 43
1746035203409 0.059606172144412994 44
1746035205788 0.06335316598415375 45
1746035207914 0.06298422068357468 46
1746035210028 0.06004451960325241 47
1746035212131 0.061750639230012894 48
1746035214233 0.06331891566514969 49
1746035216342 0.06745737791061401 50
1746035218710 0.06375274807214737 51
1746035220824 0.0624421201646328 52
1746035222922 0.0649719089269638 53
1746035225018 0.06011921539902687 54
1746035227153 0.06036640703678131 55
1746035229273 0.06611791253089905 56
1746035231436 0.05807306244969368 57
1746035233541 0.06460859626531601 58
1746035235644 0.06690777838230133 59
1746035237748 0.05844888836145401 60
1746035239865 0.06323253363370895 61
1746035242107 0.06339925527572632 62
1746035244342 0.06275264918804169 63
1746035246445 0.06006378307938576 64
1746035248546 0.06242926046252251 65
1746035250642 0.06461833417415619 66
1746035252749 0.06261307746171951 67
1746035254994 0.06524641811847687 68
1746035257116 0.06093514338135719 69
1746035259223 0.05790256708860397 70
1746035261329 0.0661570131778717 71
1746035263457 0.058183010667562485 72
1746035265564 0.06579311192035675 73
1746035267974 0.05823441967368126 74
1746035270090 0.054949190467596054 75
1746035272192 0.06572114676237106 76
1746035274296 0.060418810695409775 77
1746035276412 0.06749637424945831 78
1746035278599 0.06263467669487 79
1746035280871 0.06255707889795303 80
1746035282485 0.058466583490371704 81
1746035971935 0.06012536957859993 82
1746035974052 0.06292074918746948 83
1746035976153 0.05835543945431709 84
1746035978584 0.06375882029533386 85
1746035980708 0.062023017555475235 86
1746035982806 0.05833382159471512 87
1746035984911 0.061811577528715134 88
1746035987003 0.06587347388267517 89
1746035989139 0.06527768820524216 90
1746035991317 0.06422770023345947 91
1746035993422 0.06196370720863342 92
1746035995533 0.06450308859348297 93
1746035997628 0.06059285253286362 94
1746035999735 0.06413182616233826 95
1746036002000 0.0607454776763916 96
1746036004114 0.06377700716257095 97
1746036006219 0.062369246035814285 98
1746036008325 0.0643727034330368 99
1746036010443 0.05905846878886223 100
1746036012553 0.06558786332607269 101
1746036014988 0.059705253690481186 102
1746036017126 0.05984555929899216 103
1746036019234 0.06119772791862488 104
1746036021354 0.05912892892956734 105
1746036023464 0.05984864383935928 106
1746036025587 0.06152862310409546 107
1746036027794 0.05790058150887489 108
1746036029911 0.05931630730628967 109
1746036032020 0.06228658929467201 110
1746036034137 0.06227907910943031 111
1746036036245 0.059206780046224594 112
1746036038469 0.06441369652748108 113
1746036040697 0.06214302033185959 114
1746036042788 0.06266164779663086 115
1746036044891 0.05908613279461861 116
1746036046995 0.059116020798683167 117
1746036049086 0.06007979437708855 118
1746036051530 0.06291517615318298 119
1746036053653 0.058466628193855286 120
1746036055766 0.06518389284610748 121
1746036057877 0.06419491767883301 122
1746036059983 0.0633070319890976 123
1746036062109 0.059092167764902115 124
1746036064420 0.061277348548173904 125
1746036066532 0.06360515207052231 126
1746036068653 0.06657323241233826 127
1746036070765 0.05709487944841385 128
1746036072885 0.057019613683223724 129
1746036075087 0.06459099054336548 130
1746036077332 0.06055393069982529 131
1746036079435 0.05938553810119629 132
1746036081540 0.06112085282802582 133
1746036083645 0.06545072048902512 134
1746036085783 0.061629220843315125 135
1746036088212 0.0649779736995697 136
1746036090320 0.05700712651014328 137
1746036092419 0.06295296549797058 138
1746036094525 0.06305412948131561 139
1746036096636 0.0647820234298706 140
1746036098755 0.06024778261780739 141
1746036101160 0.05881541594862938 142
1746036103265 0.06386612355709076 143
1746036105377 0.06236187741160393 144
1746036107488 0.05940478295087814 145
1746036109609 0.06723403930664062 146
1746036112028 0.06307346373796463 147
1746036114141 0.06082802638411522 148
1746036116249 0.06547976285219193 149
1746036118349 0.06326618790626526 150
1746036120457 0.05997047573328018 151
1746036122565 0.06812354922294617 152
1746036124845 0.06259644776582718 153
1746036126953 0.06065601855516434 154
1746036129058 0.06364444643259048 155
1746036131164 0.06823398172855377 156
1746036133277 0.06344836205244064 157
1746036135385 0.056629519909620285 158
1746036137612 0.058329563587903976 159
1746036139720 0.06282403320074081 160
1746036141828 0.06362175941467285 161
1746036143951 0.05967729911208153 162
1746036145569 0.06261859834194183 163
1746036840072 0.06451612710952759 164
1746036842187 0.06583602726459503 165
1746036844303 0.05657859519124031 166
1746036846543 0.06117979437112808 167
1746036848741 0.05543515458703041 168
1746036850846 0.06387533992528915 169
1746036852968 0.061050865799188614 170
1746036855076 0.05978717282414436 171
1746036857187 0.060778312385082245 172
1746036859592 0.06442397087812424 173
1746036861699 0.06224355474114418 174
1746036863820 0.0631684884428978 175
1746036865926 0.06285032629966736 176
1746036868027 0.06348572671413422 177
1746036870139 0.05961115285754204 178
1746036872456 0.05949952453374863 179
1746036874560 0.059233203530311584 180
1746036876681 0.054224833846092224 181
1746036878789 0.06520099192857742 182
1746036880893 0.06138727441430092 183
1746036883113 0.0631483718752861 184
1746036885243 0.06351417303085327 185
1746036887345 0.06108597293496132 186
1746036889490 0.06495244055986404 187
1746036891597 0.05984104797244072 188
1746036893693 0.06456704437732697 189
1746036895929 0.05920376256108284 190
1746036898038 0.06027674302458763 191
1746036900151 0.06525962799787521 192
1746036902253 0.0565662756562233 193
1746036904358 0.06227615103125572 194
1746036906462 0.0605863593518734 195
1746036908690 0.06548814475536346 196
1746036910811 0.0591888464987278 197
1746036912928 0.06124093383550644 198
1746036915039 0.06070350483059883 199
1746036917146 0.06393275409936905 200
1746036919252 0.06900172680616379 201
1746036921613 0.06607462465763092 202
1746036923756 0.06504331529140472 203
1746036925867 0.05903760716319084 204
1746036927981 0.06243474781513214 205
1746036930087 0.06209418177604675 206
1746036932246 0.06237161532044411 207
1746036934390 0.06382463127374649 208
1746036936486 0.05968599021434784 209
1746036938606 0.05976824462413788 210
1746036940714 0.06453645974397659 211
1746036942823 0.06151510775089264 212
1746036945244 0.05948300659656525 213
1746036947355 0.0635349452495575 214
1746036949452 0.06179938465356827 215
1746036951571 0.06556933373212814 216
1746036953674 0.06338465958833694 217
1746036955780 0.06130358949303627 218
1746036958203 0.0605149008333683 219
1746036960321 0.06345319002866745 220
1746036962438 0.06549318879842758 221
1746036964540 0.06266956031322479 222
1746036966651 0.06439529359340668 223
1746036968851 0.06694970279932022 224
1746036971011 0.0678149163722992 225
1746036973123 0.06089941784739494 226
1746036975237 0.0661780908703804 227
1746036977335 0.06213349103927612 228
1746036979437 0.06294381618499756 229
1746036981833 0.05927946791052818 230
1746036983966 0.06590486317873001 231
1746036986079 0.060040995478630066 232
1746036988204 0.06189754977822304 233
1746036990318 0.06447925418615341 234
1746036992447 0.06155778840184212 235
1746036994871 0.06456069648265839 236
1746036996986 0.06489497423171997 237
1746036999084 0.0620909258723259 238
1746037001203 0.060819461941719055 239
1746037003306 0.06567014753818512 240
1746037005575 0.06505563110113144 241
1746037007756 0.059817612171173096 242
1746037009863 0.06667453050613403 243
1746037011973 0.06596614420413971 244
1746037013587 0.05394584313035011 245
1746037708275 0.06789353489875793 246
1746037710376 0.06366319209337234 247
1746037712498 0.06059814617037773 248
1746037714613 0.06315453350543976 249
1746037717022 0.06522219628095627 250
1746037719158 0.06434411555528641 251
1746037721261 0.06525806337594986 252
1746037723371 0.06687051057815552 253
1746037725474 0.06669095903635025 254
1746037727591 0.06379802525043488 255
1746037730001 0.06228500232100487 256
1746037732126 0.0602174736559391 257
1746037734225 0.06790704280138016 258
1746037736337 0.0626806914806366 259
1746037738450 0.06538096070289612 260
1746037740689 0.06422599405050278 261
1746037742811 0.07290803641080856 262
1746037744916 0.0684790089726448 263
1746037747022 0.07049970328807831 264
1746037749130 0.06472322344779968 265
1746037751240 0.07323706895112991 266
1746037753590 0.06412489712238312 267
1746037755726 0.06525273621082306 268
1746037757827 0.06566886603832245 269
1746037759934 0.07259353995323181 270
1746037762045 0.06507710367441177 271
1746037764161 0.07092463970184326 272
1746037766557 0.06556104123592377 273
1746037768662 0.06889718770980835 274
1746037770770 0.06952841579914093 275
1746037772882 0.07147946208715439 276
1746037775006 0.06689752638339996 277
1746037777158 0.0725378692150116 278
1746037779317 0.07240831851959229 279
1746037781425 0.07291729748249054 280
1746037783531 0.07032600045204163 281
1746037785638 0.06956085562705994 282
1746037787749 0.07655390352010727 283
1746037790015 0.0702226385474205 284
1746037792195 0.06952784210443497 285
1746037794303 0.06883028894662857 286
1746037796406 0.07446534186601639 287
1746037798509 0.07071243971586227 288
1746037800630 0.07194072753190994 289
1746037803047 0.07410261034965515 290
1746037805183 0.07608050107955933 291
1746037807320 0.07010475546121597 292
1746037809429 0.06811754405498505 293
1746037811530 0.0712890625 294
1746037813648 0.07267938554286957 295
1746037815895 0.07001901417970657 296
1746037818006 0.07550322264432907 297
1746037820118 0.07553455978631973 298
1746037822219 0.07831566780805588 299
1746037824319 0.07441943138837814 300
1746037826542 0.06788866221904755 301
1746037828735 0.07158446311950684 302
1746037830843 0.07331547886133194 303
1746037832950 0.0740455910563469 304
1746037835058 0.07244347780942917 305
1746037837178 0.0688377171754837 306
1746037839478 0.07440406084060669 307
1746037841595 0.07466785609722137 308
1746037843704 0.07702799141407013 309
1746037845817 0.0730728879570961 310
1746037847927 0.07259875535964966 311
1746037850050 0.07302045822143555 312
1746037852392 0.07682477682828903 313
1746037854511 0.08132859319448471 314
1746037856631 0.07629859447479248 315
1746037858738 0.07231885194778442 316
1746037860850 0.0763888880610466 317
1746037862976 0.075027234852314 318
1746037865197 0.0735357329249382 319
1746037867299 0.07304085791110992 320
1746037869401 0.07641114294528961 321
1746037871515 0.07516760379076004 322
1746037873623 0.07561913132667542 323
1746037875834 0.07872326672077179 324
1746037878044 0.07482457906007767 325
1746037880154 0.07979060709476471 326
1746037881768 0.07533902674913406 327
