1746035108910 2.379561424255371 0
1746035111028 2.3801138401031494 1
1746035113133 2.376659393310547 2
1746035115322 2.3782808780670166 3
1746035117420 2.376204252243042 4
1746035119671 2.3767659664154053 5
1746035121802 2.377707004547119 6
1746035123905 2.376864433288574 7
1746035126008 2.3671436309814453 8
1746035128104 2.368166446685791 9
1746035130220 2.366563081741333 10
1746035132564 2.3652188777923584 11
1746035134705 2.3486151695251465 12
1746035136805 2.3470852375030518 13
1746035138905 2.347973108291626 14
1746035141013 2.348644733428955 15
1746035143127 2.3199539184570312 16
1746035145495 2.316730499267578 17
1746035147603 2.319880962371826 18
1746035149712 2.3159239292144775 19
1746035151812 2.2834393978118896 20
1746035153939 2.280604839324951 21
1746035156068 2.2837612628936768 22
1746035158405 2.2824344635009766 23
1746035160503 2.2508504390716553 24
1746035162602 2.2461600303649902 25
1746035164702 2.244673252105713 26
1746035166823 2.251727342605591 27
1746035169214 2.218184232711792 28
1746035171335 2.2171010971069336 29
1746035173449 2.2264633178710938 30
1746035175575 2.2178306579589844 31
1746035177683 2.196948766708374 32
1746035179797 2.198704242706299 33
1746035182217 2.20090389251709 34
1746035184335 2.196134328842163 35
1746035186441 2.179670810699463 36
1746035188546 2.178285598754883 37
1746035190645 2.177069664001465 38
1746035192862 2.1750130653381348 39
1746035194995 2.163417339324951 40
1746035197086 2.158154249191284 41
1746035199185 2.1589441299438477 42
1746035201297 2.154561758041382 43
1746035203409 2.1434526443481445 44
1746035205788 2.1387288570404053 45
1746035207914 2.139193296432495 46
1746035210028 2.1415207386016846 47
1746035212131 2.125589609146118 48
1746035214233 2.1196861267089844 49
1746035216342 2.1200997829437256 50
1746035218710 2.1212122440338135 51
1746035220824 2.1067850589752197 52
1746035222922 2.1050479412078857 53
1746035225018 2.1071534156799316 54
1746035227153 2.109111785888672 55
1746035229273 2.086538076400757 56
1746035231436 2.0957560539245605 57
1746035233541 2.0881664752960205 58
1746035235644 2.0900285243988037 59
1746035237748 2.0832650661468506 60
1746035239865 2.0801446437835693 61
1746035242107 2.0734400749206543 62
1746035244342 2.076171875 63
1746035246445 2.0616490840911865 64
1746035248546 2.0619089603424072 65
1746035250642 2.061302900314331 66
1746035252749 2.062302589416504 67
1746035254994 2.0474276542663574 68
1746035257116 2.048521041870117 69
1746035259223 2.0498478412628174 70
1746035261329 2.0471701622009277 71
1746035263457 2.037104368209839 72
1746035265564 2.0318009853363037 73
1746035267974 2.036423444747925 74
1746035270090 2.042604684829712 75
1746035272192 2.0110886096954346 76
1746035274296 2.0152459144592285 77
1746035276412 2.0151796340942383 78
1746035278599 2.0258705615997314 79
1746035280871 2.0067052841186523 80
1746035282485 2.008803367614746 81
1746035971935 1.991196870803833 82
1746035974052 1.9903274774551392 83
1746035976153 1.992035150527954 84
1746035978584 1.9911713600158691 85
1746035980708 1.9774398803710938 86
1746035982806 1.984542727470398 87
1746035984911 1.9728872776031494 88
1746035987003 1.9738967418670654 89
1746035989139 1.9705376625061035 90
1746035991317 1.9643113613128662 91
1746035993422 1.9668995141983032 92
1746035995533 1.9642338752746582 93
1746035997628 1.9572904109954834 94
1746035999735 1.9495254755020142 95
1746036002000 1.9512618780136108 96
1746036004114 1.950326681137085 97
1746036006219 1.9426394701004028 98
1746036008325 1.9412548542022705 99
1746036010443 1.94562566280365 100
1746036012553 1.9433633089065552 101
1746036014988 1.9310414791107178 102
1746036017126 1.9303114414215088 103
1746036019234 1.930328607559204 104
1746036021354 1.9375678300857544 105
1746036023464 1.9192850589752197 106
1746036025587 1.9236397743225098 107
1746036027794 1.9256374835968018 108
1746036029911 1.9221129417419434 109
1746036032020 1.9121885299682617 110
1746036034137 1.9084604978561401 111
1746036036245 1.9152737855911255 112
1746036038469 1.9050579071044922 113
1746036040697 1.9045699834823608 114
1746036042788 1.8989901542663574 115
1746036044891 1.9004243612289429 116
1746036046995 1.8981126546859741 117
1746036049086 1.893465518951416 118
1746036051530 1.8878636360168457 119
1746036053653 1.8970890045166016 120
1746036055766 1.8857879638671875 121
1746036057877 1.8757694959640503 122
1746036059983 1.8763982057571411 123
1746036062109 1.879204511642456 124
1746036064420 1.8804373741149902 125
1746036066532 1.873417854309082 126
1746036068653 1.866041660308838 127
1746036070765 1.8720204830169678 128
1746036072885 1.8715386390686035 129
1746036075087 1.8564629554748535 130
1746036077332 1.8626174926757812 131
1746036079435 1.8638241291046143 132
1746036081540 1.8636159896850586 133
1746036083645 1.8520114421844482 134
1746036085783 1.8513036966323853 135
1746036088212 1.8463481664657593 136
1746036090320 1.853409767150879 137
1746036092419 1.837920904159546 138
1746036094525 1.8418744802474976 139
1746036096636 1.8388135433197021 140
1746036098755 1.8426806926727295 141
1746036101160 1.8294951915740967 142
1746036103265 1.8308974504470825 143
1746036105377 1.8308641910552979 144
1746036107488 1.83780038356781 145
1746036109609 1.8206868171691895 146
1746036112028 1.8273191452026367 147
1746036114141 1.8196728229522705 148
1746036116249 1.8191429376602173 149
1746036118349 1.815448522567749 150
1746036120457 1.8169420957565308 151
1746036122565 1.816429615020752 152
1746036124845 1.820044755935669 153
1746036126953 1.805111289024353 154
1746036129058 1.8081010580062866 155
1746036131164 1.8145735263824463 156
1746036133277 1.813199520111084 157
1746036135385 1.818278193473816 158
1746036137612 1.804376244544983 159
1746036139720 1.8088310956954956 160
1746036141828 1.7993268966674805 161
1746036143951 1.794864535331726 162
1746036145569 1.8058738708496094 163
1746036840072 1.7874033451080322 164
1746036842187 1.7810436487197876 165
1746036844303 1.7922905683517456 166
1746036846543 1.7856570482254028 167
1746036848741 1.7819119691848755 168
1746036850846 1.7781342267990112 169
1746036852968 1.7878096103668213 170
1746036855076 1.7811615467071533 171
1746036857187 1.772790551185608 172
1746036859592 1.7637419700622559 173
1746036861699 1.7639195919036865 174
1746036863820 1.7743953466415405 175
1746036865926 1.7695465087890625 176
1746036868027 1.7700705528259277 177
1746036870139 1.778007984161377 178
1746036872456 1.764108657836914 179
1746036874560 1.7599040269851685 180
1746036876681 1.772841453552246 181
1746036878789 1.75969398021698 182
1746036880893 1.7642418146133423 183
1746036883113 1.7592346668243408 184
1746036885243 1.7548989057540894 185
1746036887345 1.7596198320388794 186
1746036889490 1.7564574480056763 187
1746036891597 1.7564231157302856 188
1746036893693 1.758173942565918 189
1746036895929 1.7483714818954468 190
1746036898038 1.7475080490112305 191
1746036900151 1.7465391159057617 192
1746036902253 1.7508867979049683 193
1746036904358 1.7466942071914673 194
1746036906462 1.750920295715332 195
1746036908690 1.7365669012069702 196
1746036910811 1.7387497425079346 197
1746036912928 1.7425177097320557 198
1746036915039 1.7447667121887207 199
1746036917146 1.7376503944396973 200
1746036919252 1.7322227954864502 201
1746036921613 1.7257624864578247 202
1746036923756 1.740486979484558 203
1746036925867 1.733838438987732 204
1746036927981 1.7279735803604126 205
1746036930087 1.731385350227356 206
1746036932246 1.7342548370361328 207
1746036934390 1.724352240562439 208
1746036936486 1.7192301750183105 209
1746036938606 1.7245663404464722 210
1746036940714 1.7267271280288696 211
1746036942823 1.7324196100234985 212
1746036945244 1.7269080877304077 213
1746036947355 1.7203878164291382 214
1746036949452 1.7213706970214844 215
1746036951571 1.7242166996002197 216
1746036953674 1.7195770740509033 217
1746036955780 1.7159717082977295 218
1746036958203 1.7266789674758911 219
1746036960321 1.7193578481674194 220
1746036962438 1.7141022682189941 221
1746036964540 1.716238260269165 222
1746036966651 1.7176909446716309 223
1746036968851 1.7046270370483398 224
1746036971011 1.7108187675476074 225
1746036973123 1.7200448513031006 226
1746036975237 1.7152029275894165 227
1746036977335 1.7094019651412964 228
1746036979437 1.7060319185256958 229
1746036981833 1.7155271768569946 230
1746036983966 1.7022186517715454 231
1746036986079 1.7152740955352783 232
1746036988204 1.7183078527450562 233
1746036990318 1.6903284788131714 234
1746036992447 1.6979715824127197 235
1746036994871 1.6986660957336426 236
1746036996986 1.6960278749465942 237
1746036999084 1.7016606330871582 238
1746037001203 1.7007701396942139 239
1746037003306 1.695988655090332 240
1746037005575 1.7026374340057373 241
1746037007756 1.6915295124053955 242
1746037009863 1.689732551574707 243
1746037011973 1.70342218875885 244
1746037013587 1.7056026458740234 245
1746037708275 1.6931829452514648 246
1746037710376 1.7025885581970215 247
1746037712498 1.6965272426605225 248
1746037714613 1.6911365985870361 249
1746037717022 1.6883951425552368 250
1746037719158 1.6962047815322876 251
1746037721261 1.6901986598968506 252
1746037723371 1.6947675943374634 253
1746037725474 1.6905821561813354 254
1746037727591 1.6873193979263306 255
1746037730001 1.6914753913879395 256
1746037732126 1.7036163806915283 257
1746037734225 1.680285096168518 258
1746037736337 1.6972063779830933 259
1746037738450 1.682149887084961 260
1746037740689 1.6938409805297852 261
1746037742811 1.6797171831130981 262
1746037744916 1.6876696348190308 263
1746037747022 1.6753407716751099 264
1746037749130 1.691981554031372 265
1746037751240 1.6726669073104858 266
1746037753590 1.6795328855514526 267
1746037755726 1.6875942945480347 268
1746037757827 1.6873602867126465 269
1746037759934 1.6836014986038208 270
1746037762045 1.6868362426757812 271
1746037764161 1.6851149797439575 272
1746037766557 1.6872788667678833 273
1746037768662 1.6723155975341797 274
1746037770770 1.6852824687957764 275
1746037772882 1.6695173978805542 276
1746037775006 1.6832644939422607 277
1746037777158 1.6781262159347534 278
1746037779317 1.6640782356262207 279
1746037781425 1.6761388778686523 280
1746037783531 1.6732432842254639 281
1746037785638 1.6867649555206299 282
1746037787749 1.6722924709320068 283
1746037790015 1.6866568326950073 284
1746037792195 1.6668169498443604 285
1746037794303 1.6738330125808716 286
1746037796406 1.6799521446228027 287
1746037798509 1.6802659034729004 288
1746037800630 1.6780472993850708 289
1746037803047 1.67099928855896 290
1746037805183 1.6639007329940796 291
1746037807320 1.6747492551803589 292
1746037809429 1.677851676940918 293
1746037811530 1.68241286277771 294
1746037813648 1.6771366596221924 295
1746037815895 1.6680269241333008 296
1746037818006 1.673410415649414 297
1746037820118 1.6664249897003174 298
1746037822219 1.6767849922180176 299
1746037824319 1.6688672304153442 300
1746037826542 1.6767020225524902 301
1746037828735 1.6734806299209595 302
1746037830843 1.669768214225769 303
1746037832950 1.6605496406555176 304
1746037835058 1.665921688079834 305
1746037837178 1.6786775588989258 306
1746037839478 1.6672029495239258 307
1746037841595 1.6791911125183105 308
1746037843704 1.6700297594070435 309
1746037845817 1.6772637367248535 310
1746037847927 1.673161268234253 311
1746037850050 1.6701372861862183 312
1746037852392 1.6795098781585693 313
1746037854511 1.675624966621399 314
1746037856631 1.664625644683838 315
1746037858738 1.6665546894073486 316
1746037860850 1.6676963567733765 317
1746037862976 1.6725993156433105 318
1746037865197 1.6632094383239746 319
1746037867299 1.6654785871505737 320
1746037869401 1.6630420684814453 321
1746037871515 1.676052212715149 322
1746037873623 1.6732120513916016 323
1746037875834 1.663487195968628 324
1746037878044 1.6701146364212036 325
1746037880154 1.661873698234558 326
1746037881768 1.6567013263702393 327
