1746035108910 0.0 0
1746035111028 0.0 1
1746035113133 0.0 2
1746035115322 0.0001 3
1746035117420 0.0001 4
1746035119671 0.0001 5
1746035121802 0.0001 6
1746035123905 0.0002 7
1746035126008 0.0002 8
1746035128104 0.0002 9
1746035130220 0.0002 10
1746035132564 0.0003 11
1746035134705 0.0003 12
1746035136805 0.0003 13
1746035138905 0.0003 14
1746035141013 0.0004 15
1746035143127 0.0004 16
1746035145495 0.0004 17
1746035147603 0.0004 18
1746035149712 0.0005 19
1746035151812 0.0005 20
1746035153939 0.0005 21
1746035156068 0.0005 22
1746035158405 0.0004936708860759494 23
1746035160503 0.0004936708860759494 24
1746035162602 0.0004936708860759494 25
1746035164702 0.0004936708860759494 26
1746035166823 0.00048734177215189876 27
1746035169214 0.00048734177215189876 28
1746035171335 0.00048734177215189876 29
1746035173449 0.00048734177215189876 30
1746035175575 0.0004810126582278481 31
1746035177683 0.0004810126582278481 32
1746035179797 0.0004810126582278481 33
1746035182217 0.0004810126582278481 34
1746035184335 0.00047468354430379745 35
1746035186441 0.00047468354430379745 36
1746035188546 0.00047468354430379745 37
1746035190645 0.00047468354430379745 38
1746035192862 0.00046835443037974685 39
1746035194995 0.00046835443037974685 40
1746035197086 0.00046835443037974685 41
1746035199185 0.00046835443037974685 42
1746035201297 0.00046202531645569625 43
1746035203409 0.00046202531645569625 44
1746035205788 0.00046202531645569625 45
1746035207914 0.00046202531645569625 46
1746035210028 0.00045569620253164554 47
1746035212131 0.00045569620253164554 48
1746035214233 0.00045569620253164554 49
1746035216342 0.00045569620253164554 50
1746035218710 0.00044936708860759494 51
1746035220824 0.00044936708860759494 52
1746035222922 0.00044936708860759494 53
1746035225018 0.00044936708860759494 54
1746035227153 0.0004430379746835443 55
1746035229273 0.0004430379746835443 56
1746035231436 0.0004430379746835443 57
1746035233541 0.0004430379746835443 58
1746035235644 0.0004367088607594937 59
1746035237748 0.0004367088607594937 60
1746035239865 0.0004367088607594937 61
1746035242107 0.0004367088607594937 62
1746035244342 0.0004303797468354431 63
1746035246445 0.0004303797468354431 64
1746035248546 0.0004303797468354431 65
1746035250642 0.0004303797468354431 66
1746035252749 0.0004240506329113924 67
1746035254994 0.0004240506329113924 68
1746035257116 0.0004240506329113924 69
1746035259223 0.0004240506329113924 70
1746035261329 0.0004177215189873418 71
1746035263457 0.0004177215189873418 72
1746035265564 0.0004177215189873418 73
1746035267974 0.0004177215189873418 74
1746035270090 0.0004113924050632912 75
1746035272192 0.0004113924050632912 76
1746035274296 0.0004113924050632912 77
1746035276412 0.0004113924050632912 78
1746035278599 0.00040506329113924053 79
1746035280871 0.00040506329113924053 80
1746035282485 0.0003987341772151899 81
1746035971935 0.0003987341772151899 82
1746035974052 0.0003987341772151899 83
1746035976153 0.0003987341772151899 84
1746035978584 0.0003924050632911392 85
1746035980708 0.0003924050632911392 86
1746035982806 0.0003924050632911392 87
1746035984911 0.0003924050632911392 88
1746035987003 0.0003860759493670886 89
1746035989139 0.0003860759493670886 90
1746035991317 0.0003860759493670886 91
1746035993422 0.0003860759493670886 92
1746035995533 0.000379746835443038 93
1746035997628 0.000379746835443038 94
1746035999735 0.000379746835443038 95
1746036002000 0.000379746835443038 96
1746036004114 0.0003734177215189873 97
1746036006219 0.0003734177215189873 98
1746036008325 0.0003734177215189873 99
1746036010443 0.0003734177215189873 100
1746036012553 0.0003670886075949367 101
1746036014988 0.0003670886075949367 102
1746036017126 0.0003670886075949367 103
1746036019234 0.0003670886075949367 104
1746036021354 0.00036075949367088606 105
1746036023464 0.00036075949367088606 106
1746036025587 0.00036075949367088606 107
1746036027794 0.00036075949367088606 108
1746036029911 0.00035443037974683546 109
1746036032020 0.00035443037974683546 110
1746036034137 0.00035443037974683546 111
1746036036245 0.00035443037974683546 112
1746036038469 0.00034810126582278487 113
1746036040697 0.00034810126582278487 114
1746036042788 0.00034810126582278487 115
1746036044891 0.00034810126582278487 116
1746036046995 0.00034177215189873416 117
1746036049086 0.00034177215189873416 118
1746036051530 0.00034177215189873416 119
1746036053653 0.00034177215189873416 120
1746036055766 0.00033544303797468356 121
1746036057877 0.00033544303797468356 122
1746036059983 0.00033544303797468356 123
1746036062109 0.00033544303797468356 124
1746036064420 0.0003291139240506329 125
1746036066532 0.0003291139240506329 126
1746036068653 0.0003291139240506329 127
1746036070765 0.0003291139240506329 128
1746036072885 0.0003227848101265823 129
1746036075087 0.0003227848101265823 130
1746036077332 0.0003227848101265823 131
1746036079435 0.0003227848101265823 132
1746036081540 0.00031645569620253165 133
1746036083645 0.00031645569620253165 134
1746036085783 0.00031645569620253165 135
1746036088212 0.00031645569620253165 136
1746036090320 0.000310126582278481 137
1746036092419 0.000310126582278481 138
1746036094525 0.000310126582278481 139
1746036096636 0.000310126582278481 140
1746036098755 0.0003037974683544304 141
1746036101160 0.0003037974683544304 142
1746036103265 0.0003037974683544304 143
1746036105377 0.0003037974683544304 144
1746036107488 0.00029746835443037974 145
1746036109609 0.00029746835443037974 146
1746036112028 0.00029746835443037974 147
1746036114141 0.00029746835443037974 148
1746036116249 0.0002911392405063291 149
1746036118349 0.0002911392405063291 150
1746036120457 0.0002911392405063291 151
1746036122565 0.0002911392405063291 152
1746036124845 0.0002848101265822785 153
1746036126953 0.0002848101265822785 154
1746036129058 0.0002848101265822785 155
1746036131164 0.0002848101265822785 156
1746036133277 0.00027848101265822784 157
1746036135385 0.00027848101265822784 158
1746036137612 0.00027848101265822784 159
1746036139720 0.00027848101265822784 160
1746036141828 0.00027215189873417724 161
1746036143951 0.00027215189873417724 162
1746036145569 0.0002658227848101266 163
1746036840072 0.0002658227848101266 164
1746036842187 0.0002658227848101266 165
1746036844303 0.0002658227848101266 166
1746036846543 0.00025949367088607593 167
1746036848741 0.00025949367088607593 168
1746036850846 0.00025949367088607593 169
1746036852968 0.00025949367088607593 170
1746036855076 0.00025316455696202533 171
1746036857187 0.00025316455696202533 172
1746036859592 0.00025316455696202533 173
1746036861699 0.00025316455696202533 174
1746036863820 0.0002468354430379747 175
1746036865926 0.0002468354430379747 176
1746036868027 0.0002468354430379747 177
1746036870139 0.0002468354430379747 178
1746036872456 0.00024050632911392405 179
1746036874560 0.00024050632911392405 180
1746036876681 0.00024050632911392405 181
1746036878789 0.00024050632911392405 182
1746036880893 0.00023417721518987343 183
1746036883113 0.00023417721518987343 184
1746036885243 0.00023417721518987343 185
1746036887345 0.00023417721518987343 186
1746036889490 0.00022784810126582277 187
1746036891597 0.00022784810126582277 188
1746036893693 0.00022784810126582277 189
1746036895929 0.00022784810126582277 190
1746036898038 0.00022151898734177215 191
1746036900151 0.00022151898734177215 192
1746036902253 0.00022151898734177215 193
1746036904358 0.00022151898734177215 194
1746036906462 0.00021518987341772155 195
1746036908690 0.00021518987341772155 196
1746036910811 0.00021518987341772155 197
1746036912928 0.00021518987341772155 198
1746036915039 0.0002088607594936709 199
1746036917146 0.0002088607594936709 200
1746036919252 0.0002088607594936709 201
1746036921613 0.0002088607594936709 202
1746036923756 0.00020253164556962027 203
1746036925867 0.00020253164556962027 204
1746036927981 0.00020253164556962027 205
1746036930087 0.00020253164556962027 206
1746036932246 0.0001962025316455696 207
1746036934390 0.0001962025316455696 208
1746036936486 0.0001962025316455696 209
1746036938606 0.0001962025316455696 210
1746036940714 0.000189873417721519 211
1746036942823 0.000189873417721519 212
1746036945244 0.000189873417721519 213
1746036947355 0.000189873417721519 214
1746036949452 0.00018354430379746836 215
1746036951571 0.00018354430379746836 216
1746036953674 0.00018354430379746836 217
1746036955780 0.00018354430379746836 218
1746036958203 0.00017721518987341773 219
1746036960321 0.00017721518987341773 220
1746036962438 0.00017721518987341773 221
1746036964540 0.00017721518987341773 222
1746036966651 0.00017088607594936708 223
1746036968851 0.00017088607594936708 224
1746036971011 0.00017088607594936708 225
1746036973123 0.00017088607594936708 226
1746036975237 0.00016455696202531645 227
1746036977335 0.00016455696202531645 228
1746036979437 0.00016455696202531645 229
1746036981833 0.00016455696202531645 230
1746036983966 0.00015822784810126583 231
1746036986079 0.00015822784810126583 232
1746036988204 0.00015822784810126583 233
1746036990318 0.00015822784810126583 234
1746036992447 0.0001518987341772152 235
1746036994871 0.0001518987341772152 236
1746036996986 0.0001518987341772152 237
1746036999084 0.0001518987341772152 238
1746037001203 0.00014556962025316455 239
1746037003306 0.00014556962025316455 240
1746037005575 0.00014556962025316455 241
1746037007756 0.00014556962025316455 242
1746037009863 0.00013924050632911392 243
1746037011973 0.00013924050632911392 244
1746037013587 0.0001329113924050633 245
1746037708275 0.0001329113924050633 246
1746037710376 0.0001329113924050633 247
1746037712498 0.0001329113924050633 248
1746037714613 0.00012658227848101267 249
1746037717022 0.00012658227848101267 250
1746037719158 0.00012658227848101267 251
1746037721261 0.00012658227848101267 252
1746037723371 0.00012025316455696203 253
1746037725474 0.00012025316455696203 254
1746037727591 0.00012025316455696203 255
1746037730001 0.00012025316455696203 256
1746037732126 0.00011392405063291139 257
1746037734225 0.00011392405063291139 258
1746037736337 0.00011392405063291139 259
1746037738450 0.00011392405063291139 260
1746037740689 0.00010759493670886077 261
1746037742811 0.00010759493670886077 262
1746037744916 0.00010759493670886077 263
1746037747022 0.00010759493670886077 264
1746037749130 0.00010126582278481013 265
1746037751240 0.00010126582278481013 266
1746037753590 0.00010126582278481013 267
1746037755726 0.00010126582278481013 268
1746037757827 9.49367088607595e-05 269
1746037759934 9.49367088607595e-05 270
1746037762045 9.49367088607595e-05 271
1746037764161 9.49367088607595e-05 272
1746037766557 8.860759493670887e-05 273
1746037768662 8.860759493670887e-05 274
1746037770770 8.860759493670887e-05 275
1746037772882 8.860759493670887e-05 276
1746037775006 8.227848101265823e-05 277
1746037777158 8.227848101265823e-05 278
1746037779317 8.227848101265823e-05 279
1746037781425 8.227848101265823e-05 280
1746037783531 7.59493670886076e-05 281
1746037785638 7.59493670886076e-05 282
1746037787749 7.59493670886076e-05 283
1746037790015 7.59493670886076e-05 284
1746037792195 6.962025316455696e-05 285
1746037794303 6.962025316455696e-05 286
1746037796406 6.962025316455696e-05 287
1746037798509 6.962025316455696e-05 288
1746037800630 6.329113924050633e-05 289
1746037803047 6.329113924050633e-05 290
1746037805183 6.329113924050633e-05 291
1746037807320 6.329113924050633e-05 292
1746037809429 5.696202531645569e-05 293
1746037811530 5.696202531645569e-05 294
1746037813648 5.696202531645569e-05 295
1746037815895 5.696202531645569e-05 296
1746037818006 5.0632911392405066e-05 297
1746037820118 5.0632911392405066e-05 298
1746037822219 5.0632911392405066e-05 299
1746037824319 5.0632911392405066e-05 300
1746037826542 4.430379746835443e-05 301
1746037828735 4.430379746835443e-05 302
1746037830843 4.430379746835443e-05 303
1746037832950 4.430379746835443e-05 304
1746037835058 3.79746835443038e-05 305
1746037837178 3.79746835443038e-05 306
1746037839478 3.79746835443038e-05 307
1746037841595 3.79746835443038e-05 308
1746037843704 3.1645569620253167e-05 309
1746037845817 3.1645569620253167e-05 310
1746037847927 3.1645569620253167e-05 311
1746037850050 3.1645569620253167e-05 312
1746037852392 2.5316455696202533e-05 313
1746037854511 2.5316455696202533e-05 314
1746037856631 2.5316455696202533e-05 315
1746037858738 2.5316455696202533e-05 316
1746037860850 1.89873417721519e-05 317
1746037862976 1.89873417721519e-05 318
1746037865197 1.89873417721519e-05 319
1746037867299 1.89873417721519e-05 320
1746037869401 1.2658227848101267e-05 321
1746037871515 1.2658227848101267e-05 322
1746037873623 1.2658227848101267e-05 323
1746037875834 1.2658227848101267e-05 324
1746037878044 6.329113924050633e-06 325
1746037880154 6.329113924050633e-06 326
1746037881768 0.0 327
