1745983597710 0.0 0
1745983601946 0.00012376238009892404 1
1745983605854 0.00014452954928856343 2
1745983609508 0.0014587005134671926 3
1745983613193 0.012808782979846 4
1745983617648 0.0269213505089283 5
1745983621373 0.029613852500915527 6
1745983625052 0.0359262116253376 7
1745983629665 0.032694317400455475 8
1745983633347 0.03265140950679779 9
1745983636998 0.03175642341375351 10
1745983641262 0.03342907875776291 11
1745983645135 0.06135840713977814 12
1745983648804 0.05980274826288223 13
1745983652485 0.06189252436161041 14
1745983656906 0.05994012951850891 15
1745983660586 0.061498742550611496 16
1745983664271 0.057806018739938736 17
1745983668847 0.06012089550495148 18
1745983672541 0.061302393674850464 19
1745983676218 0.05607151240110397 20
1745983680505 0.06039359048008919 21
1745983684371 0.07352697104215622 22
1745983688076 0.04497472941875458 23
1745983691770 0.03494935482740402 24
1745983696158 0.03537638857960701 25
