1745983597710 9.165026664733887 0
1745983601946 9.156694412231445 1
1745983605854 9.070594787597656 2
1745983609508 8.875266075134277 3
1745983613193 8.612924575805664 4
1745983617648 8.305109024047852 5
1745983621373 7.942044734954834 6
1745983625052 7.525845050811768 7
1745983629665 7.180931091308594 8
1745983633347 6.8225789070129395 9
1745983636998 6.530131816864014 10
1745983641262 6.433094024658203 11
1745983645135 6.420352935791016 12
1745983648804 6.541465759277344 13
1745983652485 6.534798622131348 14
1745983656906 6.638402462005615 15
1745983660586 6.503734588623047 16
1745983664271 6.586106300354004 17
1745983668847 6.507122039794922 18
1745983672541 6.359482765197754 19
1745983676218 6.403796195983887 20
1745983680505 6.3839945793151855 21
1745983684371 6.385952949523926 22
1745983688076 6.365856647491455 23
1745983691770 6.44252347946167 24
1745983696158 6.373722553253174 25
