1745983597710 0.0011111111111111111 0
1745983601946 0.0022222222222222222 1
1745983605854 0.003333333333333333 2
1745983609508 0.0044444444444444444 3
1745983613193 0.005555555555555556 4
1745983617648 0.006666666666666666 5
1745983621373 0.007777777777777778 6
1745983625052 0.008888888888888889 7
1745983629665 0.01 8
1745983633347 0.009934640522875817 9
1745983636998 0.009869281045751634 10
1745983641262 0.00980392156862745 11
1745983645135 0.009738562091503268 12
1745983648804 0.009673202614379085 13
1745983652485 0.009607843137254903 14
1745983656906 0.00954248366013072 15
1745983660586 0.009477124183006535 16
1745983664271 0.009411764705882354 17
1745983668847 0.00934640522875817 18
1745983672541 0.009281045751633988 19
1745983676218 0.009215686274509803 20
1745983680505 0.009150326797385621 21
1745983684371 0.009084967320261438 22
1745983688076 0.009019607843137255 23
1745983691770 0.008954248366013072 24
1745983696158 0.008888888888888889 25
