1745427226015 9.384222030639648 0
1745427230182 8.872148513793945 1
1745427233777 8.16444206237793 2
1745427237205 7.629066467285156 3
1745427240649 7.1882219314575195 4
1745427244945 6.868458271026611 5
1745427248393 6.5908050537109375 6
1745427251813 6.449649333953857 7
1745427255704 6.440340995788574 8
1745427259384 6.495538711547852 9
1745427262829 6.558019161224365 10
1745427266255 6.499729156494141 11
1745427270691 6.488519668579102 12
1745427274108 6.431710720062256 13
1745427277566 6.394839763641357 14
1745427281246 6.358256816864014 15
1745427285045 6.353743553161621 16
1745427288468 6.371142864227295 17
1745427291894 6.361990928649902 18
1745427296264 6.322106838226318 19
1745427299742 6.335886478424072 20
1745427303158 6.229582786560059 21
1745427306607 6.247610569000244 22
1745427310643 6.214606761932373 23
1745427314062 6.168883800506592 24
1745427317479 6.163307189941406 25
1745427321659 6.078019618988037 26
1745427325231 6.029135227203369 27
1745427328654 6.008265972137451 28
1745427332054 6.044743061065674 29
1745427336355 6.089719295501709 30
1745427339785 5.983548641204834 31
1745427343204 5.941532611846924 32
1745427347109 5.936392307281494 33
1745427350803 5.877146244049072 34
1745427354224 5.796253681182861 35
1745427357647 5.826872825622559 36
1745427362098 5.759485721588135 37
1745427365547 5.73671293258667 38
1745427369032 5.721581935882568 39
1745427372772 5.698591709136963 40
1745427376569 5.670553684234619 41
1745427380006 5.625507354736328 42
1745427383440 5.633580684661865 43
1745427387852 5.572844982147217 44
1745427391293 5.568056106567383 45
1745427394716 5.456428527832031 46
1745427398171 5.436375141143799 47
1745427402150 5.356288909912109 48
1745427405580 5.363129138946533 49
1745427409032 5.4030351638793945 50
1745427413365 5.489989757537842 51
1745427416888 5.420166969299316 52
1745427420307 5.389269828796387 53
1745427423726 5.302149772644043 54
1745427427960 5.293064594268799 55
1745427431383 5.303351879119873 56
1745427434807 5.229294776916504 57
1745427438840 5.198151588439941 58
1745427442491 5.210443496704102 59
1745427445933 5.272810935974121 60
1745427449360 5.267100811004639 61
1745427453726 5.136880874633789 62
1745427457188 5.128190517425537 63
1745427460633 5.059659004211426 64
1745427464437 5.10186767578125 65
1745427468171 5.048252582550049 66
1745427471626 5.150631427764893 67
1745427475051 5.034472942352295 68
1745427479508 5.053423881530762 69
1745427482946 5.097909927368164 70
1745427486380 5.001186847686768 71
1745427489980 5.070363521575928 72
1745427493833 5.056501865386963 73
1745427497226 4.964380264282227 74
1745427500649 4.927754878997803 75
1745427505013 4.960252285003662 76
1745427508509 4.879836082458496 77
1745427511946 4.7574357986450195 78
1745427514362 4.824897289276123 79
1745427637481 4.782179355621338 80
1745427640957 4.838871479034424 81
1745427644402 4.813253402709961 82
1745427648745 4.873878479003906 83
1745427652290 4.7028350830078125 84
1745427655731 4.6693525314331055 85
1745427659170 4.768538951873779 86
1745427663398 4.813191890716553 87
1745427666851 4.662387371063232 88
1745427670318 4.804352760314941 89
1745427674500 4.714017391204834 90
1745427678139 4.565763473510742 91
1745427681651 4.664135932922363 92
1745427685159 4.709371566772461 93
1745427689465 4.657131671905518 94
1745427692925 4.582305908203125 95
1745427696378 4.61722993850708 96
1745427700376 4.578568935394287 97
1745427704056 4.565201282501221 98
1745427707521 4.659295558929443 99
1745427710976 4.492306232452393 100
1745427715374 4.605279922485352 101
1745427718802 4.6392412185668945 102
1745427722224 4.47131872177124 103
1745427725989 4.580074787139893 104
1745427729904 4.591087818145752 105
1745427733381 4.644337177276611 106
1745427736865 4.580774307250977 107
1745427741335 4.616162300109863 108
1745427744909 4.4979071617126465 109
1745427748622 4.666681289672852 110
1745427752570 4.644915580749512 111
1745427756323 4.46750545501709 112
1745427759805 4.505435943603516 113
1745427763268 4.590273380279541 114
1745427767700 4.634860515594482 115
1745427771131 4.69519567489624 116
1745427774628 4.443575859069824 117
1745427778519 4.527118682861328 118
1745427782314 4.4389495849609375 119
1745427785775 4.494200229644775 120
1745427789342 4.466080665588379 121
1745427794004 4.501316070556641 122
1745427797481 4.560934066772461 123
1745427800958 4.442445278167725 124
1745427804751 4.4884819984436035 125
1745427808525 4.580804824829102 126
1745427811987 4.534036636352539 127
1745427815451 4.417741298675537 128
1745427819993 4.380443096160889 129
1745427823440 4.538623809814453 130
1745427826883 4.468901634216309 131
1745427830475 4.458442687988281 132
1745427834378 4.518684387207031 133
1745427837847 4.406932830810547 134
1745427841326 4.524966716766357 135
1745427845710 4.436723232269287 136
1745427849242 4.353797435760498 137
1745427852668 4.482259750366211 138
1745427856118 4.420739650726318 139
1745427860142 4.454218864440918 140
1745427863600 4.3883843421936035 141
1745427867048 4.406362533569336 142
1745427871356 4.410019397735596 143
1745427874896 4.387295246124268 144
1745427878332 4.312546253204346 145
1745427881766 4.420963287353516 146
1745427885969 4.333798885345459 147
1745427889388 4.328780174255371 148
1745427892823 4.292692184448242 149
1745427896958 4.456585884094238 150
1745427900570 4.480391979217529 151
1745427904027 4.39020299911499 152
1745427907468 4.403104782104492 153
1745427911838 4.0953755378723145 154
1745427915288 4.324218273162842 155
1745427918747 4.241590976715088 156
1745427922679 4.275901794433594 157
1745427926394 4.410341262817383 158
1745427928865 4.353074550628662 159
1745428051910 4.053873062133789 160
1745428056229 4.223780155181885 161
1745428059724 4.202419281005859 162
1745428063185 4.1442790031433105 163
1745428067249 4.027688026428223 164
1745428070931 4.123884201049805 165
1745428074393 4.11592435836792 166
1745428077861 4.095281600952148 167
1745428082238 4.151228427886963 168
1745428085705 4.039777755737305 169
1745428089140 4.214894771575928 170
1745428093025 4.333093166351318 171
1745428096753 4.19304895401001 172
1745428100195 4.140970230102539 173
1745428103655 4.18851375579834 174
1745428108160 4.144973278045654 175
1745428111609 4.216089725494385 176
1745428115068 4.120491981506348 177
1745428118788 4.148574352264404 178
1745428122644 4.172469139099121 179
1745428126114 4.1497111320495605 180
1745428129555 4.15200662612915 181
1745428134018 4.191398620605469 182
1745428137492 4.096803665161133 183
1745428140941 4.173659324645996 184
1745428144395 4.241119861602783 185
1745428148434 4.111567497253418 186
1745428151898 4.120060920715332 187
1745428155351 4.122948169708252 188
1745428159686 4.285132884979248 189
1745428163215 4.223323345184326 190
1745428166675 4.208874225616455 191
1745428170122 4.1455183029174805 192
1745428174313 4.163361072540283 193
1745428177752 4.123337268829346 194
1745428181242 4.146213531494141 195
1745428185416 4.1406049728393555 196
1745428189013 4.293177127838135 197
1745428192447 4.16314172744751 198
1745428195889 4.254406929016113 199
1745428200203 4.222961902618408 200
1745428203651 4.134708404541016 201
1745428207113 4.251160144805908 202
1745428211100 4.107529640197754 203
1745428214793 4.154016494750977 204
1745428218240 4.148576259613037 205
1745428221666 4.073085784912109 206
1745428226070 4.1311821937561035 207
1745428229505 4.075401782989502 208
1745428232945 4.140415668487549 209
1745428236649 4.105759143829346 210
1745428240433 4.152153015136719 211
1745428243870 4.098850727081299 212
1745428247312 4.132205963134766 213
1745428251708 3.9714720249176025 214
1745428255151 4.09688663482666 215
1745428258588 4.023945331573486 216
1745428262026 4.146897792816162 217
1745428266071 4.250775337219238 218
1745428269510 4.129666328430176 219
1745428272967 4.221408367156982 220
1745428277257 4.015654563903809 221
1745428280799 4.101056098937988 222
1745428284230 4.104881286621094 223
1745428287671 4.1148858070373535 224
1745428291853 4.164452075958252 225
1745428295304 4.016231536865234 226
1745428298765 4.1129631996154785 227
1745428302964 4.150273323059082 228
1745428306602 4.045252799987793 229
1745428310026 4.148831844329834 230
1745428313441 4.077014446258545 231
1745428317717 4.091063499450684 232
1745428321148 4.081846237182617 233
1745428324590 4.122536659240723 234
1745428328552 4.004695892333984 235
1745428332259 4.035960674285889 236
1745428335697 4.1952667236328125 237
1745428339132 4.173464775085449 238
1745428342223 4.026320457458496 239
1745428464551 3.9228665828704834 240
1745428467983 3.9730963706970215 241
1745428471717 3.986696720123291 242
1745428475521 3.8925604820251465 243
1745428478972 3.8583903312683105 244
1745428482435 3.8964591026306152 245
1745428486875 3.831519842147827 246
1745428490293 3.9154598712921143 247
1745428493713 3.841630458831787 248
1745428497217 3.961754322052002 249
1745428501134 3.8775038719177246 250
1745428504555 3.9030776023864746 251
1745428507973 3.8987605571746826 252
1745428512292 3.972679376602173 253
1745428515825 4.026941776275635 254
1745428519254 3.9083077907562256 255
1745428522685 4.004257678985596 256
1745428526855 3.8585731983184814 257
1745428530293 3.928218364715576 258
1745428533727 3.892829179763794 259
1745428537850 3.9416661262512207 260
1745428541464 3.985548973083496 261
1745428544913 4.061204433441162 262
1745428548333 4.034759044647217 263
1745428552639 3.883418083190918 264
1745428556083 3.959338426589966 265
1745428559503 4.082783222198486 266
1745428563377 4.032756805419922 267
1745428567092 3.99276065826416 268
1745428570518 3.9826407432556152 269
1745428573971 4.0021748542785645 270
1745428578423 3.9095983505249023 271
1745428581859 3.909862756729126 272
1745428585273 3.906682252883911 273
1745428588901 3.9142675399780273 274
1745428592706 4.111082553863525 275
1745428596147 4.041825294494629 276
1745428599581 3.9029314517974854 277
1745428604000 4.098421573638916 278
1745428607519 3.93829083442688 279
1745428611013 3.9771182537078857 280
1745428614470 3.905973196029663 281
1745428618546 3.9803624153137207 282
1745428621979 3.892298698425293 283
1745428625430 4.006030559539795 284
1745428629687 4.008193492889404 285
1745428633273 3.8263683319091797 286
1745428636671 3.778160333633423 287
1745428640089 3.868518590927124 288
1745428644329 3.873962879180908 289
1745428647743 3.8787591457366943 290
1745428651162 3.773348569869995 291
1745428655098 3.8579273223876953 292
1745428658766 4.0489115715026855 293
1745428662189 3.84979510307312 294
1745428665615 3.8790295124053955 295
1745428670006 3.8750076293945312 296
1745428673440 3.9601359367370605 297
1745428676863 3.984894275665283 298
1745428680539 3.9223787784576416 299
1745428684342 3.8910586833953857 300
1745428687790 4.005706310272217 301
1745428691243 3.948359727859497 302
1745428695674 3.982992649078369 303
1745428699123 3.9424829483032227 304
1745428702561 3.9962377548217773 305
1745428705977 4.087222576141357 306
1745428709993 3.8935678005218506 307
1745428713417 3.9262444972991943 308
1745428716838 3.8419153690338135 309
1745428721038 3.9088401794433594 310
1745428724627 4.025021076202393 311
1745428728063 3.897995948791504 312
1745428731476 3.933178424835205 313
1745428735718 3.790295362472534 314
1745428739143 3.816720962524414 315
1745428742573 3.804391860961914 316
1745428746556 4.050149917602539 317
1745428750204 3.772688627243042 318
1745428752623 3.9294118881225586 319
1745428874712 3.7648634910583496 320
1745428879149 3.694672107696533 321
1745428882574 3.679807662963867 322
1745428886011 3.7960798740386963 323
1745428889723 3.595144510269165 324
1745428893521 3.719452142715454 325
1745428896972 3.8812074661254883 326
1745428900436 3.5520153045654297 327
1745428904866 3.8318166732788086 328
1745428908294 3.7688498497009277 329
1745428911720 3.6055524349212646 330
1745428915155 3.8751914501190186 331
1745428919148 3.8926429748535156 332
1745428922635 3.7542264461517334 333
1745428926095 3.8354287147521973 334
1745428930428 3.784977912902832 335
1745428933979 3.705378770828247 336
1745428937409 3.723370313644409 337
1745428940830 3.805617332458496 338
1745428944984 3.713977575302124 339
1745428948424 3.8316643238067627 340
1745428951846 3.786062717437744 341
1745428955993 3.7128734588623047 342
1745428959626 3.688546895980835 343
1745428963069 3.762437582015991 344
1745428966532 3.7943084239959717 345
1745428970819 3.8453073501586914 346
1745428974243 3.8850855827331543 347
1745428977678 3.8807945251464844 348
1745428981567 3.7688934803009033 349
1745428985268 3.7240545749664307 350
1745428988702 3.808839797973633 351
1745428992156 3.632343292236328 352
1745428996634 3.811769723892212 353
1745429000078 3.6507928371429443 354
1745429003511 3.786853313446045 355
1745429007131 3.752211093902588 356
1745429010948 3.865074634552002 357
1745429014384 3.7853095531463623 358
1745429017811 3.648677110671997 359
1745429022159 3.751704692840576 360
1745429025664 3.8879528045654297 361
1745429029109 3.807136297225952 362
1745429032549 3.911696434020996 363
1745429036615 3.7201168537139893 364
1745429040054 3.701953649520874 365
1745429043475 3.8562264442443848 366
1745429047677 3.737687587738037 367
1745429051259 3.760366678237915 368
1745429054752 3.7927894592285156 369
1745429058164 3.8095157146453857 370
1745429062385 3.8036088943481445 371
1745429065811 3.775010347366333 372
1745429069240 3.7283859252929688 373
1745429073207 3.868351936340332 374
1745429076861 3.7800984382629395 375
1745429080312 3.8693132400512695 376
1745429083764 3.8241357803344727 377
1745429088167 3.803701877593994 378
1745429091598 3.8188774585723877 379
1745429095038 3.8194775581359863 380
1745429098843 3.821028470993042 381
1745429102562 3.8033273220062256 382
1745429106014 3.8071863651275635 383
1745429109448 3.8121142387390137 384
1745429113889 3.7619028091430664 385
1745429117344 3.796360492706299 386
1745429120799 3.7312753200531006 387
1745429124434 3.6828832626342773 388
1745429128231 3.758540630340576 389
1745429131649 3.8406498432159424 390
1745429135084 3.731985569000244 391
1745429139471 3.741584539413452 392
1745429142939 3.8672497272491455 393
1745429146371 3.69740891456604 394
1745429149807 3.8262646198272705 395
1745429153908 3.754476547241211 396
1745429157333 3.772853374481201 397
1745429160762 3.782360315322876 398
1745429163308 3.8533594608306885 399
