1745427226015 0.0001746114867273718 0
1745427230182 0.05166182294487953 1
1745427233777 0.06736235320568085 2
1745427237205 0.07134029269218445 3
1745427240649 0.07207966595888138 4
1745427244945 0.06883256137371063 5
1745427248393 0.07429210096597672 6
1745427251813 0.06764575093984604 7
1745427255704 0.06906729936599731 8
1745427259384 0.07830438762903214 9
1745427262829 0.06340161710977554 10
1745427266255 0.03740301728248596 11
1745427270691 0.04927816241979599 12
1745427274108 0.03721357509493828 13
1745427277566 0.07189124077558517 14
1745427281246 0.08692718297243118 15
1745427285045 0.07462868839502335 16
1745427288468 0.07457363605499268 17
1745427291894 0.06918153911828995 18
1745427296264 0.07628265768289566 19
1745427299742 0.08245187997817993 20
1745427303158 0.08082151412963867 21
1745427306607 0.08394896239042282 22
1745427310643 0.08199877291917801 23
1745427314062 0.09978737682104111 24
1745427317479 0.10935232788324356 25
1745427321659 0.1195615828037262 26
1745427325231 0.12186549603939056 27
1745427328654 0.11139047890901566 28
1745427332054 0.11779612302780151 29
1745427336355 0.11655048280954361 30
1745427339785 0.13392604887485504 31
1745427343204 0.131098210811615 32
1745427347109 0.13064515590667725 33
1745427350803 0.13441136479377747 34
1745427354224 0.1407025009393692 35
1745427357647 0.13924451172351837 36
1745427362098 0.13703449070453644 37
1745427365547 0.14963659644126892 38
1745427369032 0.14412648975849152 39
1745427372772 0.1488945186138153 40
1745427376569 0.1397639513015747 41
1745427380006 0.1492665559053421 42
1745427383440 0.15425622463226318 43
1745427387852 0.1588365137577057 44
1745427391293 0.16071657836437225 45
1745427394716 0.16543246805667877 46
1745427398171 0.16984519362449646 47
1745427402150 0.17255422472953796 48
1745427405580 0.17897123098373413 49
1745427409032 0.17834003269672394 50
1745427413365 0.1682438850402832 51
1745427416888 0.18364430963993073 52
1745427420307 0.17796151340007782 53
1745427423726 0.19040223956108093 54
1745427427960 0.18427805602550507 55
1745427431383 0.185832217335701 56
1745427434807 0.19341719150543213 57
1745427438840 0.19672387838363647 58
1745427442491 0.19116242229938507 59
1745427445933 0.190154567360878 60
1745427449360 0.1907825767993927 61
1745427453726 0.20402665436267853 62
1745427457188 0.20471805334091187 63
1745427460633 0.2083970457315445 64
1745427464437 0.204085573554039 65
1745427468171 0.20463037490844727 66
1745427471626 0.2037058174610138 67
1745427475051 0.21207335591316223 68
1745427479508 0.210825577378273 69
1745427482946 0.21277976036071777 70
1745427486380 0.21553994715213776 71
1745427489980 0.21493075788021088 72
1745427493833 0.20998600125312805 73
1745427497226 0.21883809566497803 74
1745427500649 0.218684121966362 75
1745427505013 0.22097600996494293 76
1745427508509 0.22586436569690704 77
1745427511946 0.23856928944587708 78
1745427514362 0.23576101660728455 79
1745427637481 0.23321498930454254 80
1745427640957 0.22719085216522217 81
1745427644402 0.2345176339149475 82
1745427648745 0.23334354162216187 83
1745427652290 0.24337957799434662 84
1745427655731 0.24595597386360168 85
1745427659170 0.23682087659835815 86
1745427663398 0.23423653841018677 87
1745427666851 0.2439468950033188 88
1745427670318 0.2280455231666565 89
1745427674500 0.2451367974281311 90
1745427678139 0.25498297810554504 91
1745427681651 0.24644480645656586 92
1745427685159 0.24110224843025208 93
1745427689465 0.24605701863765717 94
1745427692925 0.25314390659332275 95
1745427696378 0.25504910945892334 96
1745427700376 0.256864994764328 97
1745427704056 0.2503056526184082 98
1745427707521 0.24470485746860504 99
1745427710976 0.2672460675239563 100
1745427715374 0.24874825775623322 101
1745427718802 0.24820221960544586 102
1745427722224 0.264376163482666 103
1745427725989 0.2630366384983063 104
1745427729904 0.2577968239784241 105
1745427733381 0.25045108795166016 106
1745427736865 0.24942316114902496 107
1745427741335 0.24700133502483368 108
1745427744909 0.262959748506546 109
1745427748622 0.24300578236579895 110
1745427752570 0.24971607327461243 111
1745427756323 0.2631945312023163 112
1745427759805 0.26097050309181213 113
1745427763268 0.26031821966171265 114
1745427767700 0.2486676126718521 115
1745427771131 0.24546371400356293 116
1745427774628 0.2716798484325409 117
1745427778519 0.263560026884079 118
1745427782314 0.2717488706111908 119
1745427785775 0.2647511065006256 120
1745427789342 0.26490315794944763 121
1745427794004 0.2630736529827118 122
1745427797481 0.2649039626121521 123
1745427800958 0.2723313570022583 124
1745427804751 0.2689879238605499 125
1745427808525 0.25967565178871155 126
1745427811987 0.264299213886261 127
1745427815451 0.27768024802207947 128
1745427819993 0.27628985047340393 129
1745427823440 0.26352062821388245 130
1745427826883 0.27200502157211304 131
1745427830475 0.27200260758399963 132
1745427834378 0.25963249802589417 133
1745427837847 0.27141207456588745 134
1745427841326 0.2618618905544281 135
1745427845710 0.272060364484787 136
1745427849242 0.283903568983078 137
1745427852668 0.27017125487327576 138
1745427856118 0.2808736562728882 139
1745427860142 0.2698127031326294 140
1745427863600 0.2763884961605072 141
1745427867048 0.2728378176689148 142
1745427871356 0.26882144808769226 143
1745427874896 0.2735503613948822 144
1745427878332 0.2813848853111267 145
1745427881766 0.2684597373008728 146
1745427885969 0.2802683115005493 147
1745427889388 0.28380119800567627 148
1745427892823 0.28012800216674805 149
1745427896958 0.2643120586872101 150
1745427900570 0.2668101191520691 151
1745427904027 0.2745280861854553 152
1745427907468 0.2782841622829437 153
1745427911838 0.3015587031841278 154
1745427915288 0.28230926394462585 155
1745427918747 0.29492974281311035 156
1745427922679 0.2849353551864624 157
1745427926394 0.27040502429008484 158
1745427928865 0.2778978943824768 159
1745428051910 0.2987481951713562 160
1745428056229 0.2902100384235382 161
1745428059724 0.2832958996295929 162
1745428063185 0.29730814695358276 163
1745428067249 0.3013278841972351 164
1745428070931 0.2872409224510193 165
1745428074393 0.2901279330253601 166
1745428077861 0.28922632336616516 167
1745428082238 0.2869233191013336 168
1745428085705 0.3021881580352783 169
1745428089140 0.28333210945129395 170
1745428093025 0.2735125422477722 171
1745428096753 0.2827284336090088 172
1745428100195 0.2849818468093872 173
1745428103655 0.2869825065135956 174
1745428108160 0.2921563386917114 175
1745428111609 0.2809246778488159 176
1745428115068 0.29257944226264954 177
1745428118788 0.2939247190952301 178
1745428122644 0.2866165041923523 179
1745428126114 0.28975486755371094 180
1745428129555 0.2930449843406677 181
1745428134018 0.2841159999370575 182
1745428137492 0.28901249170303345 183
1745428140941 0.28608328104019165 184
1745428144395 0.27388113737106323 185
1745428148434 0.29764625430107117 186
1745428151898 0.2972705662250519 187
1745428155351 0.28735771775245667 188
1745428159686 0.27638959884643555 189
1745428163215 0.2859653830528259 190
1745428166675 0.28001177310943604 191
1745428170122 0.2901288866996765 192
1745428174313 0.2929416596889496 193
1745428177752 0.2990436851978302 194
1745428181242 0.2944563925266266 195
1745428185416 0.29115602374076843 196
1745428189013 0.2838314175605774 197
1745428192447 0.2878035604953766 198
1745428195889 0.2746318578720093 199
1745428200203 0.2909140884876251 200
1745428203651 0.2970697581768036 201
1745428207113 0.2803110182285309 202
1745428211100 0.2910332679748535 203
1745428214793 0.2940906584262848 204
1745428218240 0.28774353861808777 205
1745428221666 0.2966011166572571 206
1745428226070 0.29156890511512756 207
1745428229505 0.2914043366909027 208
1745428232945 0.2986723780632019 209
1745428236649 0.2938012182712555 210
1745428240433 0.27787095308303833 211
1745428243870 0.2971121668815613 212
1745428247312 0.292147159576416 213
1745428251708 0.31383055448532104 214
1745428255151 0.2911771237850189 215
1745428258588 0.3029380738735199 216
1745428262026 0.28330618143081665 217
1745428266071 0.2825721204280853 218
1745428269510 0.29230770468711853 219
1745428272967 0.2812478244304657 220
1745428277257 0.315609872341156 221
1745428280799 0.29258692264556885 222
1745428284230 0.2936100363731384 223
1745428287671 0.29443973302841187 224
1745428291853 0.28763699531555176 225
1745428295304 0.3052231967449188 226
1745428298765 0.3002144992351532 227
1745428302964 0.2812098264694214 228
1745428306602 0.3000817596912384 229
1745428310026 0.28831562399864197 230
1745428313441 0.29931843280792236 231
1745428317717 0.29699379205703735 232
1745428321148 0.30417731404304504 233
1745428324590 0.2971678376197815 234
1745428328552 0.30348557233810425 235
1745428332259 0.2992863655090332 236
1745428335697 0.28466835618019104 237
1745428339132 0.28475749492645264 238
1745428342223 0.30571427941322327 239
1745428464551 0.30220726132392883 240
1745428467983 0.2960033714771271 241
1745428471717 0.291896253824234 242
1745428475521 0.3023337423801422 243
1745428478972 0.311553031206131 244
1745428482435 0.3086372911930084 245
1745428486875 0.31286394596099854 246
1745428490293 0.30472689867019653 247
1745428493713 0.30449870228767395 248
1745428497217 0.30025020241737366 249
1745428501134 0.30539849400520325 250
1745428504555 0.31304189562797546 251
1745428507973 0.30604055523872375 252
1745428512292 0.29283151030540466 253
1745428515825 0.2978474795818329 254
1745428519254 0.30590417981147766 255
1745428522685 0.2969312071800232 256
1745428526855 0.31801819801330566 257
1745428530293 0.3013918101787567 258
1745428533727 0.3133606016635895 259
1745428537850 0.3066656291484833 260
1745428541464 0.30182626843452454 261
1745428544913 0.2953230142593384 262
1745428548333 0.2992362976074219 263
1745428552639 0.31230059266090393 264
1745428556083 0.29551470279693604 265
1745428559503 0.2904057502746582 266
1745428563377 0.287944495677948 267
1745428567092 0.2992001175880432 268
1745428570518 0.3059198260307312 269
1745428573971 0.297534704208374 270
1745428578423 0.3089247941970825 271
1745428581859 0.30677172541618347 272
1745428585273 0.31174471974372864 273
1745428588901 0.3077411651611328 274
1745428592706 0.280853807926178 275
1745428596147 0.29431918263435364 276
1745428599581 0.30677053332328796 277
1745428604000 0.2920191287994385 278
1745428607519 0.30387115478515625 279
1745428611013 0.2977442443370819 280
1745428614470 0.30800116062164307 281
1745428618546 0.29854196310043335 282
1745428621979 0.30449196696281433 283
1745428625430 0.29897215962409973 284
1745428629687 0.30410924553871155 285
1745428633273 0.317940354347229 286
1745428636671 0.32150670886039734 287
1745428640089 0.31330206990242004 288
1745428644329 0.3151332139968872 289
1745428647743 0.3102686405181885 290
1745428651162 0.32632994651794434 291
1745428655098 0.31490305066108704 292
1745428658766 0.2929796278476715 293
1745428662189 0.3165764808654785 294
1745428665615 0.3151130676269531 295
1745428670006 0.3151960074901581 296
1745428673440 0.3040938973426819 297
1745428676863 0.29557523131370544 298
1745428680539 0.30658411979675293 299
1745428684342 0.31017303466796875 300
1745428687790 0.2988170087337494 301
1745428691243 0.30388620495796204 302
1745428695674 0.29979467391967773 303
1745428699123 0.31033509969711304 304
1745428702561 0.3060489892959595 305
1745428705977 0.29436349868774414 306
1745428709993 0.31709203124046326 307
1745428713417 0.30488720536231995 308
1745428716838 0.3208945393562317 309
1745428721038 0.3147854804992676 310
1745428724627 0.29122039675712585 311
1745428728063 0.30532971024513245 312
1745428731476 0.29780372977256775 313
1745428735718 0.3188684284687042 314
1745428739143 0.31972736120224 315
1745428742573 0.316297709941864 316
1745428746556 0.2897607982158661 317
1745428750204 0.32723575830459595 318
1745428752623 0.306632399559021 319
1745428874712 0.3209579885005951 320
1745428879149 0.33501359820365906 321
1745428882574 0.3212844729423523 322
1745428886011 0.3163467049598694 323
1745428889723 0.3355152904987335 324
1745428893521 0.32238292694091797 325
1745428896972 0.306595116853714 326
1745428900436 0.3427124321460724 327
1745428904866 0.3092063069343567 328
1745428908294 0.31368178129196167 329
1745428911720 0.3366624712944031 330
1745428915155 0.3021353781223297 331
1745428919148 0.3063068687915802 332
1745428922635 0.31514817476272583 333
1745428926095 0.3114420175552368 334
1745428930428 0.30840253829956055 335
1745428933979 0.3290744423866272 336
1745428937409 0.3222591280937195 337
1745428940830 0.3152562081813812 338
1745428944984 0.31904125213623047 339
1745428948424 0.31710609793663025 340
1745428951846 0.3163616955280304 341
1745428955993 0.3170185983181 342
1745428959626 0.32924458384513855 343
1745428963069 0.33028051257133484 344
1745428966532 0.3172120451927185 345
1745428970819 0.31929197907447815 346
1745428974243 0.3052404820919037 347
1745428977678 0.3045940697193146 348
1745428981567 0.32285627722740173 349
1745428985268 0.3282806873321533 350
1745428988702 0.31362468004226685 351
1745428992156 0.3370848596096039 352
1745428996634 0.31617891788482666 353
1745429000078 0.3307429850101471 354
1745429003511 0.31457972526550293 355
1745429007131 0.32145023345947266 356
1745429010948 0.3129007816314697 357
1745429014384 0.3180428147315979 358
1745429017811 0.3294241428375244 359
1745429022159 0.3221586346626282 360
1745429025664 0.3061959147453308 361
1745429029109 0.3120722770690918 362
1745429032549 0.3061269223690033 363
1745429036615 0.32082444429397583 364
1745429040054 0.3284836709499359 365
1745429043475 0.3046581745147705 366
1745429047677 0.3219594657421112 367
1745429051259 0.3209650218486786 368
1745429054752 0.3140060603618622 369
1745429058164 0.3208112418651581 370
1745429062385 0.3121599853038788 371
1745429065811 0.3145722448825836 372
1745429069240 0.3215010166168213 373
1745429073207 0.3145967423915863 374
1745429076861 0.31202012300491333 375
1745429080312 0.3082202672958374 376
1745429083764 0.30825087428092957 377
1745429088167 0.3174777925014496 378
1745429091598 0.31090810894966125 379
1745429095038 0.31222671270370483 380
1745429098843 0.3126448392868042 381
1745429102562 0.31576746702194214 382
1745429106014 0.3160358965396881 383
1745429109448 0.31751614809036255 384
1745429113889 0.31242647767066956 385
1745429117344 0.33101582527160645 386
1745429120799 0.31805333495140076 387
1745429124434 0.32990071177482605 388
1745429128231 0.3224574625492096 389
1745429131649 0.3131430745124817 390
1745429135084 0.3200905919075012 391
1745429139471 0.3293757438659668 392
1745429142939 0.3103126883506775 393
1745429146371 0.3413807451725006 394
1745429149807 0.30851590633392334 395
1745429153908 0.32298946380615234 396
1745429157333 0.3231184780597687 397
1745429160762 0.32248613238334656 398
1745429163308 0.3086923658847809 399
