1745439327128 9.36425495147705 0
1745439330670 8.711653709411621 1
1745439334886 7.981433391571045 2
1745439338865 7.481112003326416 3
1745439342302 7.006811141967773 4
1745439346750 6.7082719802856445 5
1745439350230 6.48524808883667 6
1745439353709 6.429594993591309 7
1745439357166 6.551124572753906 8
1745439361171 6.595556259155273 9
1745439364620 6.619213581085205 10
1745439368091 6.520215034484863 11
1745439372559 6.478618621826172 12
1745439376103 6.419631481170654 13
1745439379627 6.422866344451904 14
1745439383075 6.3846659660339355 15
1745439387181 6.3477983474731445 16
1745439390710 6.399711608886719 17
1745439394195 6.337216377258301 18
1745439398513 6.357945919036865 19
1745439402086 6.457696914672852 20
1745439405535 6.390410423278809 21
1745439408971 6.397623538970947 22
1745439413151 6.377653121948242 23
1745439416601 6.3792595863342285 24
1745439420069 6.376195907592773 25
1745439424287 6.282957077026367 26
1745439427910 6.289167404174805 27
1745439431396 6.299351692199707 28
1745439434849 6.262773513793945 29
1745439439086 6.289444923400879 30
1745439442539 6.261023044586182 31
1745439446018 6.243398189544678 32
1745439450087 6.170307159423828 33
1745439453752 6.149878025054932 34
1745439457207 6.123250484466553 35
1745439460679 6.125741004943848 36
1745439465060 6.085474014282227 37
1745439468532 6.099696636199951 38
1745439472002 6.088201999664307 39
1745439475862 6.025346279144287 40
1745439479605 6.06106424331665 41
1745439483069 5.931986331939697 42
1745439486540 6.005526542663574 43
1745439491034 5.974458694458008 44
1745439494499 5.917726516723633 45
1745439497932 5.807469367980957 46
1745439501687 5.798370838165283 47
1745439505479 5.8192524909973145 48
1745439508943 5.768587112426758 49
1745439512415 5.720235824584961 50
1745439516911 5.761728763580322 51
1745439520366 5.77644681930542 52
1745439523819 5.674973487854004 53
1745439527479 5.660193920135498 54
1745439531340 5.698699474334717 55
1745439534822 5.6045823097229 56
1745439538267 5.573831558227539 57
1745439542722 5.515261173248291 58
1745439546201 5.55103874206543 59
1745439549668 5.503467559814453 60
1745439553200 5.430245399475098 61
1745439557179 5.414294719696045 62
1745439560657 5.388084888458252 63
1745439564150 5.376121520996094 64
1745439568502 5.400415420532227 65
1745439572097 5.414875030517578 66
1745439575563 5.2975664138793945 67
1745439579036 5.359456539154053 68
1745439583079 5.346058368682861 69
1745439586563 5.304840564727783 70
1745439590029 5.278132915496826 71
1745439594353 5.258039474487305 72
1745439597920 5.229726791381836 73
1745439601427 5.295599460601807 74
1745439604887 5.261058807373047 75
1745439608999 5.163429260253906 76
1745439612501 5.2454328536987305 77
1745439615978 5.267156600952148 78
1745439618636 5.063326835632324 79
