1745439327128 0.00019953442097175866 0
1745439330670 0.04856709763407707 1
1745439334886 0.07428765296936035 2
1745439338865 0.07240606844425201 3
1745439342302 0.07672704011201859 4
1745439346750 0.0702827125787735 5
1745439350230 0.07084634900093079 6
1745439353709 0.06782134622335434 7
1745439357166 0.07115961611270905 8
1745439361171 0.07006802409887314 9
1745439364620 0.07741979509592056 10
1745439368091 0.03743518516421318 11
1745439372559 0.029203474521636963 12
1745439376103 0.030020900070667267 13
1745439379627 0.02917354181408882 14
1745439383075 0.0743575319647789 15
1745439387181 0.07392483204603195 16
1745439390710 0.07118912786245346 17
1745439394195 0.07169961929321289 18
1745439398513 0.0701679214835167 19
1745439402086 0.07130171358585358 20
1745439405535 0.07322204858064651 21
1745439408971 0.0716373398900032 22
1745439413151 0.07239348441362381 23
1745439416601 0.06788665801286697 24
1745439420069 0.07243175059556961 25
1745439424287 0.07781574130058289 26
1745439427910 0.07196943461894989 27
1745439431396 0.07601781189441681 28
1745439434849 0.07881060242652893 29
1745439439086 0.08157726377248764 30
1745439442539 0.08582891523838043 31
1745439446018 0.0799742043018341 32
1745439450087 0.08970607817173004 33
1745439453752 0.10433831810951233 34
1745439457207 0.1016082838177681 35
1745439460679 0.11643687635660172 36
1745439465060 0.1158004179596901 37
1745439468532 0.11201506108045578 38
1745439472002 0.11553879082202911 39
1745439475862 0.12251748144626617 40
1745439479605 0.12089219689369202 41
1745439483069 0.12535592913627625 42
1745439486540 0.12375564128160477 43
1745439491034 0.1261221468448639 44
1745439494499 0.12228121608495712 45
1745439497932 0.12818585336208344 46
1745439501687 0.13901053369045258 47
1745439505479 0.1410592496395111 48
1745439508943 0.142666757106781 49
1745439512415 0.1455477476119995 50
1745439516911 0.13867411017417908 51
1745439520366 0.1481620818376541 52
1745439523819 0.1450003981590271 53
1745439527479 0.14891086518764496 54
1745439531340 0.14576248824596405 55
1745439534822 0.15294909477233887 56
1745439538267 0.15398436784744263 57
1745439542722 0.1633376032114029 58
1745439546201 0.1620265543460846 59
1745439549668 0.16248059272766113 60
1745439553200 0.16718913614749908 61
1745439557179 0.1659618616104126 62
1745439560657 0.1711440533399582 63
1745439564150 0.18058297038078308 64
1745439568502 0.16773061454296112 65
1745439572097 0.1687445342540741 66
1745439575563 0.17889609932899475 67
1745439579036 0.1714339554309845 68
1745439583079 0.17304933071136475 69
1745439586563 0.18141046166419983 70
1745439590029 0.17840780317783356 71
1745439594353 0.1785028725862503 72
1745439597920 0.18664884567260742 73
1745439601427 0.18226321041584015 74
1745439604887 0.18929195404052734 75
1745439608999 0.19624216854572296 76
1745439612501 0.19195888936519623 77
1745439615978 0.18996624648571014 78
1745439618636 0.19240477681159973 79
