1745550992413 0.0002374732866883278 0
1745550996128 0.06207038834691048 1
1745550999858 0.05773092433810234 2
1745551004494 0.035398758947849274 3
1745551008196 0.050007980316877365 4
1745551011909 0.04136425256729126 5
1745551016274 0.006675400771200657 6
1745551020145 0.055108558386564255 7
1745551023866 0.06373429298400879 8
1745551027724 0.04970250278711319 9
1745551032049 0.04589755833148956 10
1745551035772 0.05198231711983681 11
1745551039472 0.060579121112823486 12
1745551044119 0.06404413282871246 13
1745551047827 0.06531035155057907 14
1745551051516 0.05953419581055641 15
1745551056069 0.04274577274918556 16
1745551059862 0.03486951068043709 17
1745551063549 0.060473378747701645 18
1745551067552 0.05760869383811951 19
1745551071691 0.05780554190278053 20
1745551075387 0.06382978707551956 21
1745551079086 0.0598912313580513 22
1745551083659 0.059167783707380295 23
1745551087384 0.0595545694231987 24
1745551091123 0.060785166919231415 25
1745551095677 0.056957218796014786 26
1745551099409 0.05857415497303009 27
1745551103116 0.04781341180205345 28
1745551107191 0.06182711198925972 29
1745551111198 0.060846880078315735 30
1745551114928 0.0611516535282135 31
1745551118677 0.056772150099277496 32
1745551123200 0.06123192980885506 33
1745551126897 0.06411042809486389 34
1745551130585 0.06585776060819626 35
1745551135207 0.054558560252189636 36
1745551138943 0.06111143156886101 37
1745551142690 0.06377189606428146 38
1745551146940 0.04980432242155075 39
1745551150849 0.062238141894340515 40
1745551154590 0.05751926079392433 41
1745551158302 0.06582221388816833 42
1745551162798 0.06309598684310913 43
1745551166504 0.058034345507621765 44
1745551170218 0.05099817365407944 45
1745551174871 0.05016061291098595 46
1745551178606 0.05592441186308861 47
1745551182312 0.061979103833436966 48
1745551186658 0.058390021324157715 49
1745551190488 0.06497175246477127 50
1745551194202 0.0568225234746933 51
1745551197962 0.0598338283598423 52
1745551202336 0.04994463548064232 53
1745551206042 0.054203759878873825 54
