1745550992413 9.135547637939453 0
1745550996128 8.244952201843262 1
1745550999858 7.090122222900391 2
1745551004494 6.672790050506592 3
1745551008196 6.5699944496154785 4
1745551011909 6.647829532623291 5
1745551016274 6.698044776916504 6
1745551020145 6.651869773864746 7
1745551023866 6.498978137969971 8
1745551027724 6.4192728996276855 9
1745551032049 6.43210506439209 10
1745551035772 6.400238990783691 11
1745551039472 6.418876647949219 12
1745551044119 6.372707366943359 13
1745551047827 6.372753620147705 14
1745551051516 6.38204288482666 15
1745551056069 6.3984551429748535 16
1745551059862 6.401457786560059 17
1745551063549 6.331140041351318 18
1745551067552 6.476639747619629 19
1745551071691 6.401825428009033 20
1745551075387 6.2924275398254395 21
1745551079086 6.349940299987793 22
1745551083659 6.323925971984863 23
1745551087384 6.38043737411499 24
1745551091123 6.311540126800537 25
1745551095677 6.365942001342773 26
1745551099409 6.345028877258301 27
1745551103116 6.3382697105407715 28
1745551107191 6.404004096984863 29
1745551111198 6.320269584655762 30
1745551114928 6.363520622253418 31
1745551118677 6.434414863586426 32
1745551123200 6.333489418029785 33
1745551126897 6.362260818481445 34
1745551130585 6.310910701751709 35
1745551135207 6.346275806427002 36
1745551138943 6.361627578735352 37
1745551142690 6.350342750549316 38
1745551146940 6.372495174407959 39
1745551150849 6.319063186645508 40
1745551154590 6.374148368835449 41
1745551158302 6.29992151260376 42
1745551162798 6.301617622375488 43
1745551166504 6.379044055938721 44
1745551170218 6.274672031402588 45
1745551174871 6.303516387939453 46
1745551178606 6.376358509063721 47
1745551182312 6.38810396194458 48
1745551186658 6.371790409088135 49
1745551190488 6.301202297210693 50
1745551194202 6.362659454345703 51
1745551197962 6.300547122955322 52
1745551202336 6.296645164489746 53
1745551206042 6.327303886413574 54
