1746045084588 0.0001350165402982384 0
1746045087184 0.0 1
1746045089761 0.0002508938196115196 2
1746045092390 0.00026647126651369035 3
1746045095007 0.0020132767967879772 4
1746045097562 0.02290717139840126 5
1746045100129 0.059351373463869095 6
1746045102692 0.06251560896635056 7
1746045105395 0.06122085824608803 8
1746045107988 0.06754690408706665 9
1746045110545 0.06559602916240692 10
1746045113110 0.061682917177677155 11
1746045115658 0.06633923947811127 12
1746045118577 0.06685775518417358 13
1746045121143 0.060976337641477585 14
1746045123695 0.06109027564525604 15
1746045126263 0.06553139537572861 16
1746045128841 0.05993223190307617 17
1746045131512 0.05892699956893921 18
1746045134071 0.04716609790921211 19
1746045136641 0.048048920929431915 20
1746045139214 0.05412144213914871 21
1746045142037 0.04879948869347572 22
1746045144596 0.04917098954319954 23
1746045147150 0.04609503969550133 24
1746045149697 0.05850058048963547 25
1746045152245 0.0638970211148262 26
1746045155043 0.06203901395201683 27
1746045157609 0.061974383890628815 28
1746045160162 0.06372388452291489 29
1746045162724 0.05714285746216774 30
1746045165288 0.058227021247148514 31
1746045168002 0.05255744978785515 32
1746045170560 0.04913613572716713 33
1746045173117 0.0513087660074234 34
1746045175674 0.05231160670518875 35
1746045178265 0.05427529662847519 36
1746045180927 0.061572615057229996 37
1746045183500 0.05891288444399834 38
1746045186067 0.05927668511867523 39
1746045188632 0.05113328620791435 40
1746045191596 0.05280866101384163 41
1746045194172 0.052393123507499695 42
1746045196739 0.05400802940130234 43
1746045199312 0.052022047340869904 44
1746045201870 0.055531516671180725 45
1746045204709 0.06515053659677505 46
1746045207272 0.06123065948486328 47
1746045209815 0.06030377000570297 48
1746045212366 0.06301908195018768 49
1746045215073 0.057853490114212036 50
1746045217642 0.0655897855758667 51
1746045220197 0.06875486671924591 52
1746045222769 0.06558118760585785 53
1746045225331 0.06499084085226059 54
1746045228260 0.06317572295665741 55
1746045230830 0.06384778022766113 56
1746045233385 0.06243467330932617 57
1746045235934 0.06196392700076103 58
1746045238494 0.0625477209687233 59
1746045241147 0.06040959805250168 60
1746045243713 0.0591033510863781 61
1746045246270 0.06288670003414154 62
1746045248830 0.0615316741168499 63
1746045251509 0.056916724890470505 64
1746045254086 0.056779470294713974 65
1746045256640 0.059829577803611755 66
1746045259186 0.05761732906103134 67
1746045261739 0.058781616389751434 68
1746045264656 0.05614917352795601 69
1746045267227 0.06608927249908447 70
1746045269783 0.06167155131697655 71
1746045272354 0.059041835367679596 72
1746045274908 0.06262019276618958 73
1746045277644 0.06721670925617218 74
1746045280200 0.06526019424200058 75
1746045282764 0.06709374487400055 76
1746045285320 0.06884537637233734 77
1746045287934 0.07389821112155914 78
1746045290597 0.06699715554714203 79
1746045293159 0.06486926972866058 80
1746045295707 0.06303030252456665 81
1746045296561 0.06344359368085861 82
1746045740683 0.07285570353269577 83
1746045743234 0.07737169414758682 84
1746045745854 0.07108023017644882 85
1746045748488 0.0711868405342102 86
1746045751041 0.06927809864282608 87
1746045753608 0.066338911652565 88
1746045756170 0.06642340868711472 89
1746045758879 0.07611257582902908 90
1746045761439 0.0754791870713234 91
1746045764001 0.08382001519203186 92
1746045766573 0.07634328305721283 93
1746045769130 0.08102503418922424 94
1746045772025 0.08354506641626358 95
1746045774598 0.07985273003578186 96
1746045777160 0.07940680533647537 97
1746045779721 0.08005382120609283 98
1746045782319 0.08139219880104065 99
1746045784890 0.0777551457285881 100
1746045787447 0.08235803991556168 101
1746045790005 0.08304964751005173 102
1746045792567 0.0805022120475769 103
1746045795277 0.08125121891498566 104
1746045797867 0.08732853084802628 105
1746045800427 0.0791635513305664 106
1746045802972 0.0888085886836052 107
1746045805525 0.09333167970180511 108
1746045808232 0.0848846286535263 109
1746045810817 0.09053076058626175 110
1746045813377 0.08962928503751755 111
1746045815925 0.09352632611989975 112
1746045818489 0.08786258846521378 113
1746045821425 0.0869210809469223 114
1746045823983 0.08864685148000717 115
1746045826553 0.09673970937728882 116
1746045829112 0.0861390084028244 117
1746045831814 0.0951262041926384 118
1746045834375 0.10243712365627289 119
1746045836934 0.10088872164487839 120
1746045839502 0.10886570811271667 121
1746045842080 0.0995999425649643 122
1746045844856 0.11764705926179886 123
1746045847420 0.11816520988941193 124
1746045849993 0.10917103290557861 125
1746045852555 0.11088684946298599 126
1746045855104 0.12023784965276718 127
1746045858055 0.12103869765996933 128
1746045860625 0.11587610840797424 129
1746045863188 0.11938527226448059 130
1746045865750 0.11983521282672882 131
1746045868415 0.1250510811805725 132
1746045870988 0.1214645728468895 133
1746045873568 0.12453726679086685 134
1746045876131 0.12942585349082947 135
1746045878692 0.12920427322387695 136
1746045881404 0.12807054817676544 137
1746045883993 0.12568578124046326 138
1746045886560 0.12078691273927689 139
1746045889113 0.1328883171081543 140
1746045891675 0.12416676431894302 141
1746045894426 0.1327054351568222 142
1746045896999 0.12314049899578094 143
1746045899560 0.13120834529399872 144
1746045902139 0.13952402770519257 145
1746045904699 0.1312330663204193 146
1746045907327 0.13940738141536713 147
1746045909889 0.13837209343910217 148
1746045912459 0.14592882990837097 149
1746045915029 0.1455972045660019 150
1746045917715 0.14422431588172913 151
1746045920292 0.1437431424856186 152
1746045922850 0.15258079767227173 153
1746045925400 0.15310361981391907 154
1746045927951 0.15274296700954437 155
1746045930651 0.15213856101036072 156
1746045933235 0.1559879183769226 157
1746045935797 0.15638400614261627 158
1746045938358 0.16305750608444214 159
1746045940923 0.15641026198863983 160
1746045943805 0.16540180146694183 161
1746045946391 0.15967628359794617 162
1746045948943 0.16998019814491272 163
1746045951502 0.16748909652233124 164
1746045952358 0.17433413863182068 165
1746046409607 0.171829491853714 166
1746046412266 0.17348630726337433 167
1746046414853 0.16734062135219574 168
1746046417413 0.1713254600763321 169
1746046419973 0.17127221822738647 170
1746046422531 0.17405514419078827 171
1746046425455 0.1667981892824173 172
1746046428021 0.17077933251857758 173
1746046430577 0.17767107486724854 174
1746046433130 0.17552456259727478 175
1746046435681 0.1779230237007141 176
1746046438421 0.1747591197490692 177
1746046440992 0.17858688533306122 178
1746046443548 0.17669573426246643 179
1746046446118 0.18620997667312622 180
1746046448707 0.18004797399044037 181
1746046451395 0.18955132365226746 182
1746046453957 0.1912727802991867 183
1746046456517 0.18201033771038055 184
1746046459078 0.19426020979881287 185
1746046461781 0.19368620216846466 186
1746046464334 0.18201091885566711 187
1746046466883 0.19089512526988983 188
1746046469442 0.19260390102863312 189
1746046472009 0.19358067214488983 190
1746046474803 0.18971800804138184 191
1746046477387 0.19985321164131165 192
1746046479951 0.19441816210746765 193
1746046482521 0.18730469048023224 194
1746046485083 0.19830143451690674 195
1746046487833 0.1965821534395218 196
1746046490391 0.21120843291282654 197
1746046492988 0.2056804597377777 198
1746046495546 0.19916683435440063 199
1746046498148 0.20953674614429474 200
1746046500829 0.20077720284461975 201
1746046503413 0.21361872553825378 202
1746046505980 0.19990509748458862 203
1746046508538 0.21147723495960236 204
1746046511466 0.2109319418668747 205
1746046514062 0.19937951862812042 206
1746046516649 0.20973500609397888 207
1746046519201 0.20877081155776978 208
1746046521771 0.21086819469928741 209
1746046524641 0.21291808784008026 210
1746046527222 0.20823942124843597 211
1746046529782 0.20828574895858765 212
1746046532343 0.2175254076719284 213
1746046535042 0.21621622145175934 214
1746046537636 0.22043290734291077 215
1746046540201 0.21076487004756927 216
1746046542763 0.21029455959796906 217
1746046545340 0.21867896616458893 218
1746046548095 0.21306216716766357 219
1746046550677 0.21508245170116425 220
1746046553244 0.21635469794273376 221
1746046555809 0.21163631975650787 222
1746046558376 0.21232233941555023 223
1746046561359 0.2181844562292099 224
1746046563912 0.22567354142665863 225
1746046566463 0.2159634381532669 226
1746046569026 0.22528670728206635 227
1746046571657 0.2230629175901413 228
1746046574233 0.2186414748430252 229
1746046576811 0.21308811008930206 230
1746046579374 0.22550544142723083 231
1746046581934 0.22086602449417114 232
1746046584840 0.22399947047233582 233
1746046587415 0.22284993529319763 234
1746046589970 0.22613616287708282 235
1746046592541 0.2207249104976654 236
1746046595103 0.23598025739192963 237
1746046597839 0.2326766699552536 238
1746046600416 0.22626309096813202 239
1746046602976 0.2257089912891388 240
1746046605542 0.2243991196155548 241
1746046608153 0.230673685669899 242
1746046610783 0.2285504937171936 243
1746046613344 0.22954726219177246 244
1746046615911 0.22490504384040833 245
1746046618466 0.23472921550273895 246
1746046621434 0.2348288595676422 247
1746046622309 0.23023952543735504 248
1746047085019 0.24249158799648285 249
1746047087596 0.22804751992225647 250
1746047090189 0.22760681807994843 251
1746047092789 0.2335166484117508 252
1746047095361 0.2248968780040741 253
1746047097921 0.22725407779216766 254
1746047100477 0.2377140074968338 255
1746047103198 0.2373603731393814 256
1746047105773 0.23305223882198334 257
1746047108334 0.23418793082237244 258
1746047110899 0.23646162450313568 259
1746047113464 0.22795633971691132 260
1746047116409 0.22870782017707825 261
1746047119001 0.24440984427928925 262
1746047121565 0.23408053815364838 263
1746047124137 0.23202082514762878 264
1746047126692 0.23674221336841583 265
1746047129323 0.24255824089050293 266
1746047131889 0.2280144989490509 267
1746047134450 0.23054829239845276 268
1746047137008 0.22846271097660065 269
1746047139648 0.23589518666267395 270
1746047142255 0.23891136050224304 271
1746047144815 0.2301149070262909 272
1746047147388 0.2254977971315384 273
1746047149948 0.2418544590473175 274
1746047152776 0.24181626737117767 275
1746047155333 0.24743042886257172 276
1746047157884 0.2378716766834259 277
1746047160442 0.23449869453907013 278
1746047163015 0.23552291095256805 279
1746047165977 0.2333613634109497 280
1746047168530 0.24650374054908752 281
1746047171079 0.23483391106128693 282
1746047173639 0.23080427944660187 283
1746047176269 0.23590902984142303 284
1746047178910 0.2506631314754486 285
1746047181475 0.24404996633529663 286
1746047184035 0.2336559295654297 287
1746047186584 0.23839978873729706 288
1746047189413 0.23516829311847687 289
1746047191999 0.24821966886520386 290
1746047194561 0.23945869505405426 291
1746047197118 0.24586068093776703 292
1746047199685 0.23854681849479675 293
1746047202553 0.24829702079296112 294
1746047205111 0.24723026156425476 295
1746047207679 0.25630515813827515 296
1746047210247 0.24941003322601318 297
1746047212805 0.24458858370780945 298
1746047215408 0.2547001242637634 299
1746047218025 0.23942407965660095 300
1746047220588 0.24498127400875092 301
1746047223163 0.2530686557292938 302
1746047225830 0.23141902685165405 303
1746047228405 0.24296249449253082 304
1746047230961 0.2390643060207367 305
1746047233525 0.2479400783777237 306
1746047236072 0.23182368278503418 307
1746047238992 0.2373582124710083 308
1746047241571 0.2510165572166443 309
1746047244139 0.24419726431369781 310
1746047246693 0.2302694022655487 311
1746047249255 0.22750402987003326 312
1746047251970 0.24373319745063782 313
1746047254531 0.24504980444908142 314
1746047257092 0.24108807742595673 315
1746047259652 0.24540649354457855 316
1746047262238 0.24236446619033813 317
1746047264920 0.2419758439064026 318
1746047267493 0.2405208945274353 319
1746047270060 0.2305271029472351 320
1746047272619 0.2445240020751953 321
1746047275445 0.2526012063026428 322
1746047278004 0.24710476398468018 323
1746047280566 0.24374306201934814 324
1746047283149 0.24031254649162292 325
1746047285719 0.24185602366924286 326
1746047288681 0.2400331199169159 327
1746047291243 0.2315310835838318 328
1746047293820 0.2389867901802063 329
1746047296386 0.24167175590991974 330
1746047297256 0.2349768877029419 331
