1746045084588 9.791723251342773 0
1746045087184 9.787537574768066 1
1746045089761 9.752745628356934 2
1746045092390 9.63519287109375 3
1746045095007 9.502779006958008 4
1746045097562 9.325632095336914 5
1746045100129 9.071096420288086 6
1746045102692 8.816187858581543 7
1746045105395 8.569809913635254 8
1746045107988 8.266368865966797 9
1746045110545 8.003239631652832 10
1746045113110 7.679797649383545 11
1746045115658 7.389785289764404 12
1746045118577 7.087876796722412 13
1746045121143 6.941722393035889 14
1746045123695 6.815328121185303 15
1746045126263 6.656393527984619 16
1746045128841 6.701793670654297 17
1746045131512 6.761581897735596 18
1746045134071 6.864560127258301 19
1746045136641 6.898532867431641 20
1746045139214 6.863104820251465 21
1746045142037 6.789770603179932 22
1746045144596 6.734716415405273 23
1746045147150 6.685244083404541 24
1746045149697 6.722676753997803 25
1746045152245 6.650578022003174 26
1746045155043 6.705054759979248 27
1746045157609 6.695745468139648 28
1746045160162 6.67008638381958 29
1746045162724 6.696906089782715 30
1746045165288 6.655766487121582 31
1746045168002 6.688759803771973 32
1746045170560 6.639669895172119 33
1746045173117 6.644724369049072 34
1746045175674 6.698722839355469 35
1746045178265 6.64720344543457 36
1746045180927 6.695046424865723 37
1746045183500 6.707085132598877 38
1746045186067 6.611272811889648 39
1746045188632 6.672674179077148 40
1746045191596 6.711244583129883 41
1746045194172 6.694873809814453 42
1746045196739 6.635745525360107 43
1746045199312 6.701746940612793 44
1746045201870 6.6515889167785645 45
1746045204709 6.644103527069092 46
1746045207272 6.666518688201904 47
1746045209815 6.66202449798584 48
1746045212366 6.562705039978027 49
1746045215073 6.648592472076416 50
1746045217642 6.623289108276367 51
1746045220197 6.619343280792236 52
1746045222769 6.593106746673584 53
1746045225331 6.601829528808594 54
1746045228260 6.63632869720459 55
1746045230830 6.5996904373168945 56
1746045233385 6.591996192932129 57
1746045235934 6.609098434448242 58
1746045238494 6.589162826538086 59
1746045241147 6.6098551750183105 60
1746045243713 6.654874324798584 61
1746045246270 6.580599784851074 62
1746045248830 6.612410068511963 63
1746045251509 6.621737003326416 64
1746045254086 6.582818508148193 65
1746045256640 6.64351749420166 66
1746045259186 6.585542678833008 67
1746045261739 6.579641342163086 68
1746045264656 6.632768630981445 69
1746045267227 6.568086624145508 70
1746045269783 6.669388771057129 71
1746045272354 6.626319408416748 72
1746045274908 6.562392711639404 73
1746045277644 6.5764970779418945 74
1746045280200 6.6088409423828125 75
1746045282764 6.613062381744385 76
1746045285320 6.561886787414551 77
1746045287934 6.540698051452637 78
1746045290597 6.570562839508057 79
1746045293159 6.572734355926514 80
1746045295707 6.632906913757324 81
1746045296561 6.566044807434082 82
1746045740683 6.554328918457031 83
1746045743234 6.589104652404785 84
1746045745854 6.646770477294922 85
1746045748488 6.517764091491699 86
1746045751041 6.532989501953125 87
1746045753608 6.651447772979736 88
1746045756170 6.548808574676514 89
1746045758879 6.471357822418213 90
1746045761439 6.530952453613281 91
1746045764001 6.538944721221924 92
1746045766573 6.542271614074707 93
1746045769130 6.440208435058594 94
1746045772025 6.4550251960754395 95
1746045774598 6.492743492126465 96
1746045777160 6.473684310913086 97
1746045779721 6.546864032745361 98
1746045782319 6.495581150054932 99
1746045784890 6.5173163414001465 100
1746045787447 6.424193382263184 101
1746045790005 6.436692714691162 102
1746045792567 6.435651779174805 103
1746045795277 6.440743446350098 104
1746045797867 6.424830436706543 105
1746045800427 6.434263229370117 106
1746045802972 6.403949737548828 107
1746045805525 6.395294189453125 108
1746045808232 6.426734447479248 109
1746045810817 6.397815227508545 110
1746045813377 6.37215518951416 111
1746045815925 6.437170505523682 112
1746045818489 6.401187896728516 113
1746045821425 6.347063064575195 114
1746045823983 6.404205799102783 115
1746045826553 6.343125343322754 116
1746045829112 6.436378002166748 117
1746045831814 6.411063194274902 118
1746045834375 6.346865653991699 119
1746045836934 6.3073811531066895 120
1746045839502 6.253016948699951 121
1746045842080 6.245215892791748 122
1746045844856 6.229946136474609 123
1746045847420 6.237608909606934 124
1746045849993 6.241909027099609 125
1746045852555 6.269673824310303 126
1746045855104 6.184874534606934 127
1746045858055 6.18810510635376 128
1746045860625 6.1967291831970215 129
1746045863188 6.225250720977783 130
1746045865750 6.1907219886779785 131
1746045868415 6.100887298583984 132
1746045870988 6.139221668243408 133
1746045873568 6.074161052703857 134
1746045876131 5.963074684143066 135
1746045878692 6.065288543701172 136
1746045881404 6.021397590637207 137
1746045883993 6.037195682525635 138
1746045886560 6.195952892303467 139
1746045889113 6.056957244873047 140
1746045891675 6.117142677307129 141
1746045894426 6.007352352142334 142
1746045896999 6.052478313446045 143
1746045899560 6.082334041595459 144
1746045902139 5.969606876373291 145
1746045904699 5.901577949523926 146
1746045907327 5.916812896728516 147
1746045909889 5.962450981140137 148
1746045912459 5.907719135284424 149
1746045915029 5.906228065490723 150
1746045917715 5.893148422241211 151
1746045920292 5.923942565917969 152
1746045922850 5.822357654571533 153
1746045925400 5.787410736083984 154
1746045927951 5.790107727050781 155
1746045930651 5.829851150512695 156
1746045933235 5.736989974975586 157
1746045935797 5.758410453796387 158
1746045938358 5.800123691558838 159
1746045940923 5.832881927490234 160
1746045943805 5.722134113311768 161
1746045946391 5.728962421417236 162
1746045948943 5.682236194610596 163
1746045951502 5.685065269470215 164
1746045952358 5.7551679611206055 165
1746046409607 5.645801544189453 166
1746046412266 5.54533576965332 167
1746046414853 5.683509349822998 168
1746046417413 5.672710418701172 169
1746046419973 5.644814968109131 170
1746046422531 5.572425365447998 171
1746046425455 5.6761980056762695 172
1746046428021 5.621946811676025 173
1746046430577 5.598299026489258 174
1746046433130 5.603100299835205 175
1746046435681 5.5019850730896 176
1746046438421 5.5384135246276855 177
1746046440992 5.50663948059082 178
1746046443548 5.556650161743164 179
1746046446118 5.427668571472168 180
1746046448707 5.509555339813232 181
1746046451395 5.496049404144287 182
1746046453957 5.484536647796631 183
1746046456517 5.506523609161377 184
1746046459078 5.390270233154297 185
1746046461781 5.360466003417969 186
1746046464334 5.520166397094727 187
1746046466883 5.414051532745361 188
1746046469442 5.361516952514648 189
1746046472009 5.424736499786377 190
1746046474803 5.4289703369140625 191
1746046477387 5.358903884887695 192
1746046479951 5.391911506652832 193
1746046482521 5.508554458618164 194
1746046485083 5.359018802642822 195
1746046487833 5.414005756378174 196
1746046490391 5.280308723449707 197
1746046492988 5.33550500869751 198
1746046495546 5.336499214172363 199
1746046498148 5.290920734405518 200
1746046500829 5.384729385375977 201
1746046503413 5.231934070587158 202
1746046505980 5.363349914550781 203
1746046508538 5.313173770904541 204
1746046511466 5.231645584106445 205
1746046514062 5.397010326385498 206
1746046516649 5.258861541748047 207
1746046519201 5.270869255065918 208
1746046521771 5.251543045043945 209
1746046524641 5.254192352294922 210
1746046527222 5.260175704956055 211
1746046529782 5.324123382568359 212
1746046532343 5.183960914611816 213
1746046535042 5.22220516204834 214
1746046537636 5.2180280685424805 215
1746046540201 5.2371015548706055 216
1746046542763 5.290632247924805 217
1746046545340 5.180625915527344 218
1746046548095 5.2384772300720215 219
1746046550677 5.247472286224365 220
1746046553244 5.200428009033203 221
1746046555809 5.300920009613037 222
1746046558376 5.204721927642822 223
1746046561359 5.197351932525635 224
1746046563912 5.120419025421143 225
1746046566463 5.2037177085876465 226
1746046569026 5.20075798034668 227
1746046571657 5.183476448059082 228
1746046574233 5.233819007873535 229
1746046576811 5.239162445068359 230
1746046579374 5.13085412979126 231
1746046581934 5.210992813110352 232
1746046584840 5.203638553619385 233
1746046587415 5.114658355712891 234
1746046589970 5.170655727386475 235
1746046592541 5.171618461608887 236
1746046595103 5.088685989379883 237
1746046597839 5.122959136962891 238
1746046600416 5.144215106964111 239
1746046602976 5.156920909881592 240
1746046605542 5.109920501708984 241
1746046608153 5.062431335449219 242
1746046610783 5.1161980628967285 243
1746046613344 5.066366672515869 244
1746046615911 5.150715351104736 245
1746046618466 5.080043315887451 246
1746046621434 5.05251932144165 247
1746046622309 5.044361114501953 248
1746047085019 4.956757545471191 249
1746047087596 5.103994369506836 250
1746047090189 5.035971641540527 251
1746047092789 4.993206977844238 252
1746047095361 5.091780662536621 253
1746047097921 5.068096160888672 254
1746047100477 4.987493515014648 255
1746047103198 4.968764305114746 256
1746047105773 5.048583507537842 257
1746047108334 4.993361949920654 258
1746047110899 4.966897964477539 259
1746047113464 5.057770252227783 260
1746047116409 5.093544960021973 261
1746047119001 4.935616970062256 262
1746047121565 5.082322597503662 263
1746047124137 5.015420436859131 264
1746047126692 5.016555309295654 265
1746047129323 4.978114604949951 266
1746047131889 5.0971879959106445 267
1746047134450 5.068763732910156 268
1746047137008 5.041361331939697 269
1746047139648 4.988973617553711 270
1746047142255 5.020081520080566 271
1746047144815 5.113070964813232 272
1746047147388 5.151917457580566 273
1746047149948 4.936490535736084 274
1746047152776 4.960683345794678 275
1746047155333 4.949530601501465 276
1746047157884 4.992288112640381 277
1746047160442 5.013845920562744 278
1746047163015 5.003232955932617 279
1746047165977 5.021275997161865 280
1746047168530 4.955210208892822 281
1746047171079 4.994337558746338 282
1746047173639 5.046247482299805 283
1746047176269 4.988959789276123 284
1746047178910 4.909695148468018 285
1746047181475 4.927363872528076 286
1746047184035 4.997193813323975 287
1746047186584 5.01469087600708 288
1746047189413 4.9867634773254395 289
1746047191999 4.928812026977539 290
1746047194561 4.954257011413574 291
1746047197118 4.927239418029785 292
1746047199685 4.9974775314331055 293
1746047202553 4.932033538818359 294
1746047205111 4.9257588386535645 295
1746047207679 4.857670307159424 296
1746047210247 4.922084331512451 297
1746047212805 4.923508644104004 298
1746047215408 4.876996994018555 299
1746047218025 4.974493026733398 300
1746047220588 4.923534393310547 301
1746047223163 4.942638397216797 302
1746047225830 4.992937088012695 303
1746047228405 4.875640869140625 304
1746047230961 4.989044189453125 305
1746047233525 4.948846817016602 306
1746047236072 5.0167036056518555 307
1746047238992 4.986550807952881 308
1746047241571 4.873544692993164 309
1746047244139 4.926523685455322 310
1746047246693 5.023565769195557 311
1746047249255 5.023377895355225 312
1746047251970 4.935589790344238 313
1746047254531 4.915135383605957 314
1746047257092 4.91586971282959 315
1746047259652 4.903265476226807 316
1746047262238 4.966438293457031 317
1746047264920 4.9651055335998535 318
1746047267493 4.980340003967285 319
1746047270060 4.968809604644775 320
1746047272619 4.9068217277526855 321
1746047275445 4.883103370666504 322
1746047278004 4.89642858505249 323
1746047280566 4.938842296600342 324
1746047283149 4.940351963043213 325
1746047285719 4.965245246887207 326
1746047288681 4.988911151885986 327
1746047291243 5.001697063446045 328
1746047293820 4.964798927307129 329
1746047296386 4.886289596557617 330
1746047297256 4.989871978759766 331
