1746045084588 0.0005263157894736842 0
1746045087184 0.0010526315789473684 1
1746045089761 0.0015789473684210526 2
1746045092390 0.002105263157894737 3
1746045095007 0.002631578947368421 4
1746045097562 0.003157894736842105 5
1746045100129 0.0036842105263157894 6
1746045102692 0.004210526315789474 7
1746045105395 0.004736842105263157 8
1746045107988 0.005263157894736842 9
1746045110545 0.005789473684210527 10
1746045113110 0.00631578947368421 11
1746045115658 0.006842105263157895 12
1746045118577 0.007368421052631579 13
1746045121143 0.007894736842105263 14
1746045123695 0.008421052631578947 15
1746045126263 0.008947368421052633 16
1746045128841 0.009473684210526315 17
1746045131512 0.01 18
1746045134071 0.009968051118210862 19
1746045136641 0.009936102236421726 20
1746045139214 0.009904153354632588 21
1746045142037 0.009872204472843451 22
1746045144596 0.009840255591054314 23
1746045147150 0.009808306709265175 24
1746045149697 0.009776357827476038 25
1746045152245 0.009744408945686902 26
1746045155043 0.009712460063897763 27
1746045157609 0.009680511182108626 28
1746045160162 0.00964856230031949 29
1746045162724 0.00961661341853035 30
1746045165288 0.009584664536741214 31
1746045168002 0.009552715654952077 32
1746045170560 0.00952076677316294 33
1746045173117 0.009488817891373803 34
1746045175674 0.009456869009584664 35
1746045178265 0.009424920127795527 36
1746045180927 0.00939297124600639 37
1746045183500 0.009361022364217252 38
1746045186067 0.009329073482428115 39
1746045188632 0.009297124600638978 40
1746045191596 0.009265175718849841 41
1746045194172 0.009233226837060703 42
1746045196739 0.009201277955271566 43
1746045199312 0.009169329073482429 44
1746045201870 0.00913738019169329 45
1746045204709 0.009105431309904153 46
1746045207272 0.009073482428115016 47
1746045209815 0.009041533546325878 48
1746045212366 0.009009584664536743 49
1746045215073 0.008977635782747604 50
1746045217642 0.008945686900958467 51
1746045220197 0.00891373801916933 52
1746045222769 0.008881789137380192 53
1746045225331 0.008849840255591055 54
1746045228260 0.008817891373801918 55
1746045230830 0.00878594249201278 56
1746045233385 0.008753993610223642 57
1746045235934 0.008722044728434505 58
1746045238494 0.008690095846645367 59
1746045241147 0.00865814696485623 60
1746045243713 0.008626198083067093 61
1746045246270 0.008594249201277954 62
1746045248830 0.008562300319488817 63
1746045251509 0.00853035143769968 64
1746045254086 0.008498402555910544 65
1746045256640 0.008466453674121407 66
1746045259186 0.008434504792332268 67
1746045261739 0.008402555910543131 68
1746045264656 0.008370607028753994 69
1746045267227 0.008338658146964856 70
1746045269783 0.008306709265175719 71
1746045272354 0.008274760383386582 72
1746045274908 0.008242811501597445 73
1746045277644 0.008210862619808306 74
1746045280200 0.00817891373801917 75
1746045282764 0.008146964856230033 76
1746045285320 0.008115015974440894 77
1746045287934 0.008083067092651757 78
1746045290597 0.00805111821086262 79
1746045293159 0.008019169329073482 80
1746045295707 0.007987220447284346 81
1746045296561 0.007955271565495208 82
1746045740683 0.007923322683706071 83
1746045743234 0.007891373801916934 84
1746045745854 0.007859424920127795 85
1746045748488 0.007827476038338659 86
1746045751041 0.007795527156549521 87
1746045753608 0.007763578274760383 88
1746045756170 0.007731629392971247 89
1746045758879 0.007699680511182109 90
1746045761439 0.0076677316293929714 91
1746045764001 0.0076357827476038346 92
1746045766573 0.007603833865814697 93
1746045769130 0.007571884984025559 94
1746045772025 0.007539936102236422 95
1746045774598 0.007507987220447284 96
1746045777160 0.0074760383386581475 97
1746045779721 0.00744408945686901 98
1746045782319 0.007412140575079872 99
1746045784890 0.007380191693290735 100
1746045787447 0.007348242811501597 101
1746045790005 0.0073162939297124596 102
1746045792567 0.007284345047923323 103
1746045795277 0.007252396166134185 104
1746045797867 0.007220447284345049 105
1746045800427 0.007188498402555911 106
1746045802972 0.007156549520766773 107
1746045805525 0.0071246006389776365 108
1746045808232 0.007092651757188499 109
1746045810817 0.007060702875399361 110
1746045813377 0.007028753993610224 111
1746045815925 0.006996805111821086 112
1746045818489 0.006964856230031949 113
1746045821425 0.006932907348242812 114
1746045823983 0.006900958466453674 115
1746045826553 0.006869009584664537 116
1746045829112 0.006837060702875399 117
1746045831814 0.0068051118210862615 118
1746045834375 0.006773162939297125 119
1746045836934 0.006741214057507987 120
1746045839502 0.006709265175718851 121
1746045842080 0.006677316293929713 122
1746045844856 0.006645367412140575 123
1746045847420 0.006613418530351438 124
1746045849993 0.006581469648562301 125
1746045852555 0.006549520766773163 126
1746045855104 0.006517571884984026 127
1746045858055 0.006485623003194888 128
1746045860625 0.00645367412140575 129
1746045863188 0.0064217252396166135 130
1746045865750 0.006389776357827476 131
1746045868415 0.006357827476038339 132
1746045870988 0.006325878594249201 133
1746045873568 0.006293929712460063 134
1746045876131 0.006261980830670927 135
1746045878692 0.00623003194888179 136
1746045881404 0.006198083067092651 137
1746045883993 0.006166134185303515 138
1746045886560 0.006134185303514377 139
1746045889113 0.00610223642172524 140
1746045891675 0.0060702875399361025 141
1746045894426 0.006038338658146965 142
1746045896999 0.006006389776357828 143
1746045899560 0.00597444089456869 144
1746045902139 0.005942492012779552 145
1746045904699 0.0059105431309904154 146
1746045907327 0.005878594249201278 147
1746045909889 0.005846645367412141 148
1746045912459 0.005814696485623003 149
1746045915029 0.005782747603833865 150
1746045917715 0.005750798722044729 151
1746045920292 0.0057188498402555915 152
1746045922850 0.005686900958466453 153
1746045925400 0.005654952076677317 154
1746045927951 0.005623003194888179 155
1746045930651 0.005591054313099042 156
1746045933235 0.005559105431309904 157
1746045935797 0.005527156549520767 158
1746045938358 0.00549520766773163 159
1746045940923 0.005463258785942492 160
1746045943805 0.005431309904153354 161
1746045946391 0.005399361022364217 162
1746045948943 0.00536741214057508 163
1746045951502 0.005335463258785943 164
1746045952358 0.005303514376996805 165
1746046409607 0.005271565495207667 166
1746046412266 0.005239616613418531 167
1746046414853 0.005207667731629393 168
1746046417413 0.005175718849840256 169
1746046419973 0.005143769968051119 170
1746046422531 0.005111821086261981 171
1746046425455 0.005079872204472844 172
1746046428021 0.005047923322683706 173
1746046430577 0.0050159744408945686 174
1746046433130 0.004984025559105431 175
1746046435681 0.004952076677316294 176
1746046438421 0.004920127795527157 177
1746046440992 0.004888178913738019 178
1746046443548 0.0048562300319488815 179
1746046446118 0.004824281150159745 180
1746046448707 0.004792332268370607 181
1746046451395 0.00476038338658147 182
1746046453957 0.004728434504792332 183
1746046456517 0.004696485623003195 184
1746046459078 0.0046645367412140575 185
1746046461781 0.004632587859424921 186
1746046464334 0.004600638977635783 187
1746046466883 0.004568690095846645 188
1746046469442 0.004536741214057508 189
1746046472009 0.004504792332268371 190
1746046474803 0.0044728434504792336 191
1746046477387 0.004440894568690096 192
1746046479951 0.004408945686900959 193
1746046482521 0.004376996805111821 194
1746046485083 0.004345047923322683 195
1746046487833 0.0043130990415335465 196
1746046490391 0.004281150159744409 197
1746046492988 0.004249201277955272 198
1746046495546 0.004217252396166134 199
1746046498148 0.004185303514376997 200
1746046500829 0.004153354632587859 201
1746046503413 0.0041214057507987225 202
1746046505980 0.004089456869009585 203
1746046508538 0.004057507987220447 204
1746046511466 0.00402555910543131 205
1746046514062 0.003993610223642173 206
1746046516649 0.0039616613418530355 207
1746046519201 0.003929712460063898 208
1746046521771 0.0038977635782747604 209
1746046524641 0.0038658146964856235 210
1746046527222 0.0038338658146964857 211
1746046529782 0.0038019169329073484 212
1746046532343 0.003769968051118211 213
1746046535042 0.0037380191693290737 214
1746046537636 0.003706070287539936 215
1746046540201 0.0036741214057507987 216
1746046542763 0.0036421725239616613 217
1746046545340 0.0036102236421725244 218
1746046548095 0.0035782747603833867 219
1746046550677 0.0035463258785942493 220
1746046553244 0.003514376996805112 221
1746046555809 0.0034824281150159747 222
1746046558376 0.003450479233226837 223
1746046561359 0.0034185303514376996 224
1746046563912 0.0033865814696485627 225
1746046566463 0.0033546325878594254 226
1746046569026 0.0033226837060702876 227
1746046571657 0.0032907348242811503 228
1746046574233 0.003258785942492013 229
1746046576811 0.003226837060702875 230
1746046579374 0.003194888178913738 231
1746046581934 0.0031629392971246006 232
1746046584840 0.0031309904153354637 233
1746046587415 0.0030990415335463255 234
1746046589970 0.0030670926517571886 235
1746046592541 0.0030351437699680513 236
1746046595103 0.003003194888178914 237
1746046597839 0.002971246006389776 238
1746046600416 0.002939297124600639 239
1746046602976 0.0029073482428115015 240
1746046605542 0.0028753993610223646 241
1746046608153 0.0028434504792332264 242
1746046610783 0.0028115015974440895 243
1746046613344 0.002779552715654952 244
1746046615911 0.002747603833865815 245
1746046618466 0.002715654952076677 246
1746046621434 0.00268370607028754 247
1746046622309 0.0026517571884984025 248
1746047085019 0.0026198083067092656 249
1746047087596 0.002587859424920128 250
1746047090189 0.0025559105431309905 251
1746047092789 0.002523961661341853 252
1746047095361 0.0024920127795527154 253
1746047097921 0.0024600638977635785 254
1746047100477 0.0024281150159744407 255
1746047103198 0.0023961661341853034 256
1746047105773 0.002364217252396166 257
1746047108334 0.0023322683706070288 258
1746047110899 0.0023003194888178914 259
1746047113464 0.002268370607028754 260
1746047116409 0.0022364217252396168 261
1746047119001 0.0022044728434504795 262
1746047121565 0.0021725239616613417 263
1746047124137 0.0021405750798722044 264
1746047126692 0.002108626198083067 265
1746047129323 0.0020766773162939297 266
1746047131889 0.0020447284345047924 267
1746047134450 0.002012779552715655 268
1746047137008 0.0019808306709265177 269
1746047139648 0.0019488817891373802 270
1746047142255 0.0019169329073482429 271
1746047144815 0.0018849840255591055 272
1746047147388 0.001853035143769968 273
1746047149948 0.0018210862619808307 274
1746047152776 0.0017891373801916933 275
1746047155333 0.001757188498402556 276
1746047157884 0.0017252396166134185 277
1746047160442 0.0016932907348242814 278
1746047163015 0.0016613418530351438 279
1746047165977 0.0016293929712460065 280
1746047168530 0.001597444089456869 281
1746047171079 0.0015654952076677318 282
1746047173639 0.0015335463258785943 283
1746047176269 0.001501597444089457 284
1746047178910 0.0014696485623003194 285
1746047181475 0.0014376996805111823 286
1746047184035 0.0014057507987220448 287
1746047186584 0.0013738019169329074 288
1746047189413 0.00134185303514377 289
1746047191999 0.0013099041533546328 290
1746047194561 0.0012779552715654952 291
1746047197118 0.0012460063897763577 292
1746047199685 0.0012140575079872204 293
1746047202553 0.001182108626198083 294
1746047205111 0.0011501597444089457 295
1746047207679 0.0011182108626198084 296
1746047210247 0.0010862619808306708 297
1746047212805 0.0010543130990415335 298
1746047215408 0.0010223642172523962 299
1746047218025 0.0009904153354632589 300
1746047220588 0.0009584664536741214 301
1746047223163 0.000926517571884984 302
1746047225830 0.0008945686900958467 303
1746047228405 0.0008626198083067092 304
1746047230961 0.0008306709265175719 305
1746047233525 0.0007987220447284345 306
1746047236072 0.0007667731629392971 307
1746047238992 0.0007348242811501597 308
1746047241571 0.0007028753993610224 309
1746047244139 0.000670926517571885 310
1746047246693 0.0006389776357827476 311
1746047249255 0.0006070287539936102 312
1746047251970 0.0005750798722044729 313
1746047254531 0.0005431309904153354 314
1746047257092 0.0005111821086261981 315
1746047259652 0.0004792332268370607 316
1746047262238 0.00044728434504792333 317
1746047264920 0.00041533546325878595 318
1746047267493 0.00038338658146964857 319
1746047270060 0.0003514376996805112 320
1746047272619 0.0003194888178913738 321
1746047275445 0.00028753993610223643 322
1746047278004 0.00025559105431309905 323
1746047280566 0.00022364217252396167 324
1746047283149 0.00019169329073482429 325
1746047285719 0.0001597444089456869 326
1746047288681 0.00012779552715654952 327
1746047291243 9.584664536741214e-05 328
1746047293820 6.389776357827476e-05 329
1746047296386 3.194888178913738e-05 330
1746047297256 0.0 331
