1745348188775 0.00039837462827563286 0
1745348192753 0.08006693422794342 1
1745348196188 0.07736648619174957 2
1745348199647 0.054643578827381134 3
1745348204074 0.05126694217324257 4
1745348207517 0.038923148065805435 5
1745348210942 0.06891331821680069 6
1745348214383 0.07080802321434021 7
1745348218368 0.07614172250032425 8
1745348221783 0.0717586949467659 9
1745348225257 0.0369316004216671 10
1745348229624 0.0427904948592186 11
1745348233125 0.03813192993402481 12
1745348236557 0.03879086673259735 13
1745348239990 0.03503228351473808 14
1745348244120 0.07262185961008072 15
1745348247552 0.06992842257022858 16
1745348250989 0.06816309690475464 17
1745348255117 0.07371102273464203 18
1745348258811 0.08290757238864899 19
1745348262314 0.08200547099113464 20
1745348265745 0.08366705477237701 21
1745348269973 0.08986802399158478 22
1745348273441 0.0878826379776001 23
1745348276878 0.08418114483356476 24
1745348280917 0.09634397178888321 25
1745348284570 0.09877816587686539 26
1745348287976 0.12452203035354614 27
1745348291396 0.11082269996404648 28
1745348295743 0.11545071005821228 29
1745348299168 0.12366554886102676 30
1745348302640 0.1323562115430832 31
1745348306376 0.13303770124912262 32
1745348310127 0.13014186918735504 33
1745348313598 0.1393585205078125 34
1745348317039 0.1411861926317215 35
1745348321535 0.14650776982307434 36
1745348324967 0.1541748195886612 37
1745348328417 0.16000553965568542 38
1745348332107 0.15126870572566986 39
1745348335880 0.158040389418602 40
1745348339334 0.1526409089565277 41
1745348342771 0.16012516617774963 42
1745348347155 0.15580159425735474 43
1745348350634 0.17051802575588226 44
1745348354071 0.15834414958953857 45
1745348357511 0.16311874985694885 46
1745348361510 0.17051923274993896 47
1745348364933 0.16659173369407654 48
1745348368357 0.1598672866821289 49
1745348372625 0.17309269309043884 50
1745348376190 0.16402678191661835 51
1745348379645 0.15966324508190155 52
1745348383118 0.18397626280784607 53
1745348387241 0.17969661951065063 54
1745348390686 0.1832502782344818 55
1745348394125 0.18778295814990997 56
1745348398249 0.18470588326454163 57
1745348401838 0.1839517503976822 58
1745348405268 0.19007551670074463 59
1745348407804 0.1928614228963852 60
1745348502733 0.19398798048496246 61
1745348506259 0.2118455469608307 62
1745348509707 0.202069953083992 63
1745348513124 0.21081244945526123 64
1745348517226 0.21260853111743927 65
1745348520638 0.20334628224372864 66
1745348524063 0.2084265798330307 67
1745348528228 0.2186029702425003 68
1745348531746 0.2214626520872116 69
1745348535219 0.22169336676597595 70
1745348538652 0.21768666803836823 71
1745348542691 0.2247454971075058 72
1745348546124 0.23490935564041138 73
1745348549537 0.22756312787532806 74
1745348553734 0.217305526137352 75
1745348557270 0.2243667095899582 76
1745348560748 0.2399553507566452 77
1745348564174 0.23130296170711517 78
1745348568252 0.22469562292099 79
1745348571667 0.24943464994430542 80
1745348575102 0.23698529601097107 81
1745348579336 0.23794212937355042 82
1745348582879 0.23452430963516235 83
1745348586306 0.22575172781944275 84
1745348589817 0.2322307676076889 85
1745348593871 0.24540843069553375 86
1745348597308 0.2435077577829361 87
1745348600739 0.2262929379940033 88
1745348604884 0.2380351722240448 89
1745348608430 0.243447408080101 90
1745348611886 0.24184618890285492 91
1745348615359 0.25371021032333374 92
1745348619442 0.255517840385437 93
1745348622984 0.25150254368782043 94
1745348626404 0.24265091121196747 95
1745348630625 0.2572484314441681 96
1745348634197 0.24391759932041168 97
1745348637654 0.2538810074329376 98
1745348641077 0.24650762975215912 99
1745348645176 0.24870389699935913 100
1745348648621 0.2579334080219269 101
1745348652068 0.26352691650390625 102
1745348656286 0.24517594277858734 103
1745348659829 0.24819108843803406 104
1745348663289 0.2644321620464325 105
1745348666738 0.2567797303199768 106
1745348670803 0.2620522081851959 107
1745348674242 0.25784575939178467 108
1745348677657 0.25118550658226013 109
1745348681858 0.2691469192504883 110
1745348685421 0.2750987410545349 111
1745348688873 0.2643989324569702 112
1745348692291 0.2544742822647095 113
1745348696414 0.2602570950984955 114
1745348699850 0.25868523120880127 115
1745348703288 0.27113938331604004 116
1745348707445 0.2657557427883148 117
1745348711058 0.2643051743507385 118
1745348714534 0.25895869731903076 119
1745348717977 0.2587195634841919 120
1745348721365 0.267758846282959 121
1745348815256 0.2672387659549713 122
1745348818729 0.2727974057197571 123
1745348823070 0.2688487768173218 124
1745348826546 0.27457860112190247 125
1745348829983 0.2768760621547699 126
1745348833432 0.2831432521343231 127
1745348837344 0.2798151969909668 128
1745348840827 0.27953311800956726 129
1745348844248 0.28713715076446533 130
1745348848591 0.2641157805919647 131
1745348852079 0.2701565623283386 132
1745348855514 0.2750962972640991 133
1745348858974 0.2741162180900574 134
1745348862991 0.2740016281604767 135
1745348866424 0.2785675525665283 136
1745348869872 0.29690706729888916 137
1745348874267 0.29189908504486084 138
1745348877711 0.26283708214759827 139
1745348881153 0.2820853888988495 140
1745348884605 0.2859608232975006 141
1745348888505 0.26772671937942505 142
1745348891973 0.2720431685447693 143
1745348895404 0.27945226430892944 144
1745348899752 0.26212140917778015 145
1745348903208 0.2862425446510315 146
1745348906639 0.2865370213985443 147
1745348910062 0.27110055088996887 148
1745348913984 0.2923649847507477 149
1745348917417 0.2864997982978821 150
1745348920869 0.2765578627586365 151
1745348925254 0.27431267499923706 152
1745348928734 0.2841354012489319 153
1745348932196 0.280300498008728 154
1745348935660 0.3005174398422241 155
1745348939614 0.27887359261512756 156
1745348943064 0.2921206057071686 157
1745348946524 0.2885455787181854 158
1745348950895 0.27985385060310364 159
1745348954404 0.29864412546157837 160
1745348957826 0.2821498513221741 161
1745348961283 0.2758506238460541 162
1745348965155 0.2903521656990051 163
1745348968595 0.2838255763053894 164
1745348972045 0.28912973403930664 165
1745348976407 0.2838365137577057 166
1745348979865 0.28965750336647034 167
1745348983348 0.2822950780391693 168
1745348986783 0.28068479895591736 169
1745348990680 0.27985507249832153 170
1745348994135 0.2871876358985901 171
1745348997564 0.2796092927455902 172
1745349001924 0.28054624795913696 173
1745349005404 0.2860128581523895 174
1745349008844 0.27899518609046936 175
1745349012311 0.2920788526535034 176
1745349016201 0.2835291028022766 177
1745349019687 0.2880708873271942 178
1745349023117 0.2897617518901825 179
1745349027500 0.2745441496372223 180
1745349030964 0.2779635190963745 181
1745349033514 0.2880033850669861 182
1745349127570 0.2851332724094391 183
1745349131440 0.2833503484725952 184
1745349134876 0.2901816666126251 185
1745349138304 0.29115796089172363 186
1745349142660 0.298796683549881 187
1745349146110 0.2962453365325928 188
1745349149552 0.28533315658569336 189
1745349153004 0.29714059829711914 190
1745349156877 0.2993088364601135 191
1745349160332 0.295034795999527 192
1745349163803 0.2983148992061615 193
1745349168157 0.3033313453197479 194
1745349171633 0.29970279335975647 195
1745349175068 0.297265887260437 196
1745349178508 0.29312649369239807 197
1745349182451 0.27602866291999817 198
1745349185927 0.29469239711761475 199
1745349189384 0.28965964913368225 200
1745349193744 0.2942230999469757 201
1745349197176 0.2896880507469177 202
1745349200620 0.2855725884437561 203
1745349204057 0.29876071214675903 204
1745349207985 0.2884494960308075 205
1745349211482 0.3058393597602844 206
1745349214933 0.2865523397922516 207
1745349219300 0.29947367310523987 208
1745349222766 0.29428213834762573 209
1745349226224 0.29104581475257874 210
1745349229657 0.2980811595916748 211
1745349233571 0.297929584980011 212
1745349237054 0.2889403700828552 213
1745349240493 0.3066822290420532 214
1745349244964 0.30847546458244324 215
1745349248409 0.2914862036705017 216
1745349251878 0.3049536943435669 217
1745349255387 0.29674530029296875 218
1745349259216 0.29484522342681885 219
1745349262651 0.2944015562534332 220
1745349266086 0.3017524182796478 221
1745349270435 0.298760324716568 222
1745349273888 0.30333513021469116 223
1745349277312 0.3061063885688782 224
1745349280755 0.30643248558044434 225
1745349284682 0.2937350571155548 226
1745349288120 0.31693628430366516 227
1745349291566 0.29525256156921387 228
1745349295922 0.29142966866493225 229
1745349299409 0.2957969903945923 230
1745349302840 0.2892902195453644 231
1745349306280 0.28945794701576233 232
1745349310188 0.31748104095458984 233
1745349313644 0.27359887957572937 234
1745349317099 0.3003295361995697 235
1745349321459 0.29146525263786316 236
1745349324905 0.2972564101219177 237
1745349328354 0.2950904667377472 238
1745349331813 0.30235835909843445 239
1745349335736 0.30100706219673157 240
1745349339166 0.30201008915901184 241
1745349342592 0.3026407063007355 242
1745349345546 0.28974655270576477 243
1745349439950 0.2993699014186859 244
1745349443395 0.3047952651977539 245
1745349446830 0.2984139025211334 246
1745349450795 0.30883198976516724 247
1745349454244 0.3049396574497223 248
1745349457705 0.31346797943115234 249
1745349462045 0.3001115918159485 250
1745349465532 0.31479978561401367 251
1745349468986 0.3197130858898163 252
1745349472421 0.3083133399486542 253
1745349476371 0.3023674488067627 254
1745349479829 0.29438385367393494 255
1745349483256 0.3047192096710205 256
1745349487630 0.31327247619628906 257
1745349491092 0.3169481158256531 258
1745349494542 0.3190666735172272 259
1745349497982 0.2915453612804413 260
1745349501902 0.30486762523651123 261
1745349505337 0.30813464522361755 262
1745349508812 0.31722959876060486 263
1745349513175 0.314343124628067 264
1745349516645 0.3062770664691925 265
1745349520104 0.311001181602478 266
1745349523557 0.3229229748249054 267
1745349527454 0.3056788146495819 268
1745349530885 0.31290677189826965 269
1745349534318 0.3138071298599243 270
1745349538698 0.2952903211116791 271
1745349542179 0.3134426176548004 272
1745349545642 0.2912638783454895 273
1745349549097 0.3200966417789459 274
1745349553006 0.30178990960121155 275
1745349556478 0.3048191964626312 276
1745349559925 0.31376975774765015 277
1745349564268 0.29109683632850647 278
1745349567748 0.31888851523399353 279
1745349571161 0.3235192596912384 280
1745349574603 0.31101566553115845 281
1745349578533 0.31291812658309937 282
1745349581972 0.2973862886428833 283
1745349585427 0.29535022377967834 284
1745349589787 0.3107735812664032 285
1745349593241 0.31747201085090637 286
1745349596673 0.29734376072883606 287
1745349600108 0.3102405369281769 288
1745349604020 0.3210502862930298 289
1745349607467 0.2983177602291107 290
1745349610900 0.3337344229221344 291
1745349615225 0.3004273772239685 292
1745349618695 0.31245437264442444 293
1745349622127 0.3189876973628998 294
1745349625564 0.32302960753440857 295
1745349629551 0.3043730854988098 296
1745349633004 0.31727588176727295 297
1745349636433 0.31015828251838684 298
1745349640803 0.31284788250923157 299
1745349644295 0.3049619197845459 300
1745349647764 0.3110501170158386 301
1745349651199 0.30936896800994873 302
1745349655116 0.31302812695503235 303
1745349657661 0.3071168065071106 304
