1745348188775 9.317453384399414 0
1745348192753 8.602290153503418 1
1745348196188 7.878413200378418 2
1745348199647 7.3286051750183105 3
1745348204074 6.885153293609619 4
1745348207517 6.66975212097168 5
1745348210942 6.4264349937438965 6
1745348214383 6.385984897613525 7
1745348218368 6.309643268585205 8
1745348221783 6.41488790512085 9
1745348225257 6.452881336212158 10
1745348229624 6.419064521789551 11
1745348233125 6.490517616271973 12
1745348236557 6.340287208557129 13
1745348239990 6.329259872436523 14
1745348244120 6.321633338928223 15
1745348247552 6.303539752960205 16
1745348250989 6.3429670333862305 17
1745348255117 6.329123497009277 18
1745348258811 6.28533411026001 19
1745348262314 6.288042068481445 20
1745348265745 6.188731670379639 21
1745348269973 6.233247756958008 22
1745348273441 6.145213603973389 23
1745348276878 6.2784857749938965 24
1745348280917 6.244091510772705 25
1745348284570 6.142980575561523 26
1745348287976 6.032012462615967 27
1745348291396 6.100170135498047 28
1745348295743 6.0357346534729 29
1745348299168 6.0251359939575195 30
1745348302640 5.928050994873047 31
1745348306376 5.977205753326416 32
1745348310127 5.997256278991699 33
1745348313598 5.901508808135986 34
1745348317039 5.81627082824707 35
1745348321535 5.9047441482543945 36
1745348324967 5.7781982421875 37
1745348328417 5.690518856048584 38
1745348332107 5.710097312927246 39
1745348335880 5.687891960144043 40
1745348339334 5.646271228790283 41
1745348342771 5.593903541564941 42
1745348347155 5.609987258911133 43
1745348350634 5.531991958618164 44
1745348354071 5.531717300415039 45
1745348357511 5.53557014465332 46
1745348361510 5.44508695602417 47
1745348364933 5.418639659881592 48
1745348368357 5.56454610824585 49
1745348372625 5.52169942855835 50
1745348376190 5.422504425048828 51
1745348379645 5.467881679534912 52
1745348383118 5.311452388763428 53
1745348387241 5.423469543457031 54
1745348390686 5.391158103942871 55
1745348394125 5.289215087890625 56
1745348398249 5.217991828918457 57
1745348401838 5.255125999450684 58
1745348405268 5.260873794555664 59
1745348407804 5.158192157745361 60
1745348502733 5.236536979675293 61
1745348506259 5.02982759475708 62
1745348509707 5.139317989349365 63
1745348513124 4.961768627166748 64
1745348517226 5.007150650024414 65
1745348520638 4.996111869812012 66
1745348524063 4.993566513061523 67
1745348528228 4.97740364074707 68
1745348531746 4.918418884277344 69
1745348535219 4.926153182983398 70
1745348538652 4.9882965087890625 71
1745348542691 4.882114887237549 72
1745348546124 4.79500150680542 73
1745348549537 4.833212375640869 74
1745348553734 4.851041793823242 75
1745348557270 4.889684677124023 76
1745348560748 4.781793594360352 77
1745348564174 4.795193672180176 78
1745348568252 4.898804187774658 79
1745348571667 4.658825397491455 80
1745348575102 4.78453254699707 81
1745348579336 4.794393062591553 82
1745348582879 4.7668256759643555 83
1745348586306 4.823943614959717 84
1745348589817 4.824036598205566 85
1745348593871 4.656572341918945 86
1745348597308 4.692348957061768 87
1745348600739 4.7502970695495605 88
1745348604884 4.7443366050720215 89
1745348608430 4.680398941040039 90
1745348611886 4.692903995513916 91
1745348615359 4.610020160675049 92
1745348619442 4.611068248748779 93
1745348622984 4.623538494110107 94
1745348626404 4.681722640991211 95
1745348630625 4.55922794342041 96
1745348634197 4.673128128051758 97
1745348637654 4.557415008544922 98
1745348641077 4.64618444442749 99
1745348645176 4.604241847991943 100
1745348648621 4.523356914520264 101
1745348652068 4.539988040924072 102
1745348656286 4.689539909362793 103
1745348659829 4.600550174713135 104
1745348663289 4.592874050140381 105
1745348666738 4.572690486907959 106
1745348670803 4.513099670410156 107
1745348674242 4.656308174133301 108
1745348677657 4.552332401275635 109
1745348681858 4.502045631408691 110
1745348685421 4.4185614585876465 111
1745348688873 4.478976726531982 112
1745348692291 4.538128852844238 113
1745348696414 4.565203666687012 114
1745348699850 4.520053863525391 115
1745348703288 4.4197211265563965 116
1745348707445 4.472541809082031 117
1745348711058 4.484994411468506 118
1745348714534 4.543726444244385 119
1745348717977 4.497088432312012 120
1745348721365 4.442275047302246 121
1745348815256 4.30598258972168 122
1745348818729 4.355259418487549 123
1745348823070 4.363803386688232 124
1745348826546 4.3230156898498535 125
1745348829983 4.301026821136475 126
1745348833432 4.2419023513793945 127
1745348837344 4.239254951477051 128
1745348840827 4.316751956939697 129
1745348844248 4.220449447631836 130
1745348848591 4.450562000274658 131
1745348852079 4.3219170570373535 132
1745348855514 4.236393451690674 133
1745348858974 4.353618144989014 134
1745348862991 4.287081718444824 135
1745348866424 4.267342567443848 136
1745348869872 4.153880596160889 137
1745348874267 4.1893792152404785 138
1745348877711 4.366887092590332 139
1745348881153 4.211565017700195 140
1745348884605 4.150461196899414 141
1745348888505 4.376064777374268 142
1745348891973 4.328310966491699 143
1745348895404 4.202488899230957 144
1745348899752 4.4327921867370605 145
1745348903208 4.248218059539795 146
1745348906639 4.159975528717041 147
1745348910062 4.276956558227539 148
1745348913984 4.200376510620117 149
1745348917417 4.1552252769470215 150
1745348920869 4.297311305999756 151
1745348925254 4.375067710876465 152
1745348928734 4.2646870613098145 153
1745348932196 4.2144975662231445 154
1745348935660 4.108060836791992 155
1745348939614 4.244363307952881 156
1745348943064 4.150768280029297 157
1745348946524 4.112549781799316 158
1745348950895 4.273228645324707 159
1745348954404 4.16353178024292 160
1745348957826 4.214191913604736 161
1745348961283 4.2753190994262695 162
1745348965155 4.193353652954102 163
1745348968595 4.285280227661133 164
1745348972045 4.1784281730651855 165
1745348976407 4.216809272766113 166
1745348979865 4.191095352172852 167
1745348983348 4.310240745544434 168
1745348986783 4.212581634521484 169
1745348990680 4.267024040222168 170
1745348994135 4.189383506774902 171
1745348997564 4.246912956237793 172
1745349001924 4.160316467285156 173
1745349005404 4.178990364074707 174
1745349008844 4.244178771972656 175
1745349012311 4.168631553649902 176
1745349016201 4.216968059539795 177
1745349019687 4.268093585968018 178
1745349023117 4.153802394866943 179
1745349027500 4.279200553894043 180
1745349030964 4.244015216827393 181
1745349033514 4.18052864074707 182
1745349127570 4.130472660064697 183
1745349131440 4.129849910736084 184
1745349134876 4.01095724105835 185
1745349138304 3.957451343536377 186
1745349142660 4.002010345458984 187
1745349146110 4.0508928298950195 188
1745349149552 4.095376968383789 189
1745349153004 3.980233669281006 190
1745349156877 4.063496112823486 191
1745349160332 3.970956325531006 192
1745349163803 4.012487411499023 193
1745349168157 3.9605300426483154 194
1745349171633 4.033047199249268 195
1745349175068 4.012019157409668 196
1745349178508 4.026307106018066 197
1745349182451 4.103673458099365 198
1745349185927 4.020233631134033 199
1745349189384 4.066064357757568 200
1745349193744 4.012035846710205 201
1745349197176 4.093204498291016 202
1745349200620 4.119033336639404 203
1745349204057 3.907362222671509 204
1745349207985 4.0963358879089355 205
1745349211482 3.9898529052734375 206
1745349214933 4.065700054168701 207
1745349219300 3.9901251792907715 208
1745349222766 3.9705281257629395 209
1745349226224 4.089796543121338 210
1745349229657 4.020169258117676 211
1745349233571 4.088320255279541 212
1745349237054 4.105439186096191 213
1745349240493 4.060676097869873 214
1745349244964 3.9678971767425537 215
1745349248409 4.013575077056885 216
1745349251878 4.004138946533203 217
1745349255387 4.057645320892334 218
1745349259216 4.104864597320557 219
1745349262651 4.042828559875488 220
1745349266086 3.9697084426879883 221
1745349270435 4.026586532592773 222
1745349273888 3.9789509773254395 223
1745349277312 3.9874532222747803 224
1745349280755 3.953648090362549 225
1745349284682 4.038858890533447 226
1745349288120 3.8831143379211426 227
1745349291566 4.066928386688232 228
1745349295922 4.019224166870117 229
1745349299409 4.096458911895752 230
1745349302840 4.068549156188965 231
1745349306280 4.091353416442871 232
1745349310188 3.8780667781829834 233
1745349313644 4.165796279907227 234
1745349317099 4.071459770202637 235
1745349321459 4.095770359039307 236
1745349324905 4.004523754119873 237
1745349328354 4.089521408081055 238
1745349331813 3.9825713634490967 239
1745349335736 3.94271183013916 240
1745349339166 3.9865024089813232 241
1745349342592 3.9986000061035156 242
1745349345546 4.1077775955200195 243
1745349439950 3.873051404953003 244
1745349443395 3.865528106689453 245
1745349446830 3.9498038291931152 246
1745349450795 3.854006767272949 247
1745349454244 3.8975207805633545 248
1745349457705 3.791715383529663 249
1745349462045 3.959723711013794 250
1745349465532 3.86547589302063 251
1745349468986 3.7874879837036133 252
1745349472421 3.8764896392822266 253
1745349476371 3.8679397106170654 254
1745349479829 3.8585617542266846 255
1745349483256 3.876887559890747 256
1745349487630 3.813255548477173 257
1745349491092 3.8363184928894043 258
1745349494542 3.756648063659668 259
1745349497982 3.9605162143707275 260
1745349501902 3.862618923187256 261
1745349505337 3.8583483695983887 262
1745349508812 3.7601451873779297 263
1745349513175 3.8691351413726807 264
1745349516645 3.8799567222595215 265
1745349520104 3.8813486099243164 266
1745349523557 3.8065240383148193 267
1745349527454 3.956881046295166 268
1745349530885 3.8833940029144287 269
1745349534318 3.7895166873931885 270
1745349538698 3.9720895290374756 271
1745349542179 3.898280382156372 272
1745349545642 4.0269904136657715 273
1745349549097 3.830807685852051 274
1745349553006 3.9297401905059814 275
1745349556478 3.9135870933532715 276
1745349559925 3.8356869220733643 277
1745349564268 3.9769349098205566 278
1745349567748 3.8664400577545166 279
1745349571161 3.764470100402832 280
1745349574603 3.868720293045044 281
1745349578533 3.896904230117798 282
1745349581972 3.979414701461792 283
1745349585427 3.9768192768096924 284
1745349589787 3.882371187210083 285
1745349593241 3.8076932430267334 286
1745349596673 3.9696438312530518 287
1745349600108 3.8687798976898193 288
1745349604020 3.773972272872925 289
1745349607467 3.96561598777771 290
1745349610900 3.722991943359375 291
1745349615225 4.002777099609375 292
1745349618695 3.8165643215179443 293
1745349622127 3.8036317825317383 294
1745349625564 3.766385555267334 295
1745349629551 3.840822696685791 296
1745349633004 3.7542243003845215 297
1745349636433 3.827528476715088 298
1745349640803 3.874262571334839 299
1745349644295 3.8985416889190674 300
1745349647764 3.8506245613098145 301
1745349651199 3.884920120239258 302
1745349655116 3.914369821548462 303
1745349657661 3.9000484943389893 304
