1746048580902 0.0001406568626407534 0
1746048583599 6.451612716773525e-05 1
1746048586489 0.00011844131222460419 2
1746048589287 6.772773485863581e-05 3
1746048591987 0.0 4
1746048594681 5.86579080845695e-05 5
1746048597532 7.668123726034537e-05 6
1746048600273 0.0 7
1746048602962 0.05934515595436096 8
1746048605655 0.065550796687603 9
1746048608351 0.059819016605615616 10
1746048611290 0.06386253237724304 11
1746048614002 0.06088639050722122 12
1746048616701 0.06391503661870956 13
1746048619405 0.07014749944210052 14
1746048622268 0.06218694522976875 15
1746048624968 0.052561622112989426 16
1746048627667 0.055263951420784 17
1746048630373 0.05206073820590973 18
1746048633071 0.053815118968486786 19
1746048636100 0.0378439724445343 20
1746048638794 0.034577783197164536 21
1746048641492 0.03360513970255852 22
1746048644206 0.034665219485759735 23
1746048647045 0.02562309242784977 24
1746048649759 0.02458896115422249 25
1746048652455 0.027845457196235657 26
1746048655160 0.025287220254540443 27
1746048657857 0.055689457803964615 28
1746048660861 0.053808100521564484 29
1746048663557 0.053687501698732376 30
1746048666267 0.05372518301010132 31
1746048668966 0.059356220066547394 32
1746048672061 0.062206488102674484 33
1746048674771 0.061387136578559875 34
1746048677467 0.061358559876680374 35
1746048680167 0.05067544803023338 36
1746048682904 0.05167735740542412 37
1746048685629 0.05321492999792099 38
1746048688329 0.048051867634058 39
1746048691046 0.04875224456191063 40
1746048693755 0.05636202171444893 41
1746048696825 0.04805887117981911 42
1746048699539 0.05470136180520058 43
1746048702241 0.06763571500778198 44
1746048704945 0.05657327547669411 45
1746048707807 0.059715233743190765 46
1746048710550 0.06548402458429337 47
1746048713267 0.06351665407419205 48
1746048715962 0.06109391152858734 49
1746048718653 0.06412936747074127 50
1746048721736 0.06304909288883209 51
1746048724416 0.05895772576332092 52
1746048727110 0.058531686663627625 53
1746048729807 0.06111530214548111 54
1746048732775 0.06004125997424126 55
1746048735473 0.048660438507795334 56
1746048738178 0.04980093240737915 57
1746048740863 0.04708460718393326 58
1746048743567 0.05145594850182533 59
1746048746390 0.050384730100631714 60
1746048749085 0.05350367724895477 61
1746048751782 0.05063919723033905 62
1746048754487 0.05234553664922714 63
1746048757411 0.050895191729068756 64
1746048760110 0.05434062331914902 65
1746048762802 0.05333561822772026 66
1746048765514 0.05662575736641884 67
1746048768251 0.060682281851768494 68
1746048771052 0.0583370104432106 69
1746048773762 0.05572507902979851 70
1746048776456 0.05788303166627884 71
1746048779153 0.05931089073419571 72
1746048782024 0.059822745621204376 73
1746048784753 0.06141679361462593 74
1746048787452 0.06003883481025696 75
1746048790167 0.05490046739578247 76
1746048792893 0.06024903059005737 77
1746048795604 0.06364205479621887 78
1746048798307 0.06059824675321579 79
1746048801019 0.06101496145129204 80
1746048803715 0.06273209303617477 81
1746048804611 0.07131568342447281 82
1746049628383 0.06193995848298073 83
1746049631072 0.06868421286344528 84
1746049633773 0.06136123090982437 85
1746049636488 0.06203976273536682 86
1746049639439 0.06117601692676544 87
1746049642145 0.06405573338270187 88
1746049644850 0.06017391383647919 89
1746049647554 0.060955751687288284 90
1746049650365 0.06192740797996521 91
1746049653055 0.0598285011947155 92
1746049655769 0.05938709154725075 93
1746049658460 0.05622623860836029 94
1746049661150 0.061108414083719254 95
1746049663917 0.06233413890004158 96
1746049666620 0.06271421164274216 97
1746049669324 0.0599777027964592 98
1746049672019 0.05946015566587448 99
1746049674844 0.05625627189874649 100
1746049677554 0.06267867237329483 101
1746049680248 0.060888778418302536 102
1746049682964 0.06004652380943298 103
1746049685672 0.05823616683483124 104
1746049688464 0.06068303808569908 105
1746049691180 0.05854003503918648 106
1746049693883 0.05954023078083992 107
1746049696585 0.057701196521520615 108
1746049699539 0.06047959625720978 109
1746049702232 0.052107833325862885 110
1746049704937 0.05901015177369118 111
1746049707636 0.061823178082704544 112
1746049710332 0.05828307196497917 113
1746049713246 0.0649946853518486 114
1746049715943 0.0575624480843544 115
1746049718643 0.06344335526227951 116
1746049721346 0.06372988969087601 117
1746049724308 0.061049241572618484 118
1746049727016 0.06440632790327072 119
1746049729727 0.05839697644114494 120
1746049732425 0.06694267690181732 121
1746049735132 0.06158820912241936 122
1746049737856 0.0625467374920845 123
1746049740551 0.06167726591229439 124
1746049743252 0.062253084033727646 125
1746049745961 0.05775007605552673 126
1746049748793 0.0579059012234211 127
1746049751529 0.06499352306127548 128
1746049754230 0.0669986754655838 129
1746049756939 0.06095770746469498 130
1746049759641 0.05651894584298134 131
1746049762489 0.06048022210597992 132
1746049765203 0.061045676469802856 133
1746049767929 0.06473255902528763 134
1746049770623 0.06409228593111038 135
1746049773511 0.060410626232624054 136
1746049776218 0.06354798376560211 137
1746049778914 0.06315445154905319 138
1746049781606 0.057411763817071915 139
1746049784336 0.0616881437599659 140
1746049787104 0.062353916466236115 141
1746049789813 0.06368041783571243 142
1746049792532 0.060024652630090714 143
1746049795243 0.059949301183223724 144
1746049798295 0.061679791659116745 145
1746049801024 0.05852534621953964 146
1746049803722 0.05931537225842476 147
1746049806417 0.0590534470975399 148
1746049809317 0.059193674474954605 149
1746049812032 0.0626516193151474 150
1746049814750 0.05874239280819893 151
1746049817445 0.06000145152211189 152
1746049820135 0.06393682956695557 153
1746049823011 0.059051696211099625 154
1746049825719 0.06104012206196785 155
1746049828431 0.06279508769512177 156
1746049831153 0.058127183467149734 157
1746049834017 0.06043095514178276 158
1746049836719 0.05930645763874054 159
1746049839419 0.06364402174949646 160
1746049842122 0.05625653639435768 161
1746049844823 0.056903935968875885 162
1746049847728 0.0627073422074318 163
1746049850423 0.05957890674471855 164
1746049851316 0.05413665249943733 165
