1746048580902 2.4375414848327637 0
1746048583599 2.438948154449463 1
1746048586489 2.439152240753174 2
1746048589287 2.4383907318115234 3
1746048591987 2.439439058303833 4
1746048594681 2.4378695487976074 5
1746048597532 2.437211513519287 6
1746048600273 2.4378137588500977 7
1746048602962 2.1777279376983643 8
1746048605655 2.1692092418670654 9
1746048608351 2.174454927444458 10
1746048611290 2.17187762260437 11
1746048614002 1.794682264328003 12
1746048616701 1.7762478590011597 13
1746048619405 1.780564308166504 14
1746048622268 1.7918144464492798 15
1746048624968 1.7218217849731445 16
1746048627667 1.6959136724472046 17
1746048630373 1.7241839170455933 18
1746048633071 1.7160478830337524 19
1746048636100 1.7518470287322998 20
1746048638794 1.7635101079940796 21
1746048641492 1.7471362352371216 22
1746048644206 1.7395914793014526 23
1746048647045 1.787604570388794 24
1746048649759 1.788223385810852 25
1746048652455 1.7897015810012817 26
1746048655160 1.7958964109420776 27
1746048657857 1.7677829265594482 28
1746048660861 1.8027384281158447 29
1746048663557 1.776748538017273 30
1746048666267 1.7405842542648315 31
1746048668966 1.7341896295547485 32
1746048672061 1.7215769290924072 33
1746048674771 1.7478584051132202 34
1746048677467 1.7383182048797607 35
1746048680167 1.7195563316345215 36
1746048682904 1.720136046409607 37
1746048685629 1.703905701637268 38
1746048688329 1.7313635349273682 39
1746048691046 1.7232433557510376 40
1746048693755 1.722072720527649 41
1746048696825 1.7365657091140747 42
1746048699539 1.7159477472305298 43
1746048702241 1.7035887241363525 44
1746048704945 1.7297905683517456 45
1746048707807 1.70676589012146 46
1746048710550 1.69706130027771 47
1746048713267 1.7002853155136108 48
1746048715962 1.714333176612854 49
1746048718653 1.6922173500061035 50
1746048721736 1.6854898929595947 51
1746048724416 1.6929823160171509 52
1746048727110 1.6919106245040894 53
1746048729807 1.6755951642990112 54
1746048732775 1.6907556056976318 55
1746048735473 1.6927977800369263 56
1746048738178 1.667651891708374 57
1746048740863 1.6696655750274658 58
1746048743567 1.667897343635559 59
1746048746390 1.6836433410644531 60
1746048749085 1.6619539260864258 61
1746048751782 1.6930872201919556 62
1746048754487 1.6779215335845947 63
1746048757411 1.6887012720108032 64
1746048760110 1.6718714237213135 65
1746048762802 1.6777070760726929 66
1746048765514 1.6804742813110352 67
1746048768251 1.656876564025879 68
1746048771052 1.6875336170196533 69
1746048773762 1.6925162076950073 70
1746048776456 1.6727855205535889 71
1746048779153 1.6844733953475952 72
1746048782024 1.6745598316192627 73
1746048784753 1.6728878021240234 74
1746048787452 1.677986741065979 75
1746048790167 1.678394079208374 76
1746048792893 1.6640326976776123 77
1746048795604 1.6731196641921997 78
1746048798307 1.667884349822998 79
1746048801019 1.6720898151397705 80
1746048803715 1.6795680522918701 81
1746048804611 1.6641590595245361 82
1746049628383 1.6551518440246582 83
1746049631072 1.6732497215270996 84
1746049633773 1.6612248420715332 85
1746049636488 1.6651604175567627 86
1746049639439 1.6634303331375122 87
1746049642145 1.6581395864486694 88
1746049644850 1.6722209453582764 89
1746049647554 1.669136881828308 90
1746049650365 1.6599241495132446 91
1746049653055 1.6502430438995361 92
1746049655769 1.6632435321807861 93
1746049658460 1.677733063697815 94
1746049661150 1.6834816932678223 95
1746049663917 1.65425443649292 96
1746049666620 1.6609935760498047 97
1746049669324 1.6682579517364502 98
1746049672019 1.6652342081069946 99
1746049674844 1.6534972190856934 100
1746049677554 1.6540184020996094 101
1746049680248 1.657217025756836 102
1746049682964 1.6588718891143799 103
1746049685672 1.658722996711731 104
1746049688464 1.6662213802337646 105
1746049691180 1.6570043563842773 106
1746049693883 1.6576555967330933 107
1746049696585 1.656029224395752 108
1746049699539 1.6570621728897095 109
1746049702232 1.6670173406600952 110
1746049704937 1.6663583517074585 111
1746049707636 1.6747702360153198 112
1746049710332 1.6564555168151855 113
1746049713246 1.6681863069534302 114
1746049715943 1.663719892501831 115
1746049718643 1.6678133010864258 116
1746049721346 1.6576900482177734 117
1746049724308 1.6564030647277832 118
1746049727016 1.6458473205566406 119
1746049729727 1.6616142988204956 120
1746049732425 1.6595425605773926 121
1746049735132 1.6547777652740479 122
1746049737856 1.6441690921783447 123
1746049740551 1.6607898473739624 124
1746049743252 1.6594858169555664 125
1746049745961 1.6701242923736572 126
1746049748793 1.6608467102050781 127
1746049751529 1.6601072549819946 128
1746049754230 1.6500710248947144 129
1746049756939 1.660949945449829 130
1746049759641 1.6686460971832275 131
1746049762489 1.6594326496124268 132
1746049765203 1.6447597742080688 133
1746049767929 1.6409474611282349 134
1746049770623 1.6457737684249878 135
1746049773511 1.6712944507598877 136
1746049776218 1.6309775114059448 137
1746049778914 1.6462322473526 138
1746049781606 1.6678199768066406 139
1746049784336 1.6395783424377441 140
1746049787104 1.6635843515396118 141
1746049789813 1.6395881175994873 142
1746049792532 1.6543508768081665 143
1746049795243 1.6501387357711792 144
1746049798295 1.6695255041122437 145
1746049801024 1.6548290252685547 146
1746049803722 1.6581478118896484 147
1746049806417 1.6394919157028198 148
1746049809317 1.6429067850112915 149
1746049812032 1.6379019021987915 150
1746049814750 1.660078525543213 151
1746049817445 1.647646427154541 152
1746049820135 1.6475169658660889 153
1746049823011 1.6530957221984863 154
1746049825719 1.6556785106658936 155
1746049828431 1.641352891921997 156
1746049831153 1.648891806602478 157
1746049834017 1.645660161972046 158
1746049836719 1.646260142326355 159
1746049839419 1.6339954137802124 160
1746049842122 1.6535331010818481 161
1746049844823 1.6466171741485596 162
1746049847728 1.6578197479248047 163
1746049850423 1.6620582342147827 164
1746049851316 1.6518940925598145 165
