1746048580902 0.0 0
1746048583599 0.0 1
1746048586489 0.0 2
1746048589287 0.005 3
1746048591987 0.005 4
1746048594681 0.005 5
1746048597532 0.005 6
1746048600273 0.01 7
1746048602962 0.01 8
1746048605655 0.01 9
1746048608351 0.01 10
1746048611290 0.00975 11
1746048614002 0.00975 12
1746048616701 0.00975 13
1746048619405 0.00975 14
1746048622268 0.0095 15
1746048624968 0.0095 16
1746048627667 0.0095 17
1746048630373 0.0095 18
1746048633071 0.009250000000000001 19
1746048636100 0.009250000000000001 20
1746048638794 0.009250000000000001 21
1746048641492 0.009250000000000001 22
1746048644206 0.009000000000000001 23
1746048647045 0.009000000000000001 24
1746048649759 0.009000000000000001 25
1746048652455 0.009000000000000001 26
1746048655160 0.00875 27
1746048657857 0.00875 28
1746048660861 0.00875 29
1746048663557 0.00875 30
1746048666267 0.0085 31
1746048668966 0.0085 32
1746048672061 0.0085 33
1746048674771 0.0085 34
1746048677467 0.00825 35
1746048680167 0.00825 36
1746048682904 0.00825 37
1746048685629 0.00825 38
1746048688329 0.008 39
1746048691046 0.008 40
1746048693755 0.008 41
1746048696825 0.008 42
1746048699539 0.007750000000000001 43
1746048702241 0.007750000000000001 44
1746048704945 0.007750000000000001 45
1746048707807 0.007750000000000001 46
1746048710550 0.0075 47
1746048713267 0.0075 48
1746048715962 0.0075 49
1746048718653 0.0075 50
1746048721736 0.0072499999999999995 51
1746048724416 0.0072499999999999995 52
1746048727110 0.0072499999999999995 53
1746048729807 0.0072499999999999995 54
1746048732775 0.006999999999999999 55
1746048735473 0.006999999999999999 56
1746048738178 0.006999999999999999 57
1746048740863 0.006999999999999999 58
1746048743567 0.006750000000000001 59
1746048746390 0.006750000000000001 60
1746048749085 0.006750000000000001 61
1746048751782 0.006750000000000001 62
1746048754487 0.006500000000000001 63
1746048757411 0.006500000000000001 64
1746048760110 0.006500000000000001 65
1746048762802 0.006500000000000001 66
1746048765514 0.00625 67
1746048768251 0.00625 68
1746048771052 0.00625 69
1746048773762 0.00625 70
1746048776456 0.006 71
1746048779153 0.006 72
1746048782024 0.006 73
1746048784753 0.006 74
1746048787452 0.00575 75
1746048790167 0.00575 76
1746048792893 0.00575 77
1746048795604 0.00575 78
1746048798307 0.0055000000000000005 79
1746048801019 0.0055000000000000005 80
1746048803715 0.0055000000000000005 81
1746048804611 0.00525 82
1746049628383 0.00525 83
1746049631072 0.00525 84
1746049633773 0.00525 85
1746049636488 0.005 86
1746049639439 0.005 87
1746049642145 0.005 88
1746049644850 0.005 89
1746049647554 0.00475 90
1746049650365 0.00475 91
1746049653055 0.00475 92
1746049655769 0.00475 93
1746049658460 0.0045000000000000005 94
1746049661150 0.0045000000000000005 95
1746049663917 0.0045000000000000005 96
1746049666620 0.0045000000000000005 97
1746049669324 0.00425 98
1746049672019 0.00425 99
1746049674844 0.00425 100
1746049677554 0.00425 101
1746049680248 0.004 102
1746049682964 0.004 103
1746049685672 0.004 104
1746049688464 0.004 105
1746049691180 0.00375 106
1746049693883 0.00375 107
1746049696585 0.00375 108
1746049699539 0.00375 109
1746049702232 0.0034999999999999996 110
1746049704937 0.0034999999999999996 111
1746049707636 0.0034999999999999996 112
1746049710332 0.0034999999999999996 113
1746049713246 0.0032500000000000003 114
1746049715943 0.0032500000000000003 115
1746049718643 0.0032500000000000003 116
1746049721346 0.0032500000000000003 117
1746049724308 0.003 118
1746049727016 0.003 119
1746049729727 0.003 120
1746049732425 0.003 121
1746049735132 0.0027500000000000003 122
1746049737856 0.0027500000000000003 123
1746049740551 0.0027500000000000003 124
1746049743252 0.0027500000000000003 125
1746049745961 0.0025 126
1746049748793 0.0025 127
1746049751529 0.0025 128
1746049754230 0.0025 129
1746049756939 0.0022500000000000003 130
1746049759641 0.0022500000000000003 131
1746049762489 0.0022500000000000003 132
1746049765203 0.0022500000000000003 133
1746049767929 0.002 134
1746049770623 0.002 135
1746049773511 0.002 136
1746049776218 0.002 137
1746049778914 0.0017499999999999998 138
1746049781606 0.0017499999999999998 139
1746049784336 0.0017499999999999998 140
1746049787104 0.0017499999999999998 141
1746049789813 0.0015 142
1746049792532 0.0015 143
1746049795243 0.0015 144
1746049798295 0.0015 145
1746049801024 0.00125 146
1746049803722 0.00125 147
1746049806417 0.00125 148
1746049809317 0.00125 149
1746049812032 0.001 150
1746049814750 0.001 151
1746049817445 0.001 152
1746049820135 0.001 153
1746049823011 0.00075 154
1746049825719 0.00075 155
1746049828431 0.00075 156
1746049831153 0.00075 157
1746049834017 0.0005 158
1746049836719 0.0005 159
1746049839419 0.0005 160
1746049842122 0.0005 161
1746049844823 0.00025 162
1746049847728 0.00025 163
1746049850423 0.00025 164
1746049851316 0.0 165
