1746066840252 9.530713081359863 0
1746066842480 9.519420623779297 1
1746066844991 9.487792015075684 2
1746066847150 9.38447093963623 3
1746066849367 9.236541748046875 4
1746066851530 9.052748680114746 5
1746066853769 8.83069896697998 6
1746066855953 8.58441162109375 7
1746066858255 8.340896606445312 8
1746066860473 8.071160316467285 9
1746066862638 7.796577453613281 10
1746066864859 7.531862735748291 11
1746066867043 7.26069450378418 12
1746066869438 7.011725425720215 13
1746066871682 6.808068752288818 14
1746066873836 6.6960296630859375 15
1746066876066 6.640961647033691 16
1746066878230 6.727177619934082 17
1746066880385 6.82248592376709 18
1746066882870 6.833260536193848 19
1746066885007 6.881173133850098 20
1746066887155 6.925698757171631 21
1746066889326 6.758931636810303 22
1746066891477 6.66361141204834 23
1746066893768 6.674083232879639 24
1746066896138 6.746670722961426 25
1746066898296 6.683637619018555 26
1746066900462 6.720145225524902 27
1746066902609 6.610477447509766 28
1746066904681 6.6706366539001465 29
1746066907174 6.689577102661133 30
1746066909352 6.713998317718506 31
1746066911516 6.64370059967041 32
1746066913644 6.67775297164917 33
1746066915806 6.648217678070068 34
1746066917955 6.604944705963135 35
1746066920268 6.605672836303711 36
1746066922407 6.636898517608643 37
1746066924565 6.615606307983398 38
1746066926762 6.642826557159424 39
1746066928959 6.605945110321045 40
1746066931282 6.659676551818848 41
1746066933588 6.625082492828369 42
1746066935765 6.607922554016113 43
1746066937934 6.613894462585449 44
1746066940114 6.579974174499512 45
1746066942304 6.606678485870361 46
1746066944682 6.622450828552246 47
1746066946895 6.565735816955566 48
1746066949068 6.6624579429626465 49
1746066951240 6.634625434875488 50
1746066953448 6.619380950927734 51
1746066955634 6.590073585510254 52
1746066958122 6.553942680358887 53
1746066960309 6.636966705322266 54
1746066962486 6.518902778625488 55
1746066964643 6.579354286193848 56
1746066966830 6.612203121185303 57
1746066969167 6.552004337310791 58
1746066971370 6.6040873527526855 59
1746066973568 6.573378086090088 60
1746066975758 6.569973468780518 61
1746066977946 6.618960380554199 62
1746066980153 6.61639404296875 63
1746066982672 6.599592208862305 64
1746066984822 6.586204528808594 65
1746066986961 6.553675651550293 66
1746066989110 6.5645952224731445 67
1746066991255 6.611271858215332 68
1746066993631 6.576354503631592 69
1746066995700 6.5797224044799805 70
1746066997864 6.5883636474609375 71
1746067000013 6.584046363830566 72
1746067002141 6.579308986663818 73
1746067004258 6.574048042297363 74
1746067006663 6.681072235107422 75
1746067008824 6.58346700668335 76
1746067011007 6.546732425689697 77
1746067013159 6.603864669799805 78
1746067015345 6.5752153396606445 79
1746067017557 6.623199939727783 80
1746067019521 6.545809268951416 81
1746067475964 6.589733600616455 82
1746067478129 6.580979824066162 83
1746067480651 6.593240261077881 84
1746067482843 6.577777862548828 85
1746067484997 6.621635913848877 86
1746067487088 6.598404407501221 87
1746067489194 6.56057596206665 88
1746067491343 6.555517196655273 89
1746067493781 6.568441867828369 90
1746067495939 6.552881717681885 91
1746067498159 6.516976833343506 92
1746067500288 6.549185276031494 93
1746067502510 6.59533166885376 94
1746067504834 6.564390659332275 95
1746067507188 6.5710883140563965 96
1746067509369 6.599318027496338 97
1746067511537 6.521016597747803 98
1746067513725 6.494716167449951 99
1746067515901 6.592811584472656 100
1746067518426 6.561263561248779 101
1746067520598 6.549561023712158 102
1746067522796 6.593428611755371 103
1746067524953 6.608651638031006 104
1746067527169 6.559887409210205 105
1746067529383 6.533132076263428 106
1746067531691 6.6163506507873535 107
1746067533943 6.528228759765625 108
1746067536157 6.556902885437012 109
1746067538347 6.5639801025390625 110
1746067540520 6.553609371185303 111
1746067542761 6.596996784210205 112
1746067544909 6.5729169845581055 113
1746067547060 6.580393314361572 114
1746067549220 6.580471992492676 115
1746067551383 6.563845157623291 116
1746067553557 6.571100234985352 117
1746067555879 6.5417633056640625 118
1746067558065 6.568143844604492 119
1746067560195 6.503655433654785 120
1746067562427 6.59940242767334 121
1746067564577 6.544286727905273 122
1746067566866 6.5786356925964355 123
1746067569113 6.549315929412842 124
1746067571244 6.569278717041016 125
1746067573447 6.558559894561768 126
1746067575565 6.528730869293213 127
1746067577685 6.407637596130371 128
1746067579970 6.490535259246826 129
1746067582192 6.492732524871826 130
1746067584364 6.465817451477051 131
1746067586529 6.425420761108398 132
1746067588667 6.449904441833496 133
1746067590782 6.416228771209717 134
1746067593164 6.40875244140625 135
1746067595315 6.461132526397705 136
1746067597522 6.320015907287598 137
1746067599693 6.396129131317139 138
1746067601878 6.357913017272949 139
1746067604066 6.262675762176514 140
1746067606570 6.278289318084717 141
1746067608732 6.300547122955322 142
1746067610934 6.185609340667725 143
1746067613078 6.2910261154174805 144
1746067615312 6.171527862548828 145
1746067617709 6.199239730834961 146
1746067619946 6.143942356109619 147
1746067622144 6.111719608306885 148
1746067624326 6.154395580291748 149
1746067626534 6.128976345062256 150
1746067628708 6.077972412109375 151
1746067631158 6.123999118804932 152
1746067633351 6.054418563842773 153
1746067635556 6.03491735458374 154
1746067637706 5.9680633544921875 155
1746067639894 5.9336256980896 156
1746067642216 5.894622802734375 157
1746067644501 5.852038383483887 158
1746067646658 5.897352695465088 159
1746067648774 5.890879154205322 160
1746067650897 5.865318775177002 161
1746067653074 5.842921257019043 162
1746067655005 5.841709136962891 163
1746068106494 5.710117816925049 164
1746068108662 5.800939559936523 165
1746068110849 5.750734806060791 166
1746068113023 5.724761009216309 167
1746068115189 5.639529228210449 168
1746068117467 5.649960041046143 169
1746068119687 5.684564113616943 170
1746068121803 5.617122650146484 171
1746068123924 5.646411895751953 172
1746068126063 5.70421028137207 173
1746068128252 5.673768997192383 174
1746068130623 5.506596565246582 175
1746068132783 5.4907917976379395 176
1746068135005 5.559177398681641 177
1746068137148 5.558268070220947 178
1746068139345 5.548214435577393 179
1746068141522 5.503093242645264 180
1746068143993 5.472495079040527 181
1746068146136 5.325982093811035 182
1746068148304 5.47819185256958 183
1746068150458 5.530411243438721 184
1746068152609 5.526467323303223 185
1746068154906 5.415117263793945 186
1746068157061 5.420742034912109 187
1746068159173 5.439062595367432 188
1746068161297 5.374225616455078 189
1746068163449 5.378353595733643 190
1746068165667 5.403589725494385 191
1746068168113 5.386557579040527 192
1746068170344 5.324685573577881 193
1746068172489 5.331186294555664 194
1746068174707 5.350749492645264 195
1746068176853 5.413359642028809 196
1746068179179 5.330887317657471 197
1746068181455 5.393197059631348 198
1746068183582 5.360547065734863 199
1746068185810 5.296486854553223 200
1746068187947 5.3715739250183105 201
1746068190169 5.227969169616699 202
1746068192433 5.321608543395996 203
1746068194644 5.254136085510254 204
1746068196822 5.257333755493164 205
1746068198978 5.240505695343018 206
1746068201176 5.250486373901367 207
1746068203319 5.104578971862793 208
1746068205721 5.21858024597168 209
1746068207880 5.381475925445557 210
1746068210086 5.343473434448242 211
1746068212245 5.199120998382568 212
1746068214394 5.240813732147217 213
1746068216641 5.202881336212158 214
1746068218903 5.1515398025512695 215
1746068221019 5.1477789878845215 216
1746068223126 5.170372009277344 217
1746068225258 5.230509281158447 218
1746068227420 5.240072727203369 219
1746068229883 5.210386276245117 220
1746068232131 5.226085662841797 221
1746068234227 5.165615558624268 222
1746068236447 5.203394412994385 223
1746068238555 5.195964336395264 224
1746068240793 5.1936492919921875 225
1746068243201 5.185988426208496 226
1746068245430 5.062067985534668 227
1746068247621 5.049101829528809 228
1746068249736 5.200201988220215 229
1746068251849 5.079327583312988 230
1746068254234 5.137717247009277 231
1746068256375 5.117318630218506 232
1746068258541 5.23957633972168 233
1746068260730 5.152706623077393 234
1746068262886 5.211491107940674 235
1746068265002 5.130444049835205 236
1746068267560 5.073474407196045 237
1746068269687 5.1283111572265625 238
1746068271904 5.206818103790283 239
1746068274040 5.1573967933654785 240
1746068276270 5.124743461608887 241
1746068278554 5.184072971343994 242
1746068280927 5.1405134201049805 243
1746068283105 5.139458656311035 244
1746068284808 5.118244171142578 245
1746068742446 5.02104377746582 246
1746068744632 4.993368625640869 247
1746068746823 5.0565643310546875 248
1746068748991 5.184084415435791 249
1746068751118 4.962375164031982 250
1746068753339 5.028621673583984 251
1746068755714 5.134966850280762 252
1746068757946 4.960750579833984 253
1746068760134 4.993644714355469 254
1746068762350 5.070560932159424 255
1746068764538 5.1091203689575195 256
1746068766794 5.100443363189697 257
1746068769018 4.978083610534668 258
1746068771218 4.944861888885498 259
1746068773390 4.995959281921387 260
1746068775585 4.95440149307251 261
1746068777807 4.9026408195495605 262
1746068780092 4.921795845031738 263
1746068782327 5.087421417236328 264
1746068784467 4.991239070892334 265
1746068786704 4.914801120758057 266
1746068788823 4.9755730628967285 267
1746068791034 4.987787246704102 268
1746068793473 5.118592262268066 269
1746068795670 4.921993255615234 270
1746068797842 4.9764556884765625 271
1746068800086 4.984655380249023 272
1746068802179 4.882127285003662 273
1746068804434 5.1077423095703125 274
1746068806817 4.938182353973389 275
1746068809022 4.878632545471191 276
1746068811161 4.9418840408325195 277
1746068813370 5.00639009475708 278
1746068815454 4.970111846923828 279
1746068817900 5.086400985717773 280
1746068820103 4.9115495681762695 281
1746068822262 4.88560152053833 282
1746068824352 4.934186935424805 283
1746068826473 4.972333908081055 284
1746068828650 4.891667366027832 285
1746068831174 4.963561058044434 286
1746068833365 4.85456657409668 287
1746068835548 4.96696662902832 288
1746068837754 4.961479187011719 289
1746068839857 4.906853199005127 290
1746068842425 4.879696846008301 291
1746068844569 4.974558353424072 292
1746068846816 4.918137550354004 293
1746068848986 4.917447566986084 294
1746068851122 4.956125259399414 295
1746068853248 4.922153472900391 296
1746068855498 5.015782833099365 297
1746068857620 4.950814723968506 298
1746068859759 4.968418598175049 299
1746068861950 4.937743186950684 300
1746068864133 4.990417957305908 301
1746068866422 4.966782569885254 302
1746068868770 4.8744635581970215 303
1746068870914 4.929112911224365 304
1746068873077 4.88484001159668 305
1746068875264 4.91821813583374 306
1746068877393 4.921024799346924 307
1746068879904 4.829258441925049 308
1746068882046 4.925119400024414 309
1746068884264 4.905896186828613 310
1746068886392 4.9318952560424805 311
1746068888591 4.840414524078369 312
1746068890734 4.964465141296387 313
1746068893025 4.910346508026123 314
1746068895137 4.988723278045654 315
1746068897357 4.945766925811768 316
1746068899494 4.906678676605225 317
1746068901723 4.9142255783081055 318
1746068904228 5.017801284790039 319
1746068906400 4.962294101715088 320
1746068908613 4.932557106018066 321
1746068910792 4.7733025550842285 322
1746068913010 4.966957092285156 323
1746068915177 4.8968353271484375 324
1746068917555 4.9117560386657715 325
1746068919769 4.942034721374512 326
1746068921420 5.019821643829346 327
