1746066840252 0.0 0
1746066842480 0.0002564924652688205 1
1746066844991 0.00012386968592181802 2
1746066847150 0.0003856288967654109 3
1746066849367 0.002503497526049614 4
1746066851530 0.012883435934782028 5
1746066853769 0.04404145106673241 6
1746066855953 0.06342688947916031 7
1746066858255 0.06061520054936409 8
1746066860473 0.061872538179159164 9
1746066862638 0.060445889830589294 10
1746066864859 0.05371318385004997 11
1746066867043 0.054399341344833374 12
1746066869438 0.0505378395318985 13
1746066871682 0.049943093210458755 14
1746066873836 0.05141657963395119 15
1746066876066 0.05817689001560211 16
1746066878230 0.05598907545208931 17
1746066880385 0.05971703305840492 18
1746066882870 0.06360402703285217 19
1746066885007 0.05983255058526993 20
1746066887155 0.06089620664715767 21
1746066889326 0.06436149775981903 22
1746066891477 0.06722522526979446 23
1746066893768 0.060776591300964355 24
1746066896138 0.06436827778816223 25
1746066898296 0.06139856204390526 26
1746066900462 0.05745382606983185 27
1746066902609 0.0586826354265213 28
1746066904681 0.05505561828613281 29
1746066907174 0.052884045988321304 30
1746066909352 0.052455123513936996 31
1746066911516 0.056344665586948395 32
1746066913644 0.05757284536957741 33
1746066915806 0.06131143495440483 34
1746066917955 0.0630907490849495 35
1746066920268 0.06409711390733719 36
1746066922407 0.05963662639260292 37
1746066924565 0.05718933045864105 38
1746066926762 0.056309137493371964 39
1746066928959 0.05782592296600342 40
1746066931282 0.06188441812992096 41
1746066933588 0.061869535595178604 42
1746066935765 0.06021236628293991 43
1746066937934 0.061194222420454025 44
1746066940114 0.05794199928641319 45
1746066942304 0.06311514973640442 46
1746066944682 0.06049469858407974 47
1746066946895 0.05967865511775017 48
1746066949068 0.05657510831952095 49
1746066951240 0.06204503774642944 50
1746066953448 0.06424824893474579 51
1746066955634 0.06107800826430321 52
1746066958122 0.06403081119060516 53
1746066960309 0.06257981806993484 54
1746066962486 0.059106748551130295 55
1746066964643 0.0659589022397995 56
1746066966830 0.06086394935846329 57
1746066969167 0.05652399733662605 58
1746066971370 0.06041145697236061 59
1746066973568 0.06099069118499756 60
1746066975758 0.06151217594742775 61
1746066977946 0.056219566613435745 62
1746066980153 0.061273958534002304 63
1746066982672 0.06017449498176575 64
1746066984822 0.05837446451187134 65
1746066986961 0.0637497752904892 66
1746066989110 0.05775158107280731 67
1746066991255 0.059778496623039246 68
1746066993631 0.06177273392677307 69
1746066995700 0.055723242461681366 70
1746066997864 0.062191568315029144 71
1746067000013 0.05976185202598572 72
1746067002141 0.05722872167825699 73
1746067004258 0.06253280490636826 74
1746067006663 0.06164942681789398 75
1746067008824 0.061104655265808105 76
1746067011007 0.06135243922472 77
1746067013159 0.06027033179998398 78
1746067015345 0.061844006180763245 79
1746067017557 0.06182453781366348 80
1746067019521 0.06429286301136017 81
1746067475964 0.05751130357384682 82
1746067478129 0.06495172530412674 83
1746067480651 0.05767436325550079 84
1746067482843 0.05934867262840271 85
1746067484997 0.05621827393770218 86
1746067487088 0.06016585975885391 87
1746067489194 0.06470002233982086 88
1746067491343 0.05664202943444252 89
1746067493781 0.06320177763700485 90
1746067495939 0.05978745222091675 91
1746067498159 0.06868336349725723 92
1746067500288 0.05824633315205574 93
1746067502510 0.0585765540599823 94
1746067504834 0.06110890954732895 95
1746067507188 0.06686069816350937 96
1746067509369 0.058769870549440384 97
1746067511537 0.06092304363846779 98
1746067513725 0.06841519474983215 99
1746067515901 0.07005567103624344 100
1746067518426 0.06621967256069183 101
1746067520598 0.06486805528402328 102
1746067522796 0.06017739698290825 103
1746067524953 0.05875244736671448 104
1746067527169 0.06479965895414352 105
1746067529383 0.06650184094905853 106
1746067531691 0.05869424715638161 107
1746067533943 0.06555120646953583 108
1746067536157 0.05985718593001366 109
1746067538347 0.06513459235429764 110
1746067540520 0.0598943755030632 111
1746067542761 0.060452207922935486 112
1746067544909 0.05727987363934517 113
1746067547060 0.0618976354598999 114
1746067549220 0.061351530253887177 115
1746067551383 0.06027856096625328 116
1746067553557 0.06416519731283188 117
1746067555879 0.06836114078760147 118
1746067558065 0.06810168921947479 119
1746067560195 0.06930216401815414 120
1746067562427 0.06846988946199417 121
1746067564577 0.07235044240951538 122
1746067566866 0.06410514563322067 123
1746067569113 0.07088246941566467 124
1746067571244 0.07362596690654755 125
1746067573447 0.07641003280878067 126
1746067575565 0.07685821503400803 127
1746067577685 0.07985055446624756 128
1746067579970 0.07803798466920853 129
1746067582192 0.07784822583198547 130
1746067584364 0.08209966868162155 131
1746067586529 0.08422626554965973 132
1746067588667 0.08516352623701096 133
1746067590782 0.08154936879873276 134
1746067593164 0.09037235379219055 135
1746067595315 0.08837676793336868 136
1746067597522 0.09205128252506256 137
1746067599693 0.08084717392921448 138
1746067601878 0.09092667698860168 139
1746067604066 0.09861516207456589 140
1746067606570 0.1072738841176033 141
1746067608732 0.10547785460948944 142
1746067610934 0.11675775796175003 143
1746067613078 0.10487743467092514 144
1746067615312 0.11340087652206421 145
1746067617709 0.1226879209280014 146
1746067619946 0.12374483048915863 147
1746067622144 0.11725771427154541 148
1746067624326 0.11554930359125137 149
1746067626534 0.12107329815626144 150
1746067628708 0.1275264024734497 151
1746067631158 0.13334916532039642 152
1746067633351 0.14015080034732819 153
1746067635556 0.13368719816207886 154
1746067637706 0.14070601761341095 155
1746067639894 0.1378297209739685 156
1746067642216 0.14787863194942474 157
1746067644501 0.15159112215042114 158
1746067646658 0.15098842978477478 159
1746067648774 0.1496495008468628 160
1746067650897 0.15029636025428772 161
1746067653074 0.15353548526763916 162
1746067655005 0.15134084224700928 163
1746068106494 0.1582595556974411 164
1746068108662 0.15561619400978088 165
1746068110849 0.15289883315563202 166
1746068113023 0.16123266518115997 167
1746068115189 0.1683381050825119 168
1746068117467 0.1754874587059021 169
1746068119687 0.1654883623123169 170
1746068121803 0.17607587575912476 171
1746068123924 0.1743377298116684 172
1746068126063 0.17245379090309143 173
1746068128252 0.16820773482322693 174
1746068130623 0.1728174090385437 175
1746068132783 0.17981110513210297 176
1746068135005 0.17384706437587738 177
1746068137148 0.18398602306842804 178
1746068139345 0.17490042746067047 179
1746068141522 0.1794043332338333 180
1746068143993 0.18426282703876495 181
1746068146136 0.2003060132265091 182
1746068148304 0.19183024764060974 183
1746068150458 0.18046057224273682 184
1746068152609 0.186500683426857 185
1746068154906 0.18970337510108948 186
1746068157061 0.19430015981197357 187
1746068159173 0.18788394331932068 188
1746068161297 0.2013586312532425 189
1746068163449 0.20030634105205536 190
1746068165667 0.19525597989559174 191
1746068168113 0.196803018450737 192
1746068170344 0.1985308676958084 193
1746068172489 0.20266272127628326 194
1746068174707 0.19846241176128387 195
1746068176853 0.19739530980587006 196
1746068179179 0.19987009465694427 197
1746068181455 0.1965881884098053 198
1746068183582 0.20126710832118988 199
1746068185810 0.20686863362789154 200
1746068187947 0.19965077936649323 201
1746068190169 0.2184588760137558 202
1746068192433 0.21200141310691833 203
1746068194644 0.211574524641037 204
1746068196822 0.21512804925441742 205
1746068198978 0.214717298746109 206
1746068201176 0.2117312252521515 207
1746068203319 0.22660134732723236 208
1746068205721 0.21335525810718536 209
1746068207880 0.19912973046302795 210
1746068210086 0.20563653111457825 211
1746068212245 0.2184203416109085 212
1746068214394 0.212850883603096 213
1746068216641 0.2160181850194931 214
1746068218903 0.2198297381401062 215
1746068221019 0.22599393129348755 216
1746068223126 0.22371499240398407 217
1746068225258 0.21680042147636414 218
1746068227420 0.21863362193107605 219
1746068229883 0.21718646585941315 220
1746068232131 0.21464160084724426 221
1746068234227 0.2169487625360489 222
1746068236447 0.22143979370594025 223
1746068238555 0.21454501152038574 224
1746068240793 0.2231772541999817 225
1746068243201 0.2186805009841919 226
1746068245430 0.22816358506679535 227
1746068247621 0.22492378950119019 228
1746068249736 0.2190944105386734 229
1746068251849 0.2255634069442749 230
1746068254234 0.22141344845294952 231
1746068256375 0.22393444180488586 232
1746068258541 0.21701328456401825 233
1746068260730 0.2259364277124405 234
1746068262886 0.2179872691631317 235
1746068265002 0.22394220530986786 236
1746068267560 0.22493664920330048 237
1746068269687 0.23073147237300873 238
1746068271904 0.22162510454654694 239
1746068274040 0.2192472368478775 240
1746068276270 0.22664350271224976 241
1746068278554 0.21946881711483002 242
1746068280927 0.22783620655536652 243
1746068283105 0.2268255203962326 244
1746068284808 0.2315981388092041 245
1746068742446 0.2337629795074463 246
1746068744632 0.23146401345729828 247
1746068746823 0.22912192344665527 248
1746068748991 0.2183770090341568 249
1746068751118 0.23124106228351593 250
1746068753339 0.22584888339042664 251
1746068755714 0.22210471332073212 252
1746068757946 0.23559652268886566 253
1746068760134 0.23594222962856293 254
1746068762350 0.22714993357658386 255
1746068764538 0.2280919849872589 256
1746068766794 0.22298213839530945 257
1746068769018 0.24104803800582886 258
1746068771218 0.2421342432498932 259
1746068773390 0.2343616634607315 260
1746068775585 0.23590096831321716 261
1746068777807 0.24358832836151123 262
1746068780092 0.24368004500865936 263
1746068782327 0.22796498239040375 264
1746068784467 0.23196132481098175 265
1746068786704 0.2429521530866623 266
1746068788823 0.24384064972400665 267
1746068791034 0.23188742995262146 268
1746068793473 0.2301834225654602 269
1746068795670 0.24011734127998352 270
1746068797842 0.23433488607406616 271
1746068800086 0.2358359843492508 272
1746068802179 0.24357832968235016 273
1746068804434 0.22608976066112518 274
1746068806817 0.24023129045963287 275
1746068809022 0.24659132957458496 276
1746068811161 0.2383636236190796 277
1746068813370 0.23822902143001556 278
1746068815454 0.23215433955192566 279
1746068817900 0.235874205827713 280
1746068820103 0.2448328584432602 281
1746068822262 0.24374663829803467 282
1746068824352 0.23252299427986145 283
1746068826473 0.23072582483291626 284
1746068828650 0.24318908154964447 285
1746068831174 0.24161867797374725 286
1746068833365 0.24623194336891174 287
1746068835548 0.24579674005508423 288
1746068837754 0.24016687273979187 289
1746068839857 0.2494266778230667 290
1746068842425 0.2503935992717743 291
1746068844569 0.23357705771923065 292
1746068846816 0.2467832714319229 293
1746068848986 0.24231256544589996 294
1746068851122 0.24351680278778076 295
1746068853248 0.2411634474992752 296
1746068855498 0.2311059981584549 297
1746068857620 0.23583920300006866 298
1746068859759 0.23580899834632874 299
1746068861950 0.24279093742370605 300
1746068864133 0.23090244829654694 301
1746068866422 0.24128028750419617 302
1746068868770 0.250554621219635 303
1746068870914 0.24358752369880676 304
1746068873077 0.25207793712615967 305
1746068875264 0.23931728303432465 306
1746068877393 0.24526841938495636 307
1746068879904 0.2529299557209015 308
1746068882046 0.24492840468883514 309
1746068884264 0.24603673815727234 310
1746068886392 0.23974940180778503 311
1746068888591 0.24615582823753357 312
1746068890734 0.24134700000286102 313
1746068893025 0.24520772695541382 314
1746068895137 0.23578794300556183 315
1746068897357 0.24066530168056488 316
1746068899494 0.23989561200141907 317
1746068901723 0.24806587398052216 318
1746068904228 0.23584488034248352 319
1746068906400 0.23711907863616943 320
1746068908613 0.24063701927661896 321
1746068910792 0.256038635969162 322
1746068913010 0.2373417764902115 323
1746068915177 0.2389823943376541 324
1746068917555 0.24871675670146942 325
1746068919769 0.2457648366689682 326
1746068921420 0.2418065220117569 327
