1746066840252 0.0005263157894736842 0
1746066842480 0.0010526315789473684 1
1746066844991 0.0015789473684210526 2
1746066847150 0.002105263157894737 3
1746066849367 0.002631578947368421 4
1746066851530 0.003157894736842105 5
1746066853769 0.0036842105263157894 6
1746066855953 0.004210526315789474 7
1746066858255 0.004736842105263157 8
1746066860473 0.005263157894736842 9
1746066862638 0.005789473684210527 10
1746066864859 0.00631578947368421 11
1746066867043 0.006842105263157895 12
1746066869438 0.007368421052631579 13
1746066871682 0.007894736842105263 14
1746066873836 0.008421052631578947 15
1746066876066 0.008947368421052633 16
1746066878230 0.009473684210526315 17
1746066880385 0.01 18
1746066882870 0.009967637540453074 19
1746066885007 0.009935275080906148 20
1746066887155 0.009902912621359224 21
1746066889326 0.009870550161812298 22
1746066891477 0.009838187702265373 23
1746066893768 0.009805825242718447 24
1746066896138 0.009773462783171523 25
1746066898296 0.009741100323624595 26
1746066900462 0.00970873786407767 27
1746066902609 0.009676375404530745 28
1746066904681 0.009644012944983819 29
1746066907174 0.009611650485436893 30
1746066909352 0.009579288025889967 31
1746066911516 0.009546925566343041 32
1746066913644 0.009514563106796117 33
1746066915806 0.009482200647249191 34
1746066917955 0.009449838187702266 35
1746066920268 0.00941747572815534 36
1746066922407 0.009385113268608414 37
1746066924565 0.00935275080906149 38
1746066926762 0.009320388349514564 39
1746066928959 0.009288025889967638 40
1746066931282 0.009255663430420712 41
1746066933588 0.009223300970873786 42
1746066935765 0.00919093851132686 43
1746066937934 0.009158576051779936 44
1746066940114 0.00912621359223301 45
1746066942304 0.009093851132686084 46
1746066944682 0.009061488673139158 47
1746066946895 0.009029126213592234 48
1746066949068 0.008996763754045307 49
1746066951240 0.008964401294498383 50
1746066953448 0.008932038834951457 51
1746066955634 0.00889967637540453 52
1746066958122 0.008867313915857605 53
1746066960309 0.00883495145631068 54
1746066962486 0.008802588996763753 55
1746066964643 0.008770226537216829 56
1746066966830 0.008737864077669903 57
1746066969167 0.008705501618122977 58
1746066971370 0.008673139158576051 59
1746066973568 0.008640776699029126 60
1746066975758 0.008608414239482201 61
1746066977946 0.008576051779935276 62
1746066980153 0.00854368932038835 63
1746066982672 0.008511326860841424 64
1746066984822 0.0084789644012945 65
1746066986961 0.008446601941747572 66
1746066989110 0.008414239482200648 67
1746066991255 0.008381877022653722 68
1746066993631 0.008349514563106796 69
1746066995700 0.00831715210355987 70
1746066997864 0.008284789644012946 71
1746067000013 0.008252427184466019 72
1746067002141 0.008220064724919094 73
1746067004258 0.008187702265372169 74
1746067006663 0.008155339805825243 75
1746067008824 0.008122977346278317 76
1746067011007 0.008090614886731393 77
1746067013159 0.008058252427184467 78
1746067015345 0.00802588996763754 79
1746067017557 0.007993527508090615 80
1746067019521 0.007961165048543689 81
1746067475964 0.007928802588996763 82
1746067478129 0.007896440129449837 83
1746067480651 0.007864077669902913 84
1746067482843 0.007831715210355987 85
1746067484997 0.0077993527508090615 86
1746067487088 0.007766990291262136 87
1746067489194 0.007734627831715211 88
1746067491343 0.007702265372168285 89
1746067493781 0.00766990291262136 90
1746067495939 0.007637540453074434 91
1746067498159 0.007605177993527508 92
1746067500288 0.007572815533980583 93
1746067502510 0.007540453074433657 94
1746067504834 0.007508090614886731 95
1746067507188 0.007475728155339806 96
1746067509369 0.007443365695792881 97
1746067511537 0.007411003236245954 98
1746067513725 0.007378640776699029 99
1746067515901 0.007346278317152104 100
1746067518426 0.007313915857605178 101
1746067520598 0.007281553398058253 102
1746067522796 0.007249190938511328 103
1746067524953 0.007216828478964401 104
1746067527169 0.007184466019417476 105
1746067529383 0.007152103559870551 106
1746067531691 0.007119741100323624 107
1746067533943 0.007087378640776699 108
1746067536157 0.007055016181229773 109
1746067538347 0.007022653721682848 110
1746067540520 0.006990291262135922 111
1746067542761 0.0069579288025889965 112
1746067544909 0.0069255663430420715 113
1746067547060 0.006893203883495146 114
1746067549220 0.00686084142394822 115
1746067551383 0.006828478964401295 116
1746067553557 0.00679611650485437 117
1746067555879 0.006763754045307443 118
1746067558065 0.006731391585760518 119
1746067560195 0.006699029126213593 120
1746067562427 0.006666666666666666 121
1746067564577 0.006634304207119741 122
1746067566866 0.006601941747572816 123
1746067569113 0.0065695792880258895 124
1746067571244 0.0065372168284789645 125
1746067573447 0.0065048543689320395 126
1746067575565 0.006472491909385113 127
1746067577685 0.006440129449838188 128
1746067579970 0.006407766990291263 129
1746067582192 0.006375404530744337 130
1746067584364 0.006343042071197411 131
1746067586529 0.006310679611650486 132
1746067588667 0.00627831715210356 133
1746067590782 0.006245954692556635 134
1746067593164 0.006213592233009708 135
1746067595315 0.006181229773462783 136
1746067597522 0.006148867313915858 137
1746067599693 0.0061165048543689315 138
1746067601878 0.0060841423948220065 139
1746067604066 0.0060517799352750815 140
1746067606570 0.006019417475728155 141
1746067608732 0.00598705501618123 142
1746067610934 0.005954692556634305 143
1746067613078 0.005922330097087378 144
1746067615312 0.005889967637540453 145
1746067617709 0.005857605177993528 146
1746067619946 0.005825242718446601 147
1746067622144 0.005792880258899676 148
1746067624326 0.005760517799352751 149
1746067626534 0.005728155339805825 150
1746067628708 0.0056957928802588995 151
1746067631158 0.0056634304207119745 152
1746067633351 0.005631067961165049 153
1746067635556 0.005598705501618124 154
1746067637706 0.005566343042071198 155
1746067639894 0.005533980582524272 156
1746067642216 0.005501618122977347 157
1746067644501 0.005469255663430421 158
1746067646658 0.005436893203883495 159
1746067648774 0.00540453074433657 160
1746067650897 0.005372168284789643 161
1746067653074 0.005339805825242718 162
1746067655005 0.005307443365695793 163
1746068106494 0.005275080906148867 164
1746068108662 0.005242718446601942 165
1746068110849 0.0052103559870550166 166
1746068113023 0.005177993527508091 167
1746068115189 0.005145631067961165 168
1746068117467 0.00511326860841424 169
1746068119687 0.005080906148867314 170
1746068121803 0.005048543689320388 171
1746068123924 0.005016181229773463 172
1746068126063 0.004983818770226537 173
1746068128252 0.004951456310679612 174
1746068130623 0.004919093851132686 175
1746068132783 0.004886731391585761 176
1746068135005 0.004854368932038835 177
1746068137148 0.0048220064724919095 178
1746068139345 0.004789644012944984 179
1746068141522 0.004757281553398059 180
1746068143993 0.004724919093851133 181
1746068146136 0.004692556634304207 182
1746068148304 0.004660194174757282 183
1746068150458 0.004627831715210356 184
1746068152609 0.00459546925566343 185
1746068154906 0.004563106796116505 186
1746068157061 0.004530744336569579 187
1746068159173 0.004498381877022653 188
1746068161297 0.004466019417475728 189
1746068163449 0.0044336569579288025 190
1746068165667 0.004401294498381877 191
1746068168113 0.004368932038834952 192
1746068170344 0.004336569579288026 193
1746068172489 0.004304207119741101 194
1746068174707 0.004271844660194175 195
1746068176853 0.00423948220064725 196
1746068179179 0.004207119741100324 197
1746068181455 0.004174757281553398 198
1746068183582 0.004142394822006473 199
1746068185810 0.004110032362459547 200
1746068187947 0.004077669902912621 201
1746068190169 0.004045307443365696 202
1746068192433 0.00401294498381877 203
1746068194644 0.0039805825242718446 204
1746068196822 0.003948220064724919 205
1746068198978 0.003915857605177994 206
1746068201176 0.003883495145631068 207
1746068203319 0.0038511326860841424 208
1746068205721 0.003818770226537217 209
1746068207880 0.0037864077669902915 210
1746068210086 0.0037540453074433656 211
1746068212245 0.0037216828478964406 212
1746068214394 0.0036893203883495147 213
1746068216641 0.003656957928802589 214
1746068218903 0.003624595469255664 215
1746068221019 0.003592233009708738 216
1746068223126 0.003559870550161812 217
1746068225258 0.0035275080906148866 218
1746068227420 0.003495145631067961 219
1746068229883 0.0034627831715210357 220
1746068232131 0.00343042071197411 221
1746068234227 0.003398058252427185 222
1746068236447 0.003365695792880259 223
1746068238555 0.003333333333333333 224
1746068240793 0.003300970873786408 225
1746068243201 0.0032686084142394822 226
1746068245430 0.0032362459546925564 227
1746068247621 0.0032038834951456313 228
1746068249736 0.0031715210355987055 229
1746068251849 0.00313915857605178 230
1746068254234 0.003106796116504854 231
1746068256375 0.003074433656957929 232
1746068258541 0.0030420711974110033 233
1746068260730 0.0030097087378640774 234
1746068262886 0.0029773462783171524 235
1746068265002 0.0029449838187702265 236
1746068267560 0.0029126213592233006 237
1746068269687 0.0028802588996763756 238
1746068271904 0.0028478964401294497 239
1746068274040 0.0028155339805825243 240
1746068276270 0.002783171521035599 241
1746068278554 0.0027508090614886734 242
1746068280927 0.0027184466019417475 243
1746068283105 0.0026860841423948217 244
1746068284808 0.0026537216828478967 245
1746068742446 0.002621359223300971 246
1746068744632 0.0025889967637540453 247
1746068746823 0.00255663430420712 248
1746068748991 0.002524271844660194 249
1746068751118 0.0024919093851132686 250
1746068753339 0.002459546925566343 251
1746068755714 0.0024271844660194177 252
1746068757946 0.002394822006472492 253
1746068760134 0.0023624595469255664 254
1746068762350 0.002330097087378641 255
1746068764538 0.002297734627831715 256
1746068766794 0.0022653721682847896 257
1746068769018 0.002233009708737864 258
1746068771218 0.0022006472491909383 259
1746068773390 0.002168284789644013 260
1746068775585 0.0021359223300970874 261
1746068777807 0.002103559870550162 262
1746068780092 0.0020711974110032365 263
1746068782327 0.0020388349514563107 264
1746068784467 0.002006472491909385 265
1746068786704 0.0019741100323624593 266
1746068788823 0.001941747572815534 267
1746068791034 0.0019093851132686085 268
1746068793473 0.0018770226537216828 269
1746068795670 0.0018446601941747574 270
1746068797842 0.001812297734627832 271
1746068800086 0.001779935275080906 272
1746068802179 0.0017475728155339806 273
1746068804434 0.001715210355987055 274
1746068806817 0.0016828478964401295 275
1746068809022 0.001650485436893204 276
1746068811161 0.0016181229773462782 277
1746068813370 0.0015857605177993527 278
1746068815454 0.001553398058252427 279
1746068817900 0.0015210355987055016 280
1746068820103 0.0014886731391585762 281
1746068822262 0.0014563106796116503 282
1746068824352 0.0014239482200647249 283
1746068826473 0.0013915857605177994 284
1746068828650 0.0013592233009708738 285
1746068831174 0.0013268608414239483 286
1746068833365 0.0012944983818770227 287
1746068835548 0.001262135922330097 288
1746068837754 0.0012297734627831716 289
1746068839857 0.001197411003236246 290
1746068842425 0.0011650485436893205 291
1746068844569 0.0011326860841423948 292
1746068846816 0.0011003236245954692 293
1746068848986 0.0010679611650485437 294
1746068851122 0.0010355987055016183 295
1746068853248 0.0010032362459546926 296
1746068855498 0.000970873786407767 297
1746068857620 0.0009385113268608414 298
1746068859759 0.000906148867313916 299
1746068861950 0.0008737864077669903 300
1746068864133 0.0008414239482200647 301
1746068866422 0.0008090614886731391 302
1746068868770 0.0007766990291262135 303
1746068870914 0.0007443365695792881 304
1746068873077 0.0007119741100323624 305
1746068875264 0.0006796116504854369 306
1746068877393 0.0006472491909385113 307
1746068879904 0.0006148867313915858 308
1746068882046 0.0005825242718446602 309
1746068884264 0.0005501618122977346 310
1746068886392 0.0005177993527508091 311
1746068888591 0.0004854368932038835 312
1746068890734 0.000453074433656958 313
1746068893025 0.0004207119741100324 314
1746068895137 0.00038834951456310677 315
1746068897357 0.0003559870550161812 316
1746068899494 0.00032362459546925567 317
1746068901723 0.0002912621359223301 318
1746068904228 0.00025889967637540457 319
1746068906400 0.000226537216828479 320
1746068908613 0.00019417475728155338 321
1746068910792 0.00016181229773462783 322
1746068913010 0.00012944983818770228 323
1746068915177 9.708737864077669e-05 324
1746068917555 6.472491909385114e-05 325
1746068919769 3.236245954692557e-05 326
1746068921420 0.0 327
