1746061499660 6.591523560928181e-05 0
1746061505183 7.265329622896388e-05 1
1746061511527 0.00014340001507662237 2
1746061517165 0.00023683586914557964 3
1746061522938 0.0007309455540962517 4
1746061528976 0.006669251713901758 5
1746061534491 0.038959383964538574 6
1746061540882 0.06884309649467468 7
1746061546383 0.06871213763952255 8
1746061552815 0.0676785260438919 9
1746061558321 0.0659017562866211 10
1746061564764 0.07122112065553665 11
1746061570276 0.07169335335493088 12
1746061576206 0.0712282657623291 13
1746061581966 0.07269542664289474 14
1746061587619 0.07366146892309189 15
1746061593850 0.0719895288348198 16
1746061599410 0.07077125459909439 17
1746061605879 0.07403764128684998 18
1746061611447 0.07302882522344589 19
1746061618052 0.06904545426368713 20
1746061623596 0.041817206889390945 21
1746061630055 0.036271244287490845 22
1746061635626 0.038677919656038284 23
1746061641622 0.03668559342622757 24
1746061647518 0.033770978450775146 25
1746061653146 0.07064351439476013 26
1746061659472 0.07511413842439651 27
1746061665019 0.07269570231437683 28
1746061671552 0.06999825686216354 29
1746061677164 0.07270310074090958 30
1746061683640 0.07559084892272949 31
1746061689227 0.07645125687122345 32
1746061695780 0.06831250339746475 33
1746061701398 0.07486148923635483 34
1746061707544 0.07325218617916107 35
1746061713313 0.07157298922538757 36
1746061718850 0.07302802801132202 37
1746061725163 0.0661218911409378 38
1746061730912 0.07649782299995422 39
1746061737721 0.06930311769247055 40
1746061743472 0.07239200919866562 41
1746061750218 0.07107356190681458 42
1746061755952 0.07163912802934647 43
1746061762640 0.06621303409337997 44
1746061768279 0.07002601027488708 45
1746061774501 0.07467857003211975 46
1746061780162 0.07187519967556 47
1746061785815 0.06870441138744354 48
1746061791877 0.07094114273786545 49
1746061797440 0.07076873630285263 50
1746061803928 0.06849204748868942 51
1746061809568 0.06858138740062714 52
1746061816035 0.07516004145145416 53
1746061821533 0.072057344019413 54
1746061828074 0.0734250620007515 55
1746061833634 0.07618707418441772 56
1746061839730 0.07096877694129944 57
1746061845427 0.07304953038692474 58
1746061851008 0.07022155821323395 59
1746061857231 0.07367114722728729 60
1746061862776 0.0769992247223854 61
1746061869176 0.07169938832521439 62
1746061874678 0.07000000029802322 63
1746061881100 0.07421533018350601 64
1746061886642 0.0666879415512085 65
1746061892968 0.07114502042531967 66
1746061898519 0.07123146951198578 67
1746061904246 0.07915972173213959 68
1746061910124 0.0789216086268425 69
1746061915675 0.0838482677936554 70
1746061922029 0.08221204578876495 71
1746061927538 0.08204688131809235 72
1746061933983 0.08272735029459 73
1746061939480 0.08399905264377594 74
1746061945901 0.08856603503227234 75
1746061951462 0.08251067996025085 76
1746061957523 0.08433565497398376 77
1746061963217 0.08547838777303696 78
1746061968755 0.09218698740005493 79
1746061974930 0.08582864701747894 80
1746061980440 0.09255355596542358 81
1746061986897 0.07909192889928818 82
1746061992442 0.08532455563545227 83
1746061998855 0.08663033694028854 84
1746062004419 0.08675175905227661 85
1746062010905 0.08715233951807022 86
1746062016431 0.08614479750394821 87
1746062022305 0.08451668173074722 88
1746062028061 0.0831894502043724 89
1746062033569 0.08179973810911179 90
1746062039891 0.08281119912862778 91
1746062721698 0.08564149588346481 92
1746062728101 0.082363061606884 93
1746062733649 0.09201701730489731 94
1746062739492 0.08400840312242508 95
1746062745302 0.08462114632129669 96
1746062750800 0.08605320751667023 97
1746062757096 0.08249027281999588 98
1746062762638 0.08279422670602798 99
1746062769078 0.08496913313865662 100
1746062774591 0.08016970008611679 101
1746062781010 0.08439478278160095 102
1746062786516 0.08832933753728867 103
1746062792732 0.08940853178501129 104
1746062798404 0.08771195262670517 105
1746062804036 0.0864907056093216 106
1746062810122 0.0788954645395279 107
1746062815622 0.08366447687149048 108
1746062822063 0.0850418210029602 109
1746062827604 0.08783461898565292 110
1746062834021 0.09583553671836853 111
1746062839542 0.09612403064966202 112
1746062845965 0.09020131826400757 113
1746062851543 0.08401184529066086 114
1746062857470 0.09029325842857361 115
1746062863223 0.09414418041706085 116
1746062868740 0.08589259535074234 117
1746062874986 0.08865175396203995 118
1746062880514 0.08995132148265839 119
1746062886924 0.0881020650267601 120
1746062892419 0.09045430272817612 121
1746062898789 0.09834619611501694 122
1746062904308 0.09678100794553757 123
1746062910513 0.09429311752319336 124
1746062916157 0.09783071279525757 125
1746062921784 0.09677917510271072 126
1746062927854 0.09783390909433365 127
1746062933409 0.09904701262712479 128
1746062939921 0.09927738457918167 129
1746062945435 0.09775571525096893 130
1746062951854 0.09794912487268448 131
1746062957408 0.11177060753107071 132
1746062963816 0.10620227456092834 133
1746062969391 0.10161139070987701 134
1746062975342 0.10155931115150452 135
1746062981098 0.10292103886604309 136
1746062986588 0.10203523933887482 137
1746062992874 0.10709846019744873 138
1746062998408 0.10262638330459595 139
1746063004895 0.10148072242736816 140
1746063010449 0.11146936565637589 141
1746063016887 0.10857576131820679 142
1746063022440 0.11135051399469376 143
1746063028671 0.11155378818511963 144
1746063034363 0.11134298145771027 145
1746063040077 0.11120576411485672 146
1746063046046 0.11800836026668549 147
1746063051558 0.09553253650665283 148
1746063057921 0.11105247586965561 149
1746063063470 0.11998485773801804 150
1746063069912 0.10723745822906494 151
1746063075423 0.10959084331989288 152
1746063081874 0.11320888996124268 153
1746063087437 0.12118984013795853 154
1746063093542 0.12152932584285736 155
1746063099267 0.11668385565280914 156
1746063104855 0.13021670281887054 157
1746063111011 0.12167177349328995 158
1746063116595 0.1183895543217659 159
1746063123043 0.12109346687793732 160
1746063128605 0.11496032774448395 161
1746063135046 0.1224624291062355 162
1746063140605 0.1231205090880394 163
1746063147033 0.12406044453382492 164
1746063152610 0.12688252329826355 165
1746063158544 0.13325707614421844 166
1746063164355 0.13697011768817902 167
1746063169924 0.12862101197242737 168
1746063176271 0.1275390088558197 169
1746063181829 0.13929888606071472 170
1746063188328 0.13595986366271973 171
1746063193865 0.13767361640930176 172
1746063200357 0.13142284750938416 173
1746063205896 0.13781589269638062 174
1746063212357 0.12890541553497314 175
1746063217903 0.13227824866771698 176
1746063223783 0.13122545182704926 177
1746063229589 0.1423613280057907 178
1746063235151 0.13894213736057281 179
1746063241457 0.1401384025812149 180
1746063247098 0.13710355758666992 181
1746063253589 0.14216291904449463 182
1746063259115 0.14358623325824738 183
1746063935358 0.15297430753707886 184
1746063941811 0.1483534723520279 185
1746063947379 0.14994075894355774 186
1746063953342 0.14704205095767975 187
1746063959222 0.1406049281358719 188
1746063964801 0.14722368121147156 189
1746063971122 0.14443661272525787 190
1746063976689 0.15247058868408203 191
1746063983127 0.1486438661813736 192
1746063988798 0.14539921283721924 193
1746063995377 0.15459032356739044 194
1746064000961 0.15567681193351746 195
1746064007337 0.1503017395734787 196
1746064012916 0.15234264731407166 197
1746064018901 0.15609408915042877 198
1746064024772 0.14779169857501984 199
1746064030418 0.15218286216259003 200
1746064036813 0.15372931957244873 201
1746064042496 0.15296557545661926 202
1746064048958 0.15321728587150574 203
1746064054535 0.15392789244651794 204
1746064061102 0.15477488934993744 205
1746064066639 0.15438754856586456 206
1746064073152 0.1622208207845688 207
1746064078699 0.15336567163467407 208
1746064084732 0.15922830998897552 209
1746064090635 0.15304628014564514 210
1746064096173 0.1605864018201828 211
1746064102478 0.1618604212999344 212
1746064108006 0.16510291397571564 213
1746064114448 0.15584415197372437 214
1746064120044 0.15884612500667572 215
1746064126510 0.16151432693004608 216
1746064132071 0.16048628091812134 217
1746064138496 0.1484690010547638 218
1746064144093 0.14837071299552917 219
1746064150046 0.15898023545742035 220
1746064155884 0.1640712320804596 221
1746064161411 0.15671920776367188 222
1746064167773 0.16272568702697754 223
1746064173430 0.1597246676683426 224
1746064180125 0.1518109291791916 225
1746064185867 0.15936456620693207 226
1746064192455 0.16967003047466278 227
1746064198161 0.15688984096050262 228
1746064204763 0.15221594274044037 229
1746064210422 0.1631544679403305 230
1746064216565 0.15319021046161652 231
1746064222350 0.16381312906742096 232
1746064228038 0.15652482211589813 233
1746064234305 0.15528124570846558 234
1746064239964 0.1598389744758606 235
1746064246380 0.16553497314453125 236
1746064252044 0.16014713048934937 237
1746064258572 0.15970386564731598 238
1746064264192 0.16487543284893036 239
1746064270678 0.15526844561100006 240
1746064276288 0.17208315432071686 241
1746064282741 0.16319142282009125 242
1746064288430 0.17232578992843628 243
1746064294621 0.15645183622837067 244
1746064300448 0.1573236882686615 245
1746064306111 0.1677119880914688 246
1746064312253 0.17070600390434265 247
1746064317927 0.16522380709648132 248
1746064324274 0.15841521322727203 249
1746064329964 0.16566479206085205 250
1746064336444 0.16157563030719757 251
1746064342109 0.16734860837459564 252
1746064348680 0.16170848906040192 253
1746064354316 0.1587584912776947 254
1746064360755 0.16376285254955292 255
1746064366363 0.1683606207370758 256
1746064372734 0.16553401947021484 257
1746064378518 0.16807372868061066 258
1746064384501 0.16937440633773804 259
1746064390437 0.16403603553771973 260
1746064396048 0.1680264174938202 261
1746064402347 0.16969212889671326 262
1746064408032 0.16154970228672028 263
1746064414553 0.16765235364437103 264
1746064420189 0.1572921872138977 265
1746064426661 0.1708311289548874 266
1746064432221 0.16651375591754913 267
1746064438769 0.1778162121772766 268
1746064444331 0.17418012022972107 269
1746064450763 0.17167949676513672 270
1746064456355 0.16697339713573456 271
1746064462317 0.17457008361816406 272
1746064468265 0.1676800400018692 273
1746064473874 0.1692318618297577 274
1746064480116 0.16779270768165588 275
1746065154280 0.17200788855552673 276
1746065160596 0.16394959390163422 277
1746065166141 0.16713392734527588 278
1746065172566 0.18271145224571228 279
1746065178111 0.17803943157196045 280
1746065184472 0.18247796595096588 281
1746065190002 0.17385068535804749 282
1746065196404 0.1783105731010437 283
1746065201936 0.17036661505699158 284
1746065207901 0.17737729847431183 285
1746065213695 0.18539538979530334 286
1746065219255 0.1707397997379303 287
1746065225430 0.1694483608007431 288
1746065231059 0.17194852232933044 289
1746065237470 0.176025852560997 290
1746065243017 0.17135001718997955 291
1746065249418 0.16369493305683136 292
1746065254988 0.15983757376670837 293
1746065261413 0.1718795746564865 294
1746065266949 0.1654372215270996 295
1746065273170 0.17090052366256714 296
1746065278839 0.16929632425308228 297
1746065284533 0.17928747832775116 298
1746065290536 0.17354005575180054 299
1746065296114 0.17010308802127838 300
1746065302429 0.1840069442987442 301
1746065308008 0.17695969343185425 302
1746065314516 0.17435935139656067 303
1746065320059 0.18081487715244293 304
1746065326527 0.17468731105327606 305
1746065332087 0.17245110869407654 306
1746065338546 0.17776277661323547 307
1746065344080 0.1727013736963272 308
1746065350060 0.17422866821289062 309
1746065355770 0.17578962445259094 310
1746065361294 0.16748768091201782 311
1746065367467 0.17592065036296844 312
1746065373013 0.1789225935935974 313
1746065379422 0.1680646389722824 314
1746065384981 0.17133773863315582 315
1746065391435 0.17646686732769012 316
