1746061499660 9.549788475036621 0
1746061505183 9.545109748840332 1
1746061511527 9.500672340393066 2
1746061517165 9.43242073059082 3
1746061522938 9.309670448303223 4
1746061528976 9.169818878173828 5
1746061534491 8.94295597076416 6
1746061540882 8.720848083496094 7
1746061546383 8.489774703979492 8
1746061552815 8.228301048278809 9
1746061558321 7.9873504638671875 10
1746061564764 7.701108932495117 11
1746061570276 7.377659797668457 12
1746061576206 7.118142604827881 13
1746061581966 6.8829569816589355 14
1746061587619 6.704493999481201 15
1746061593850 6.573527812957764 16
1746061599410 6.491290092468262 17
1746061605879 6.536384582519531 18
1746061611447 6.517825126647949 19
1746061618052 6.670544147491455 20
1746061623596 6.628355979919434 21
1746061630055 6.676993370056152 22
1746061635626 6.613945960998535 23
1746061641622 6.571746349334717 24
1746061647518 6.507952690124512 25
1746061653146 6.49820613861084 26
1746061659472 6.520298004150391 27
1746061665019 6.530007839202881 28
1746061671552 6.479773044586182 29
1746061677164 6.481328964233398 30
1746061683640 6.447000980377197 31
1746061689227 6.4802117347717285 32
1746061695780 6.470957279205322 33
1746061701398 6.453629970550537 34
1746061707544 6.491826057434082 35
1746061713313 6.4370341300964355 36
1746061718850 6.491357803344727 37
1746061725163 6.485623836517334 38
1746061730912 6.413126468658447 39
1746061737721 6.374698638916016 40
1746061743472 6.417687892913818 41
1746061750218 6.472683429718018 42
1746061755952 6.444080352783203 43
1746061762640 6.429864883422852 44
1746061768279 6.3989644050598145 45
1746061774501 6.4461493492126465 46
1746061780162 6.472630023956299 47
1746061785815 6.497864723205566 48
1746061791877 6.430999279022217 49
1746061797440 6.452330112457275 50
1746061803928 6.444402694702148 51
1746061809568 6.401193618774414 52
1746061816035 6.485199928283691 53
1746061821533 6.39924955368042 54
1746061828074 6.500895023345947 55
1746061833634 6.372568607330322 56
1746061839730 6.450557231903076 57
1746061845427 6.426422595977783 58
1746061851008 6.3986334800720215 59
1746061857231 6.38700008392334 60
1746061862776 6.458171844482422 61
1746061869176 6.442974090576172 62
1746061874678 6.455445289611816 63
1746061881100 6.411734580993652 64
1746061886642 6.3764238357543945 65
1746061892968 6.436784744262695 66
1746061898519 6.364192962646484 67
1746061904246 6.402149200439453 68
1746061910124 6.387827396392822 69
1746061915675 6.336449146270752 70
1746061922029 6.351900100708008 71
1746061927538 6.269322395324707 72
1746061933983 6.273135185241699 73
1746061939480 6.32808780670166 74
1746061945901 6.273224830627441 75
1746061951462 6.328832149505615 76
1746061957523 6.29569673538208 77
1746061963217 6.304460048675537 78
1746061968755 6.276639461517334 79
1746061974930 6.195197582244873 80
1746061980440 6.1936540603637695 81
1746061986897 6.259527683258057 82
1746061992442 6.310442924499512 83
1746061998855 6.210522174835205 84
1746062004419 6.256482124328613 85
1746062010905 6.281616687774658 86
1746062016431 6.167331218719482 87
1746062022305 6.221426486968994 88
1746062028061 6.289767742156982 89
1746062033569 6.2267961502075195 90
1746062039891 6.252011299133301 91
1746062721698 6.228661060333252 92
1746062728101 6.180465221405029 93
1746062733649 6.141047477722168 94
1746062739492 6.233234882354736 95
1746062745302 6.223386764526367 96
1746062750800 6.172226905822754 97
1746062757096 6.195624828338623 98
1746062762638 6.131580352783203 99
1746062769078 6.181576728820801 100
1746062774591 6.259162902832031 101
1746062781010 6.262397766113281 102
1746062786516 6.261508941650391 103
1746062792732 6.177087783813477 104
1746062798404 6.180985927581787 105
1746062804036 6.220760345458984 106
1746062810122 6.211001873016357 107
1746062815622 6.2470502853393555 108
1746062822063 6.180402755737305 109
1746062827604 6.164538860321045 110
1746062834021 6.150590896606445 111
1746062839542 6.134552478790283 112
1746062845965 6.163076400756836 113
1746062851543 6.207871437072754 114
1746062857470 6.1211652755737305 115
1746062863223 6.153327465057373 116
1746062868740 6.237868309020996 117
1746062874986 6.106571197509766 118
1746062880514 6.172139644622803 119
1746062886924 6.15620756149292 120
1746062892419 6.128003120422363 121
1746062898789 6.109053611755371 122
1746062904308 6.111730098724365 123
1746062910513 6.146308422088623 124
1746062916157 6.123908996582031 125
1746062921784 6.080638885498047 126
1746062927854 6.07475471496582 127
1746062933409 6.117586135864258 128
1746062939921 6.054386615753174 129
1746062945435 6.10953950881958 130
1746062951854 6.1052961349487305 131
1746062957408 6.042019844055176 132
1746062963816 6.082039833068848 133
1746062969391 6.064428806304932 134
1746062975342 6.049105644226074 135
1746062981098 6.083492755889893 136
1746062986588 6.023604869842529 137
1746062992874 6.033410549163818 138
1746062998408 6.084549427032471 139
1746063004895 6.102556228637695 140
1746063010449 6.110088348388672 141
1746063016887 6.033874034881592 142
1746063022440 6.008252143859863 143
1746063028671 6.058619499206543 144
1746063034363 5.997384071350098 145
1746063040077 5.993532657623291 146
1746063046046 6.065306186676025 147
1746063051558 6.099693775177002 148
1746063057921 5.964257717132568 149
1746063063470 5.998128890991211 150
1746063069912 6.034494400024414 151
1746063075423 6.071559429168701 152
1746063081874 6.061131477355957 153
1746063087437 5.951550483703613 154
1746063093542 5.954094886779785 155
1746063099267 6.01887845993042 156
1746063104855 5.96628475189209 157
1746063111011 6.0084052085876465 158
1746063116595 5.957903861999512 159
1746063123043 6.007992267608643 160
1746063128605 5.998166561126709 161
1746063135046 5.976537704467773 162
1746063140605 5.872851371765137 163
1746063147033 5.9538140296936035 164
1746063152610 5.944163799285889 165
1746063158544 5.873226165771484 166
1746063164355 5.9143548011779785 167
1746063169924 5.958352565765381 168
1746063176271 5.8852219581604 169
1746063181829 5.838019847869873 170
1746063188328 5.899584770202637 171
1746063193865 5.904831409454346 172
1746063200357 5.854056358337402 173
1746063205896 5.832306861877441 174
1746063212357 5.9505696296691895 175
1746063217903 5.865683555603027 176
1746063223783 5.882382392883301 177
1746063229589 5.828523635864258 178
1746063235151 5.773096561431885 179
1746063241457 5.795467376708984 180
1746063247098 5.8046112060546875 181
1746063253589 5.789724349975586 182
1746063259115 5.7471022605896 183
1746063935358 5.725390434265137 184
1746063941811 5.7461113929748535 185
1746063947379 5.698417663574219 186
1746063953342 5.776862144470215 187
1746063959222 5.789281368255615 188
1746063964801 5.720937728881836 189
1746063971122 5.7244648933410645 190
1746063976689 5.623232841491699 191
1746063983127 5.667280673980713 192
1746063988798 5.788567066192627 193
1746063995377 5.66090726852417 194
1746064000961 5.659543991088867 195
1746064007337 5.699125289916992 196
1746064012916 5.696141719818115 197
1746064018901 5.6997785568237305 198
1746064024772 5.675557613372803 199
1746064030418 5.660172462463379 200
1746064036813 5.643351078033447 201
1746064042496 5.580153942108154 202
1746064048958 5.662635803222656 203
1746064054535 5.622100353240967 204
1746064061102 5.649100303649902 205
1746064066639 5.6606645584106445 206
1746064073152 5.588056564331055 207
1746064078699 5.593882083892822 208
1746064084732 5.634426593780518 209
1746064090635 5.614139556884766 210
1746064096173 5.6337127685546875 211
1746064102478 5.62122106552124 212
1746064108006 5.605646133422852 213
1746064114448 5.626919269561768 214
1746064120044 5.572693347930908 215
1746064126510 5.624489784240723 216
1746064132071 5.611084461212158 217
1746064138496 5.657532691955566 218
1746064144093 5.635894298553467 219
1746064150046 5.634897232055664 220
1746064155884 5.606074333190918 221
1746064161411 5.615658283233643 222
1746064167773 5.563113689422607 223
1746064173430 5.592095375061035 224
1746064180125 5.595770835876465 225
1746064185867 5.571410179138184 226
1746064192455 5.580199718475342 227
1746064198161 5.519299030303955 228
1746064204763 5.527186393737793 229
1746064210422 5.549271106719971 230
1746064216565 5.568692207336426 231
1746064222350 5.540674686431885 232
1746064228038 5.56911563873291 233
1746064234305 5.5876898765563965 234
1746064239964 5.603513717651367 235
1746064246380 5.531945705413818 236
1746064252044 5.527459621429443 237
1746064258572 5.583231449127197 238
1746064264192 5.511824131011963 239
1746064270678 5.585745334625244 240
1746064276288 5.479698181152344 241
1746064282741 5.599515914916992 242
1746064288430 5.493223190307617 243
1746064294621 5.559995651245117 244
1746064300448 5.597343444824219 245
1746064306111 5.523498058319092 246
1746064312253 5.497073173522949 247
1746064317927 5.501783847808838 248
1746064324274 5.544868469238281 249
1746064329964 5.515388488769531 250
1746064336444 5.512563705444336 251
1746064342109 5.5120344161987305 252
1746064348680 5.511093616485596 253
1746064354316 5.577378749847412 254
1746064360755 5.4922261238098145 255
1746064366363 5.494288444519043 256
1746064372734 5.515040874481201 257
1746064378518 5.401309013366699 258
1746064384501 5.447543621063232 259
1746064390437 5.483438968658447 260
1746064396048 5.540788650512695 261
1746064402347 5.418744087219238 262
1746064408032 5.494968891143799 263
1746064414553 5.489933013916016 264
1746064420189 5.5452961921691895 265
1746064426661 5.505035877227783 266
1746064432221 5.487105846405029 267
1746064438769 5.457519054412842 268
1746064444331 5.359156608581543 269
1746064450763 5.432324409484863 270
1746064456355 5.485429286956787 271
1746064462317 5.457828044891357 272
1746064468265 5.479230880737305 273
1746064473874 5.490895748138428 274
1746064480116 5.474081039428711 275
1746065154280 5.370367050170898 276
1746065160596 5.460081100463867 277
1746065166141 5.421170711517334 278
1746065172566 5.36400032043457 279
1746065178111 5.379173755645752 280
1746065184472 5.332265377044678 281
1746065190002 5.3102707862854 282
1746065196404 5.318002700805664 283
1746065201936 5.397862434387207 284
1746065207901 5.380317687988281 285
1746065213695 5.304997444152832 286
1746065219255 5.422847270965576 287
1746065225430 5.3704729080200195 288
1746065231059 5.404114246368408 289
1746065237470 5.382330894470215 290
1746065243017 5.3520989418029785 291
1746065249418 5.369274616241455 292
1746065254988 5.421740531921387 293
1746065261413 5.412410736083984 294
1746065266949 5.428928852081299 295
1746065273170 5.401542663574219 296
1746065278839 5.392698287963867 297
1746065284533 5.36276388168335 298
1746065290536 5.384165287017822 299
1746065296114 5.391643524169922 300
1746065302429 5.348310470581055 301
1746065308008 5.356441020965576 302
1746065314516 5.343778610229492 303
1746065320059 5.36107873916626 304
1746065326527 5.328436374664307 305
1746065332087 5.474001407623291 306
1746065338546 5.339572906494141 307
1746065344080 5.390896320343018 308
1746065350060 5.324188232421875 309
1746065355770 5.38223123550415 310
1746065361294 5.414635181427002 311
1746065367467 5.327089786529541 312
1746065373013 5.278303146362305 313
1746065379422 5.3779730796813965 314
1746065384981 5.390532970428467 315
1746065391435 5.441832542419434 316
