1746061499660 0.00045454545454545455 0
1746061505183 0.0009090909090909091 1
1746061511527 0.0013636363636363635 2
1746061517165 0.0018181818181818182 3
1746061522938 0.0022727272727272726 4
1746061528976 0.002727272727272727 5
1746061534491 0.003181818181818182 6
1746061540882 0.0036363636363636364 7
1746061546383 0.004090909090909091 8
1746061552815 0.004545454545454545 9
1746061558321 0.005 10
1746061564764 0.005454545454545454 11
1746061570276 0.00590909090909091 12
1746061576206 0.006363636363636364 13
1746061581966 0.006818181818181818 14
1746061587619 0.007272727272727273 15
1746061593850 0.007727272727272728 16
1746061599410 0.008181818181818182 17
1746061605879 0.008636363636363636 18
1746061611447 0.00909090909090909 19
1746061618052 0.009545454545454546 20
1746061623596 0.01 21
1746061630055 0.009971098265895954 22
1746061635626 0.009942196531791908 23
1746061641622 0.009913294797687862 24
1746061647518 0.009884393063583815 25
1746061653146 0.009855491329479769 26
1746061659472 0.009826589595375723 27
1746061665019 0.009797687861271677 28
1746061671552 0.00976878612716763 29
1746061677164 0.009739884393063584 30
1746061683640 0.009710982658959538 31
1746061689227 0.009682080924855492 32
1746061695780 0.009653179190751445 33
1746061701398 0.0096242774566474 34
1746061707544 0.009595375722543353 35
1746061713313 0.009566473988439307 36
1746061718850 0.00953757225433526 37
1746061725163 0.009508670520231214 38
1746061730912 0.009479768786127168 39
1746061737721 0.009450867052023122 40
1746061743472 0.009421965317919076 41
1746061750218 0.00939306358381503 42
1746061755952 0.009364161849710983 43
1746061762640 0.009335260115606937 44
1746061768279 0.00930635838150289 45
1746061774501 0.009277456647398844 46
1746061780162 0.009248554913294798 47
1746061785815 0.009219653179190752 48
1746061791877 0.009190751445086706 49
1746061797440 0.00916184971098266 50
1746061803928 0.009132947976878613 51
1746061809568 0.009104046242774567 52
1746061816035 0.009075144508670521 53
1746061821533 0.009046242774566475 54
1746061828074 0.009017341040462428 55
1746061833634 0.008988439306358382 56
1746061839730 0.008959537572254336 57
1746061845427 0.00893063583815029 58
1746061851008 0.008901734104046244 59
1746061857231 0.008872832369942197 60
1746061862776 0.00884393063583815 61
1746061869176 0.008815028901734105 62
1746061874678 0.008786127167630059 63
1746061881100 0.008757225433526012 64
1746061886642 0.008728323699421964 65
1746061892968 0.00869942196531792 66
1746061898519 0.008670520231213874 67
1746061904246 0.008641618497109827 68
1746061910124 0.00861271676300578 69
1746061915675 0.008583815028901735 70
1746061922029 0.008554913294797689 71
1746061927538 0.008526011560693643 72
1746061933983 0.008497109826589595 73
1746061939480 0.00846820809248555 74
1746061945901 0.008439306358381504 75
1746061951462 0.008410404624277458 76
1746061957523 0.00838150289017341 77
1746061963217 0.008352601156069365 78
1746061968755 0.008323699421965319 79
1746061974930 0.008294797687861271 80
1746061980440 0.008265895953757225 81
1746061986897 0.008236994219653179 82
1746061992442 0.008208092485549134 83
1746061998855 0.008179190751445086 84
1746062004419 0.00815028901734104 85
1746062010905 0.008121387283236994 86
1746062016431 0.00809248554913295 87
1746062022305 0.008063583815028901 88
1746062028061 0.008034682080924855 89
1746062033569 0.008005780346820809 90
1746062039891 0.007976878612716764 91
1746062721698 0.007947976878612716 92
1746062728101 0.00791907514450867 93
1746062733649 0.007890173410404624 94
1746062739492 0.00786127167630058 95
1746062745302 0.007832369942196531 96
1746062750800 0.007803468208092486 97
1746062757096 0.007774566473988439 98
1746062762638 0.007745664739884393 99
1746062769078 0.007716763005780347 100
1746062774591 0.007687861271676301 101
1746062781010 0.007658959537572254 102
1746062786516 0.007630057803468208 103
1746062792732 0.007601156069364162 104
1746062798404 0.007572254335260116 105
1746062804036 0.007543352601156069 106
1746062810122 0.007514450867052023 107
1746062815622 0.0074855491329479775 108
1746062822063 0.007456647398843931 109
1746062827604 0.007427745664739884 110
1746062834021 0.007398843930635838 111
1746062839542 0.0073699421965317926 112
1746062845965 0.007341040462427746 113
1746062851543 0.007312138728323699 114
1746062857470 0.007283236994219653 115
1746062863223 0.007254335260115608 116
1746062868740 0.007225433526011561 117
1746062874986 0.007196531791907514 118
1746062880514 0.007167630057803468 119
1746062886924 0.007138728323699422 120
1746062892419 0.0071098265895953765 121
1746062898789 0.007080924855491329 122
1746062904308 0.007052023121387283 123
1746062910513 0.007023121387283237 124
1746062916157 0.006994219653179192 125
1746062921784 0.0069653179190751445 126
1746062927854 0.006936416184971098 127
1746062933409 0.006907514450867052 128
1746062939921 0.006878612716763007 129
1746062945435 0.00684971098265896 130
1746062951854 0.006820809248554913 131
1746062957408 0.006791907514450867 132
1746062963816 0.006763005780346822 133
1746062969391 0.006734104046242775 134
1746062975342 0.0067052023121387284 135
1746062981098 0.006676300578034682 136
1746062986588 0.006647398843930635 137
1746062992874 0.00661849710982659 138
1746062998408 0.0065895953757225435 139
1746063004895 0.006560693641618497 140
1746063010449 0.00653179190751445 141
1746063016887 0.006502890173410405 142
1746063022440 0.006473988439306359 143
1746063028671 0.006445086705202312 144
1746063034363 0.006416184971098265 145
1746063040077 0.00638728323699422 146
1746063046046 0.006358381502890174 147
1746063051558 0.0063294797687861275 148
1746063057921 0.00630057803468208 149
1746063063470 0.006271676300578035 150
1746063069912 0.006242774566473989 151
1746063075423 0.0062138728323699426 152
1746063081874 0.0061849710982658955 153
1746063087437 0.00615606936416185 154
1746063093542 0.006127167630057804 155
1746063099267 0.006098265895953758 156
1746063104855 0.0060693641618497106 157
1746063111011 0.006040462427745664 158
1746063116595 0.006011560693641619 159
1746063123043 0.005982658959537573 160
1746063128605 0.005953757225433526 161
1746063135046 0.005924855491329479 162
1746063140605 0.005895953757225434 163
1746063147033 0.005867052023121388 164
1746063152610 0.005838150289017341 165
1746063158544 0.0058092485549132945 166
1746063164355 0.005780346820809249 167
1746063169924 0.005751445086705203 168
1746063176271 0.005722543352601156 169
1746063181829 0.00569364161849711 170
1746063188328 0.005664739884393064 171
1746063193865 0.005635838150289018 172
1746063200357 0.005606936416184971 173
1746063205896 0.005578034682080925 174
1746063212357 0.0055491329479768784 175
1746063217903 0.005520231213872833 176
1746063223783 0.005491329479768786 177
1746063229589 0.00546242774566474 178
1746063235151 0.0054335260115606935 179
1746063241457 0.005404624277456648 180
1746063247098 0.005375722543352601 181
1746063253589 0.005346820809248555 182
1746063259115 0.005317919075144509 183
1746063935358 0.005289017341040463 184
1746063941811 0.005260115606936416 185
1746063947379 0.00523121387283237 186
1746063953342 0.005202312138728324 187
1746063959222 0.005173410404624278 188
1746063964801 0.005144508670520231 189
1746063971122 0.005115606936416185 190
1746063976689 0.005086705202312139 191
1746063983127 0.005057803468208093 192
1746063988798 0.005028901734104046 193
1746063995377 0.005 194
1746064000961 0.004971098265895954 195
1746064007337 0.004942196531791908 196
1746064012916 0.004913294797687861 197
1746064018901 0.004884393063583815 198
1746064024772 0.004855491329479769 199
1746064030418 0.004826589595375723 200
1746064036813 0.0047976878612716765 201
1746064042496 0.00476878612716763 202
1746064048958 0.004739884393063584 203
1746064054535 0.004710982658959538 204
1746064061102 0.004682080924855492 205
1746064066639 0.004653179190751445 206
1746064073152 0.004624277456647399 207
1746064078699 0.004595375722543353 208
1746064084732 0.004566473988439307 209
1746064090635 0.0045375722543352605 210
1746064096173 0.004508670520231214 211
1746064102478 0.004479768786127168 212
1746064108006 0.004450867052023122 213
1746064114448 0.004421965317919075 214
1746064120044 0.004393063583815029 215
1746064126510 0.004364161849710982 216
1746064132071 0.004335260115606937 217
1746064138496 0.00430635838150289 218
1746064144093 0.004277456647398844 219
1746064150046 0.004248554913294797 220
1746064155884 0.004219653179190752 221
1746064161411 0.004190751445086705 222
1746064167773 0.0041618497109826595 223
1746064173430 0.004132947976878612 224
1746064180125 0.004104046242774567 225
1746064185867 0.00407514450867052 226
1746064192455 0.004046242774566475 227
1746064198161 0.0040173410404624275 228
1746064204763 0.003988439306358382 229
1746064210422 0.003959537572254335 230
1746064216565 0.00393063583815029 231
1746064222350 0.003901734104046243 232
1746064228038 0.0038728323699421963 233
1746064234305 0.0038439306358381505 234
1746064239964 0.003815028901734104 235
1746064246380 0.003786127167630058 236
1746064252044 0.0037572254335260114 237
1746064258572 0.0037283236994219656 238
1746064264192 0.003699421965317919 239
1746064270678 0.003670520231213873 240
1746064276288 0.0036416184971098265 241
1746064282741 0.0036127167630057807 242
1746064288430 0.003583815028901734 243
1746064294621 0.0035549132947976883 244
1746064300448 0.0035260115606936416 245
1746064306111 0.003497109826589596 246
1746064312253 0.003468208092485549 247
1746064317927 0.0034393063583815033 248
1746064324274 0.0034104046242774567 249
1746064329964 0.003381502890173411 250
1746064336444 0.0033526011560693642 251
1746064342109 0.0033236994219653176 252
1746064348680 0.0032947976878612718 253
1746064354316 0.003265895953757225 254
1746064360755 0.0032369942196531793 255
1746064366363 0.0032080924855491326 256
1746064372734 0.003179190751445087 257
1746064378518 0.00315028901734104 258
1746064384501 0.0031213872832369944 259
1746064390437 0.0030924855491329477 260
1746064396048 0.003063583815028902 261
1746064402347 0.0030346820809248553 262
1746064408032 0.0030057803468208095 263
1746064414553 0.002976878612716763 264
1746064420189 0.002947976878612717 265
1746064426661 0.0029190751445086704 266
1746064432221 0.0028901734104046246 267
1746064438769 0.002861271676300578 268
1746064444331 0.002832369942196532 269
1746064450763 0.0028034682080924854 270
1746064456355 0.0027745664739884392 271
1746064462317 0.002745664739884393 272
1746064468265 0.0027167630057803468 273
1746064473874 0.0026878612716763005 274
1746064480116 0.0026589595375722543 275
1746065154280 0.002630057803468208 276
1746065160596 0.002601156069364162 277
1746065166141 0.0025722543352601156 278
1746065172566 0.0025433526011560694 279
1746065178111 0.002514450867052023 280
1746065184472 0.002485549132947977 281
1746065190002 0.0024566473988439307 282
1746065196404 0.0024277456647398845 283
1746065201936 0.0023988439306358383 284
1746065207901 0.002369942196531792 285
1746065213695 0.002341040462427746 286
1746065219255 0.0023121387283236996 287
1746065225430 0.0022832369942196533 288
1746065231059 0.002254335260115607 289
1746065237470 0.002225433526011561 290
1746065243017 0.0021965317919075147 291
1746065249418 0.0021676300578034684 292
1746065254988 0.002138728323699422 293
1746065261413 0.002109826589595376 294
1746065266949 0.0020809248554913297 295
1746065273170 0.0020520231213872835 296
1746065278839 0.0020231213872832373 297
1746065284533 0.001994219653179191 298
1746065290536 0.001965317919075145 299
1746065296114 0.0019364161849710982 300
1746065302429 0.001907514450867052 301
1746065308008 0.0018786127167630057 302
1746065314516 0.0018497109826589595 303
1746065320059 0.0018208092485549133 304
1746065326527 0.001791907514450867 305
1746065332087 0.0017630057803468208 306
1746065338546 0.0017341040462427746 307
1746065344080 0.0017052023121387283 308
1746065350060 0.0016763005780346821 309
1746065355770 0.0016473988439306359 310
1746065361294 0.0016184971098265897 311
1746065367467 0.0015895953757225434 312
1746065373013 0.0015606936416184972 313
1746065379422 0.001531791907514451 314
1746065384981 0.0015028901734104047 315
1746065391435 0.0014739884393063585 316
