1745239817087 0.00011859582446049899 0
1745239817453 0.06998021900653839 1
1745239817816 0.06579403579235077 2
1745239818187 0.07858254015445709 3
1745239818555 0.07394108921289444 4
1745239818921 0.06768667697906494 5
1745239819285 0.07523267716169357 6
1745239819650 0.07341565191745758 7
1745239820015 0.029261436313390732 8
1745239820392 0.03344253450632095 9
1745239820757 0.06862106174230576 10
1745239821123 0.0743628740310669 11
1745239821488 0.07727216929197311 12
1745239821852 0.06512687355279922 13
1745239822216 0.07112143188714981 14
1745239822573 0.07123436778783798 15
1745239822944 0.08196964114904404 16
1745239823325 0.08901997655630112 17
1745239823690 0.08699608594179153 18
1745239824057 0.08616149425506592 19
1745239824423 0.08371613919734955 20
1745239824795 0.03886289894580841 21
1745239825166 0.09345288574695587 22
1745239825537 0.08423445373773575 23
1745239825908 0.0845709890127182 24
1745239826293 0.07940738648176193 25
1745239826664 0.07813865691423416 26
1745239827034 0.08210471272468567 27
1745239827400 0.07319657504558563 28
1745239827768 0.08219987899065018 29
1745239828136 0.07892060279846191 30
1745239828504 0.08312398195266724 31
1745239828856 0.0676911249756813 32
1745239829228 0.07481170445680618 33
1745239829614 0.07691164314746857 34
1745239829985 0.07621688395738602 35
1745239830354 0.07622963935136795 36
1745239830726 0.07479362934827805 37
1745239831097 0.07845520228147507 38
1745239831469 0.07651016116142273 39
1745239831838 0.0813838541507721 40
1745239832207 0.07528769224882126 41
1745239832575 0.07911236584186554 42
1745239832948 0.07597971707582474 43
1745239833315 0.07338625192642212 44
1745239833685 0.07828326523303986 45
1745239834054 0.07650531083345413 46
1745239834422 0.08228305727243423 47
1745239834793 0.08025050908327103 48
1745239835164 0.0780491754412651 49
1745239835534 0.07946919649839401 50
1745239835920 0.0707625225186348 51
1745239836288 0.08012958616018295 52
1745239836662 0.07715639472007751 53
1745239837035 0.07225433737039566 54
1745239837405 0.07836517691612244 55
1745239837778 0.08447474241256714 56
1745239838151 0.07671885937452316 57
1745239838524 0.08258843421936035 58
1745239838910 0.0751669704914093 59
1745239839186 0.08054427802562714 60
1745239843736 0.07683049142360687 61
1745239844113 0.07737189531326294 62
1745239844491 0.07982045412063599 63
1745239844867 0.0740877017378807 64
1745239845240 0.07783465087413788 65
1745239845616 0.07257511466741562 66
1745239846005 0.07906977087259293 67
1745239846381 0.07615509629249573 68
1745239846756 0.0776699036359787 69
1745239847133 0.07886658608913422 70
1745239847504 0.07604973018169403 71
1745239847882 0.0810307115316391 72
1745239848260 0.07853230088949203 73
1745239848638 0.07473810017108917 74
1745239849022 0.07560959458351135 75
1745239849402 0.08043864369392395 76
1745239849777 0.07956158369779587 77
1745239850155 0.0782691165804863 78
1745239850533 0.06993613392114639 79
1745239850909 0.07694552093744278 80
1745239851290 0.08451831340789795 81
1745239851668 0.07573655247688293 82
1745239852057 0.07845442742109299 83
1745239852438 0.07584769278764725 84
1745239852817 0.07958967238664627 85
1745239853196 0.07702750712633133 86
1745239853576 0.06872280687093735 87
1745239853956 0.08188549429178238 88
1745239854332 0.09047569334506989 89
1745239854713 0.08520632982254028 90
1745239855104 0.08678655326366425 91
1745239855484 0.08841487765312195 92
1745239855864 0.08351533114910126 93
1745239856245 0.08534308522939682 94
1745239856619 0.07628574967384338 95
1745239857001 0.07618409395217896 96
1745239857380 0.091513991355896 97
1745239857761 0.07913446426391602 98
1745239858148 0.09167511016130447 99
1745239858530 0.08136920630931854 100
1745239858912 0.08824193477630615 101
1745239859294 0.08380422741174698 102
1745239859677 0.08365384489297867 103
1745239860059 0.08708345144987106 104
1745239860440 0.08085386455059052 105
1745239860822 0.08111031353473663 106
1745239861205 0.09152786433696747 107
1745239861589 0.09334037452936172 108
1745239861980 0.09040438383817673 109
1745239862362 0.09072946012020111 110
1745239862748 0.09280245006084442 111
1745239863132 0.0884438306093216 112
1745239863501 0.09703157097101212 113
1745239863890 0.08146736770868301 114
1745239864273 0.08947885781526566 115
1745239864657 0.08853030949831009 116
1745239865058 0.09525750577449799 117
1745239865445 0.08742743730545044 118
1745239865831 0.08388778567314148 119
1745239866218 0.08979591727256775 120
1745239866503 0.08348853886127472 121
1745239871258 0.08415032923221588 122
1745239871648 0.08220238238573074 123
1745239872054 0.08829421550035477 124
1745239872443 0.0875595286488533 125
1745239872832 0.08746828138828278 126
1745239873221 0.08871927857398987 127
1745239873613 0.09034799784421921 128
1745239874005 0.09179294854402542 129
1745239874398 0.08871890604496002 130
1745239874790 0.0966179296374321 131
1745239875189 0.08747632056474686 132
1745239875579 0.08820904046297073 133
1745239875972 0.09627541154623032 134
1745239876366 0.09306541830301285 135
1745239876759 0.09420247375965118 136
1745239877149 0.09396743029356003 137
1745239877545 0.09010371565818787 138
1745239877939 0.09354750066995621 139
1745239878335 0.08656188100576401 140
1745239878730 0.09112794697284698 141
1745239879123 0.09010973572731018 142
1745239879517 0.08474712818861008 143
1745239879913 0.08787696063518524 144
1745239880308 0.08885098248720169 145
1745239880705 0.08886238932609558 146
1745239881090 0.0961422547698021 147
1745239881484 0.0911455899477005 148
1745239881896 0.09754709899425507 149
1745239882291 0.09126443415880203 150
1745239882689 0.09100406616926193 151
1745239883086 0.09278281033039093 152
1745239883485 0.09301987290382385 153
1745239883882 0.09513609111309052 154
1745239884285 0.08604076504707336 155
1745239884684 0.09668833017349243 156
1745239885085 0.08673243969678879 157
1745239885481 0.09742314368486404 158
1745239885881 0.09070249646902084 159
1745239886283 0.09586995840072632 160
1745239886682 0.09275972098112106 161
1745239887083 0.09622654318809509 162
1745239887483 0.0925128385424614 163
1745239887881 0.09723842889070511 164
1745239888282 0.0975167378783226 165
1745239888681 0.10210683941841125 166
1745239889092 0.09944585710763931 167
1745239889493 0.09358774125576019 168
1745239889893 0.09270062297582626 169
1745239890294 0.10592105239629745 170
1745239890695 0.1007479801774025 171
1745239891092 0.09693066030740738 172
1745239891492 0.0943831205368042 173
1745239891893 0.10009749978780746 174
1745239892301 0.10307878255844116 175
1745239892702 0.10079248994588852 176
1745239893103 0.10362853854894638 177
1745239893499 0.10338448733091354 178
1745239893898 0.10218662023544312 179
1745239894299 0.10317293554544449 180
1745239894699 0.10862334817647934 181
1745239894991 0.10136086493730545 182
1745239899926 0.10218977928161621 183
1745239900317 0.0945284515619278 184
1745239900713 0.10685721784830093 185
1745239901105 0.10658930987119675 186
1745239901499 0.10036619752645493 187
1745239901892 0.09899645298719406 188
1745239902287 0.10536277294158936 189
1745239902681 0.09855282306671143 190
1745239903087 0.1012151837348938 191
1745239903480 0.10124756395816803 192
1745239903871 0.09580928087234497 193
1745239904263 0.1069309413433075 194
1745239904656 0.10449608415365219 195
1745239905047 0.10919685661792755 196
1745239905435 0.10871702432632446 197
1745239905828 0.10545685142278671 198
1745239906230 0.10539350658655167 199
1745239906620 0.0976347029209137 200
1745239907011 0.1021064966917038 201
1745239907402 0.10312569886445999 202
1745239907807 0.10189162939786911 203
1745239908198 0.10318997502326965 204
1745239908587 0.10416080802679062 205
1745239908977 0.09475863724946976 206
1745239909370 0.08886655420064926 207
1745239909772 0.09560772776603699 208
1745239910165 0.1016443520784378 209
1745239910555 0.09277168661355972 210
1745239910943 0.09499507397413254 211
1745239911331 0.09991578012704849 212
1745239911719 0.09718778729438782 213
1745239912102 0.09832040220499039 214
1745239912488 0.0991773009300232 215
1745239912879 0.10867360234260559 216
1745239913280 0.10000000149011612 217
1745239913666 0.09706593304872513 218
1745239914060 0.10242468863725662 219
1745239914448 0.09699662029743195 220
1745239914836 0.10881288349628448 221
1745239915225 0.10417473316192627 222
1745239915612 0.10053448379039764 223
1745239916001 0.1067918911576271 224
1745239916398 0.11119750887155533 225
1745239916787 0.10335396230220795 226
1745239917177 0.10644838958978653 227
1745239917561 0.10182571411132812 228
1745239917948 0.11127098649740219 229
1745239918332 0.11061566323041916 230
1745239918718 0.11200536787509918 231
1745239919106 0.1122092604637146 232
1745239919513 0.10978328436613083 233
1745239919897 0.11625752598047256 234
1745239920288 0.11358490586280823 235
1745239920678 0.11371415108442307 236
1745239921066 0.11142857372760773 237
1745239921451 0.11573399603366852 238
1745239921837 0.10927490144968033 239
1745239922223 0.1044989600777626 240
1745239922609 0.10759018361568451 241
1745239922993 0.11306553333997726 242
1745239923280 0.11964006721973419 243
1745239928025 0.1205410435795784 244
1745239928410 0.11466475576162338 245
1745239928795 0.11947200447320938 246
1745239929183 0.11469002813100815 247
1745239929568 0.11381709575653076 248
1745239929953 0.1114950031042099 249
1745239930351 0.1176421120762825 250
1745239930736 0.11793424189090729 251
1745239931120 0.12182661145925522 252
1745239931507 0.1232045590877533 253
1745239931893 0.1209658682346344 254
1745239932278 0.11865006387233734 255
1745239932666 0.11894502490758896 256
1745239933052 0.1191018745303154 257
1745239933448 0.12093770503997803 258
1745239933835 0.12033642083406448 259
1745239934222 0.10814790427684784 260
1745239934607 0.11747486144304276 261
1745239934992 0.10474122315645218 262
1745239935376 0.11140377074480057 263
1745239935760 0.0903007909655571 264
1745239936144 0.09553735703229904 265
1745239936534 0.10119324177503586 266
1745239936920 0.1193685382604599 267
1745239937316 0.099472276866436 268
1745239937701 0.09821945428848267 269
1745239938087 0.09732506424188614 270
1745239938472 0.11613040417432785 271
1745239938857 0.12019198387861252 272
1745239939242 0.11178764700889587 273
1745239939627 0.12480263411998749 274
1745239940013 0.11941011250019073 275
1745239940410 0.12195439636707306 276
1745239940795 0.11661641299724579 277
1745239941178 0.11585742980241776 278
1745239941561 0.12092747539281845 279
1745239941945 0.11446765810251236 280
1745239942331 0.11992882192134857 281
1745239942716 0.1143125593662262 282
1745239943103 0.11316830664873123 283
1745239943503 0.11808217316865921 284
1745239943888 0.10771133005619049 285
1745239944276 0.1261301189661026 286
1745239944662 0.1210782453417778 287
1745239945047 0.11155737191438675 288
1745239945433 0.11608412861824036 289
1745239945820 0.11484356224536896 290
1745239946206 0.11559449881315231 291
1745239946602 0.10873786360025406 292
1745239946990 0.11475896835327148 293
1745239947376 0.1202063038945198 294
1745239947761 0.12053658068180084 295
1745239948147 0.11858928203582764 296
1745239948534 0.11891165375709534 297
1745239948921 0.12591569125652313 298
1745239949308 0.12023735046386719 299
1745239949696 0.11508777737617493 300
1745239950086 0.11257606744766235 301
1745239950487 0.12212219834327698 302
1745239950876 0.12012370675802231 303
1745239951162 0.11225226521492004 304
1745239955936 0.12064383924007416 305
1745239956323 0.12888488173484802 306
1745239956710 0.13158446550369263 307
1745239957098 0.11895551532506943 308
1745239957495 0.11234648525714874 309
1745239957883 0.11997301131486893 310
1745239958273 0.12126661092042923 311
1745239958660 0.12062495946884155 312
1745239959050 0.12779515981674194 313
1745239959440 0.1289597600698471 314
1745239959831 0.12858419120311737 315
1745239960221 0.12922967970371246 316
1745239960614 0.12737038731575012 317
1745239961004 0.12193196266889572 318
1745239961396 0.12209612131118774 319
1745239961783 0.12349474430084229 320
1745239962170 0.12735293805599213 321
1745239962561 0.1293194442987442 322
1745239962952 0.1214134693145752 323
1745239963342 0.134577676653862 324
1745239963732 0.11727079004049301 325
1745239964122 0.12586818635463715 326
1745239964527 0.11923130601644516 327
1745239964918 0.1257891058921814 328
1745239965307 0.12082089483737946 329
1745239965697 0.11673060059547424 330
1745239966088 0.13271014392375946 331
1745239966479 0.12899883091449738 332
1745239966871 0.1300172060728073 333
1745239967262 0.133180633187294 334
1745239967663 0.13066554069519043 335
1745239968053 0.12716874480247498 336
1745239968445 0.1288330852985382 337
1745239968835 0.13526605069637299 338
1745239969227 0.13517546653747559 339
1745239969620 0.13512209057807922 340
1745239970009 0.12951284646987915 341
1745239970398 0.1336846798658371 342
1745239970803 0.13911905884742737 343
1745239971190 0.13388469815254211 344
1745239971581 0.1330285370349884 345
1745239971971 0.12795408070087433 346
1745239972363 0.12990538775920868 347
1745239972757 0.12649808824062347 348
1745239973149 0.13569322228431702 349
1745239973540 0.13233496248722076 350
1745239973931 0.13202933967113495 351
1745239974332 0.13235294818878174 352
1745239974725 0.1323452889919281 353
1745239975119 0.12821047008037567 354
1745239975515 0.13464723527431488 355
1745239975906 0.13343645632266998 356
1745239976302 0.13843415677547455 357
1745239976695 0.13064049184322357 358
1745239977085 0.13645252585411072 359
1745239977476 0.13637016713619232 360
1745239977874 0.12373604625463486 361
1745239978266 0.13189169764518738 362
1745239978661 0.13690970838069916 363
1745239979052 0.12993192672729492 364
1745239979340 0.13977643847465515 365
1745239984189 0.1420646756887436 366
1745239984581 0.128893181681633 367
1745239984972 0.1247168779373169 368
1745239985374 0.12526731193065643 369
1745239985765 0.13190391659736633 370
1745239986156 0.12394723296165466 371
1745239986544 0.11652505397796631 372
1745239986938 0.13598106801509857 373
1745239987329 0.12763457000255585 374
1745239987721 0.13679760694503784 375
1745239988110 0.13614782691001892 376
1745239988505 0.13033996522426605 377
1745239988900 0.12728282809257507 378
1745239989292 0.1309744119644165 379
1745239989684 0.12677106261253357 380
1745239990075 0.13248446583747864 381
1745239990468 0.13028405606746674 382
1745239990864 0.13285447657108307 383
1745239991254 0.1347907930612564 384
1745239991646 0.13445007801055908 385
1745239992041 0.13672687113285065 386
1745239992433 0.13882113993167877 387
1745239992825 0.13889434933662415 388
1745239993215 0.13570506870746613 389
1745239993603 0.13894402980804443 390
1745239993993 0.12748466432094574 391
1745239994381 0.1379026174545288 392
1745239994772 0.13314712047576904 393
1745239995162 0.1267009824514389 394
1745239995555 0.1310867965221405 395
1745239995943 0.1316843330860138 396
1745239996333 0.1338125467300415 397
1745239996723 0.1313689798116684 398
1745239997110 0.13148713111877441 399
1745239997497 0.12657058238983154 400
1745239997887 0.1350189745426178 401
1745239998276 0.13704630732536316 402
1745239998678 0.1381574273109436 403
1745239999066 0.13928571343421936 404
1745239999458 0.14399610459804535 405
1745239999847 0.13886210322380066 406
1745240000234 0.138886496424675 407
1745240000622 0.14539816975593567 408
1745240001013 0.1355234533548355 409
1745240001400 0.13993671536445618 410
1745240001788 0.14572469890117645 411
1745240002186 0.13857200741767883 412
1745240002575 0.13879598677158356 413
1745240002965 0.15022020041942596 414
1745240003353 0.13898468017578125 415
1745240003742 0.13977602124214172 416
1745240004129 0.13515862822532654 417
1745240004517 0.1427634209394455 418
1745240004905 0.15523162484169006 419
1745240005294 0.14318810403347015 420
1745240005684 0.13749219477176666 421
1745240006071 0.1515370011329651 422
1745240006460 0.1433984488248825 423
1745240006847 0.15019245445728302 424
1745240007235 0.15080128610134125 425
1745240007522 0.15210843086242676 426
1745240012300 0.15626876056194305 427
1745240012698 0.14825929701328278 428
1745240013087 0.15281638503074646 429
1745240013476 0.15679113566875458 430
1745240013865 0.15094220638275146 431
1745240014253 0.15098869800567627 432
1745240014646 0.147609144449234 433
1745240015040 0.14969347417354584 434
1745240015431 0.1479802429676056 435
1745240015819 0.14769911766052246 436
1745240016219 0.16647273302078247 437
1745240016607 0.15407586097717285 438
1745240016993 0.16281241178512573 439
1745240017380 0.163839191198349 440
1745240017767 0.15590892732143402 441
1745240018156 0.15888671576976776 442
1745240018542 0.15230692923069 443
1745240018930 0.15369866788387299 444
1745240019319 0.15768679976463318 445
1745240019716 0.149952694773674 446
1745240020103 0.14847610890865326 447
1745240020490 0.14033912122249603 448
1745240020879 0.14519411325454712 449
1745240021268 0.15039119124412537 450
1745240021654 0.14533492922782898 451
1745240022043 0.15232685208320618 452
1745240022428 0.15513035655021667 453
1745240022826 0.15081864595413208 454
1745240023213 0.1426112949848175 455
1745240023601 0.14562463760375977 456
1745240023988 0.14503994584083557 457
1745240024377 0.1339159607887268 458
1745240024768 0.14823593199253082 459
1745240025156 0.14827273786067963 460
1745240025546 0.1560860425233841 461
1745240025942 0.13885465264320374 462
1745240026330 0.14172396063804626 463
1745240026718 0.15639925003051758 464
1745240027105 0.15546664595603943 465
1745240027491 0.15472757816314697 466
1745240027878 0.16445182263851166 467
1745240028265 0.15427862107753754 468
1745240028653 0.1683928519487381 469
1745240029041 0.15534618496894836 470
1745240029430 0.15695427358150482 471
1745240029830 0.15837563574314117 472
1745240030216 0.1594701111316681 473
1745240030604 0.16062624752521515 474
1745240030990 0.1598062962293625 475
1745240031375 0.1581210196018219 476
1745240031764 0.16506877541542053 477
1745240032150 0.16231819987297058 478
1745240032538 0.15218999981880188 479
1745240032932 0.16492071747779846 480
1745240033320 0.1689828336238861 481
1745240033708 0.1621030867099762 482
1745240034095 0.16181349754333496 483
1745240034481 0.157070592045784 484
1745240034870 0.15735051035881042 485
1745240035257 0.1625097095966339 486
1745240035544 0.1603025496006012 487
1745240040341 0.1627589464187622 488
1745240040729 0.17100480198860168 489
1745240041120 0.15582039952278137 490
1745240041512 0.1589203178882599 491
1745240041902 0.15908782184123993 492
1745240042294 0.16722936928272247 493
1745240042681 0.15982843935489655 494
1745240043070 0.16123566031455994 495
1745240043458 0.15938793122768402 496
1745240043859 0.15975619852542877 497
1745240044249 0.16374710202217102 498
1745240044637 0.16548797488212585 499
1745240045025 0.16113917529582977 500
1745240045414 0.1667347103357315 501
1745240045804 0.15728245675563812 502
1745240046192 0.15409332513809204 503
1745240046579 0.1662331372499466 504
1745240046981 0.16485704481601715 505
1745240047369 0.16358208656311035 506
1745240047757 0.16391675174236298 507
1745240048146 0.16353799402713776 508
1745240048533 0.16249790787696838 509
1745240048921 0.14577321708202362 510
1745240049311 0.15686562657356262 511
1745240049700 0.15359175205230713 512
1745240050104 0.16342540085315704 513
1745240050490 0.16409946978092194 514
1745240050878 0.16489571332931519 515
1745240051266 0.17444191873073578 516
1745240051651 0.16379974782466888 517
1745240052040 0.15911099314689636 518
1745240052432 0.16629557311534882 519
1745240052821 0.16479232907295227 520
1745240053210 0.1618575006723404 521
1745240053612 0.15202921628952026 522
1745240054000 0.1552809327840805 523
1745240054389 0.16932477056980133 524
1745240054781 0.15902754664421082 525
1745240055172 0.16152897477149963 526
1745240055563 0.17309533059597015 527
1745240055952 0.15201367437839508 528
1745240056341 0.1439967006444931 529
1745240056731 0.15150094032287598 530
1745240057134 0.13821625709533691 531
1745240057523 0.14956152439117432 532
1745240057916 0.1444862186908722 533
1745240058306 0.16376720368862152 534
1745240058695 0.1534339338541031 535
1745240059083 0.16495272517204285 536
1745240059469 0.1582907885313034 537
1745240059856 0.1581307053565979 538
1745240060258 0.16767650842666626 539
1745240060648 0.16094627976417542 540
1745240061038 0.17249959707260132 541
1745240061426 0.16859644651412964 542
1745240061817 0.16763480007648468 543
1745240062208 0.16479642689228058 544
1745240062599 0.18081772327423096 545
1745240062988 0.16707223653793335 546
1745240063386 0.17033739387989044 547
1745240063671 0.173994779586792 548
1745240068508 0.1618642956018448 549
1745240068897 0.16014955937862396 550
1745240069285 0.17477834224700928 551
1745240069671 0.17534126341342926 552
1745240070060 0.16568145155906677 553
1745240070450 0.16675317287445068 554
1745240070849 0.1662328839302063 555
1745240071241 0.1680363267660141 556
1745240071629 0.1785399466753006 557
1745240072019 0.15886472165584564 558
1745240072409 0.166751429438591 559
1745240072798 0.17028933763504028 560
1745240073188 0.1601708084344864 561
1745240073575 0.17530111968517303 562
1745240073978 0.17759527266025543 563
1745240074365 0.16988897323608398 564
1745240074754 0.1748664379119873 565
1745240075143 0.17461885511875153 566
1745240075531 0.16309291124343872 567
1745240075923 0.16809627413749695 568
1745240076308 0.1622491329908371 569
1745240076697 0.1678342968225479 570
1745240077098 0.17111314833164215 571
1745240077487 0.17839691042900085 572
1745240077877 0.16416409611701965 573
1745240078265 0.16868790984153748 574
1745240078656 0.17079028487205505 575
1745240079049 0.17047569155693054 576
1745240079437 0.17072278261184692 577
1745240079825 0.18109703063964844 578
1745240080214 0.16580422222614288 579
1745240080623 0.17417185008525848 580
1745240081012 0.18989774584770203 581
1745240081402 0.17669229209423065 582
1745240081790 0.1751050502061844 583
1745240082179 0.17481717467308044 584
1745240082566 0.17243549227714539 585
1745240082957 0.176466703414917 586
1745240083347 0.17118588089942932 587
1745240083737 0.162568598985672 588
1745240084136 0.16713634133338928 589
1745240084523 0.17551356554031372 590
1745240084913 0.17466866970062256 591
1745240085300 0.1790277510881424 592
1745240085690 0.18350179493427277 593
1745240086080 0.17225153744220734 594
1745240086468 0.17745748162269592 595
1745240086856 0.17349357903003693 596
1745240087253 0.1747758388519287 597
1745240087643 0.18084849417209625 598
1745240088032 0.18372148275375366 599
1745240088420 0.18244485557079315 600
1745240088811 0.16736961901187897 601
1745240089200 0.17310871183872223 602
1745240089588 0.16574355959892273 603
1745240089975 0.18000943958759308 604
1745240090363 0.1701999306678772 605
1745240090750 0.18426357209682465 606
1745240091141 0.17095105350017548 607
1745240091531 0.17548541724681854 608
1745240091820 0.17461395263671875 609
