1745239817087 9.358838081359863 0
1745239817453 8.533443450927734 1
1745239817816 7.266726016998291 2
1745239818187 6.657127857208252 3
1745239818555 6.394634246826172 4
1745239818921 6.346045970916748 5
1745239819285 6.423005104064941 6
1745239819650 6.6114115715026855 7
1745239820015 6.506724834442139 8
1745239820392 6.407797336578369 9
1745239820757 6.367189407348633 10
1745239821123 6.328385829925537 11
1745239821488 6.299405097961426 12
1745239821852 6.346468925476074 13
1745239822216 6.33935546875 14
1745239822573 6.260354995727539 15
1745239822944 6.258944988250732 16
1745239823325 6.190157890319824 17
1745239823690 6.101290225982666 18
1745239824057 6.172269344329834 19
1745239824423 6.157001972198486 20
1745239824795 6.655457019805908 21
1745239825166 6.375757694244385 22
1745239825537 6.187556743621826 23
1745239825908 6.138803958892822 24
1745239826293 6.105190277099609 25
1745239826664 6.192903518676758 26
1745239827034 6.193607330322266 27
1745239827400 6.231413841247559 28
1745239827768 6.122683048248291 29
1745239828136 6.140566825866699 30
1745239828504 6.101474761962891 31
1745239828856 6.128183364868164 32
1745239829228 6.104579448699951 33
1745239829614 6.145667552947998 34
1745239829985 6.1292595863342285 35
1745239830354 6.114465713500977 36
1745239830726 6.159422874450684 37
1745239831097 6.176517009735107 38
1745239831469 6.1210150718688965 39
1745239831838 6.119623184204102 40
1745239832207 6.160257816314697 41
1745239832575 6.182480812072754 42
1745239832948 6.129600524902344 43
1745239833315 6.142527103424072 44
1745239833685 6.193089485168457 45
1745239834054 5.984492301940918 46
1745239834422 6.098721981048584 47
1745239834793 6.154262065887451 48
1745239835164 6.104515075683594 49
1745239835534 6.04854679107666 50
1745239835920 6.152248382568359 51
1745239836288 6.10848331451416 52
1745239836662 6.086508750915527 53
1745239837035 6.091518878936768 54
1745239837405 6.097527980804443 55
1745239837778 6.006716251373291 56
1745239838151 6.14275598526001 57
1745239838524 6.068942546844482 58
1745239838910 6.119609355926514 59
1745239839186 6.123031139373779 60
1745239843736 6.006044864654541 61
1745239844113 6.080161094665527 62
1745239844491 6.045146942138672 63
1745239844867 6.045793056488037 64
1745239845240 6.053457736968994 65
1745239845616 6.025214195251465 66
1745239846005 6.036532402038574 67
1745239846381 6.014788627624512 68
1745239846756 6.022642612457275 69
1745239847133 6.0212626457214355 70
1745239847504 6.002396106719971 71
1745239847882 5.971333026885986 72
1745239848260 6.02056884765625 73
1745239848638 6.079610824584961 74
1745239849022 6.083016872406006 75
1745239849402 5.978740692138672 76
1745239849777 6.003357887268066 77
1745239850155 5.9663519859313965 78
1745239850533 5.998008728027344 79
1745239850909 6.060243606567383 80
1745239851290 6.014895915985107 81
1745239851668 6.015251159667969 82
1745239852057 5.960468769073486 83
1745239852438 6.049587726593018 84
1745239852817 6.004237174987793 85
1745239853196 6.037724494934082 86
1745239853576 6.007205009460449 87
1745239853956 6.001218795776367 88
1745239854332 5.963700771331787 89
1745239854713 5.972165584564209 90
1745239855104 5.967080116271973 91
1745239855484 5.9262776374816895 92
1745239855864 5.920014381408691 93
1745239856245 5.993778705596924 94
1745239856619 5.9948410987854 95
1745239857001 5.998311996459961 96
1745239857380 5.935425758361816 97
1745239857761 5.954471588134766 98
1745239858148 5.944685459136963 99
1745239858530 6.000014305114746 100
1745239858912 5.877380847930908 101
1745239859294 5.9021124839782715 102
1745239859677 5.9988555908203125 103
1745239860059 5.9145426750183105 104
1745239860440 5.9531683921813965 105
1745239860822 5.934306621551514 106
1745239861205 5.87061071395874 107
1745239861589 5.874994277954102 108
1745239861980 5.897574424743652 109
1745239862362 5.96605920791626 110
1745239862748 5.902484893798828 111
1745239863132 5.911747932434082 112
1745239863501 5.862301349639893 113
1745239863890 5.937596797943115 114
1745239864273 5.913362979888916 115
1745239864657 5.930603981018066 116
1745239865058 5.873384952545166 117
1745239865445 5.933911323547363 118
1745239865831 5.933684349060059 119
1745239866218 5.926684856414795 120
1745239866503 5.988961219787598 121
1745239871258 5.911639213562012 122
1745239871648 5.905698299407959 123
1745239872054 5.8850932121276855 124
1745239872443 5.87112283706665 125
1745239872832 5.860910892486572 126
1745239873221 5.8702287673950195 127
1745239873613 5.960330963134766 128
1745239874005 5.868899822235107 129
1745239874398 5.887709140777588 130
1745239874790 5.835720062255859 131
1745239875189 5.914559841156006 132
1745239875579 5.8437042236328125 133
1745239875972 5.8377580642700195 134
1745239876366 5.855265140533447 135
1745239876759 5.918856620788574 136
1745239877149 5.866786003112793 137
1745239877545 5.85302734375 138
1745239877939 5.914565086364746 139
1745239878335 5.9022016525268555 140
1745239878730 5.84699821472168 141
1745239879123 5.9258646965026855 142
1745239879517 5.9314446449279785 143
1745239879913 5.894041538238525 144
1745239880308 5.927547931671143 145
1745239880705 5.903179168701172 146
1745239881090 5.911197662353516 147
1745239881484 5.898207664489746 148
1745239881896 5.847523212432861 149
1745239882291 5.892573833465576 150
1745239882689 5.9401021003723145 151
1745239883086 5.8643574714660645 152
1745239883485 5.89216423034668 153
1745239883882 5.914419651031494 154
1745239884285 5.927968502044678 155
1745239884684 5.83507776260376 156
1745239885085 5.911756992340088 157
1745239885481 5.857986927032471 158
1745239885881 5.941310882568359 159
1745239886283 5.866728782653809 160
1745239886682 5.93586540222168 161
1745239887083 5.86427640914917 162
1745239887483 5.883147716522217 163
1745239887881 5.805850505828857 164
1745239888282 5.888786792755127 165
1745239888681 5.859482765197754 166
1745239889092 5.810943126678467 167
1745239889493 5.896106243133545 168
1745239889893 5.820866107940674 169
1745239890294 5.820972442626953 170
1745239890695 5.84205961227417 171
1745239891092 5.824674129486084 172
1745239891492 5.859035968780518 173
1745239891893 5.761355876922607 174
1745239892301 5.819115161895752 175
1745239892702 5.775654315948486 176
1745239893103 5.8072333335876465 177
1745239893499 5.7915496826171875 178
1745239893898 5.825324058532715 179
1745239894299 5.755417346954346 180
1745239894699 5.811302185058594 181
1745239894991 5.848083019256592 182
1745239899926 5.768985748291016 183
1745239900317 5.820430278778076 184
1745239900713 5.8097124099731445 185
1745239901105 5.731423377990723 186
1745239901499 5.735126495361328 187
1745239901892 5.799674987792969 188
1745239902287 5.75689697265625 189
1745239902681 5.8047099113464355 190
1745239903087 5.766092777252197 191
1745239903480 5.765125751495361 192
1745239903871 5.846336841583252 193
1745239904263 5.76713228225708 194
1745239904656 5.727137088775635 195
1745239905047 5.747724533081055 196
1745239905435 5.694065093994141 197
1745239905828 5.751041412353516 198
1745239906230 5.738283634185791 199
1745239906620 5.799292087554932 200
1745239907011 5.7314982414245605 201
1745239907402 5.678709506988525 202
1745239907807 5.69416618347168 203
1745239908198 5.7359724044799805 204
1745239908587 5.737085342407227 205
1745239908977 5.791388988494873 206
1745239909370 5.842243671417236 207
1745239909772 5.8094706535339355 208
1745239910165 5.808344841003418 209
1745239910555 5.813231945037842 210
1745239910943 5.786779880523682 211
1745239911331 5.763744354248047 212
1745239911719 5.735354423522949 213
1745239912102 5.770875930786133 214
1745239912488 5.744420051574707 215
1745239912879 5.78510856628418 216
1745239913280 5.7529778480529785 217
1745239913666 5.816800594329834 218
1745239914060 5.778889179229736 219
1745239914448 5.800437927246094 220
1745239914836 5.688095569610596 221
1745239915225 5.728753566741943 222
1745239915612 5.74405574798584 223
1745239916001 5.691470623016357 224
1745239916398 5.745107650756836 225
1745239916787 5.736538887023926 226
1745239917177 5.723066806793213 227
1745239917561 5.715108871459961 228
1745239917948 5.6903977394104 229
1745239918332 5.755859851837158 230
1745239918718 5.665631294250488 231
1745239919106 5.633530139923096 232
1745239919513 5.700082302093506 233
1745239919897 5.563188076019287 234
1745239920288 5.6697564125061035 235
1745239920678 5.697936534881592 236
1745239921066 5.6980814933776855 237
1745239921451 5.6803202629089355 238
1745239921837 5.72503662109375 239
1745239922223 5.684971809387207 240
1745239922609 5.676106929779053 241
1745239922993 5.66650390625 242
1745239923280 5.592370986938477 243
1745239928025 5.602416515350342 244
1745239928410 5.660699367523193 245
1745239928795 5.6083478927612305 246
1745239929183 5.679340362548828 247
1745239929568 5.722390174865723 248
1745239929953 5.689243316650391 249
1745239930351 5.559859275817871 250
1745239930736 5.607762813568115 251
1745239931120 5.515781402587891 252
1745239931507 5.656183242797852 253
1745239931893 5.565044403076172 254
1745239932278 5.545052528381348 255
1745239932666 5.649781703948975 256
1745239933052 5.628922939300537 257
1745239933448 5.633821964263916 258
1745239933835 5.680355072021484 259
1745239934222 5.733896732330322 260
1745239934607 5.6259846687316895 261
1745239934992 5.785775661468506 262
1745239935376 5.7965989112854 263
1745239935760 5.881458759307861 264
1745239936144 5.737631797790527 265
1745239936534 5.75099515914917 266
1745239936920 5.672924995422363 267
1745239937316 5.730637550354004 268
1745239937701 5.716879367828369 269
1745239938087 5.677815914154053 270
1745239938472 5.719706058502197 271
1745239938857 5.705989837646484 272
1745239939242 5.69907808303833 273
1745239939627 5.646864891052246 274
1745239940013 5.656645774841309 275
1745239940410 5.600726127624512 276
1745239940795 5.617473125457764 277
1745239941178 5.595840930938721 278
1745239941561 5.620721817016602 279
1745239941945 5.729942321777344 280
1745239942331 5.6756510734558105 281
1745239942716 5.628506183624268 282
1745239943103 5.631214618682861 283
1745239943503 5.556869983673096 284
1745239943888 5.63084077835083 285
1745239944276 5.575497627258301 286
1745239944662 5.641006946563721 287
1745239945047 5.6545891761779785 288
1745239945433 5.6973958015441895 289
1745239945820 5.648168563842773 290
1745239946206 5.580857753753662 291
1745239946602 5.6164703369140625 292
1745239946990 5.567376613616943 293
1745239947376 5.6306471824646 294
1745239947761 5.615080833435059 295
1745239948147 5.583691120147705 296
1745239948534 5.608198165893555 297
1745239948921 5.525184154510498 298
1745239949308 5.591439247131348 299
1745239949696 5.622402667999268 300
1745239950086 5.560673713684082 301
1745239950487 5.577479839324951 302
1745239950876 5.575762748718262 303
1745239951162 5.619628429412842 304
1745239955936 5.534068584442139 305
1745239956323 5.507297992706299 306
1745239956710 5.50352668762207 307
1745239957098 5.557557582855225 308
1745239957495 5.54218053817749 309
1745239957883 5.56931209564209 310
1745239958273 5.554791450500488 311
1745239958660 5.647148132324219 312
1745239959050 5.550369739532471 313
1745239959440 5.52422571182251 314
1745239959831 5.484240531921387 315
1745239960221 5.472946643829346 316
1745239960614 5.551946640014648 317
1745239961004 5.516024112701416 318
1745239961396 5.554029941558838 319
1745239961783 5.54271936416626 320
1745239962170 5.519368648529053 321
1745239962561 5.514047145843506 322
1745239962952 5.613145351409912 323
1745239963342 5.500346660614014 324
1745239963732 5.497999668121338 325
1745239964122 5.580916881561279 326
1745239964527 5.565372467041016 327
1745239964918 5.5253095626831055 328
1745239965307 5.513851642608643 329
1745239965697 5.550131320953369 330
1745239966088 5.531985282897949 331
1745239966479 5.548637866973877 332
1745239966871 5.475564002990723 333
1745239967262 5.550002098083496 334
1745239967663 5.533570289611816 335
1745239968053 5.507699966430664 336
1745239968445 5.500097751617432 337
1745239968835 5.476993083953857 338
1745239969227 5.512810230255127 339
1745239969620 5.517164707183838 340
1745239970009 5.524705410003662 341
1745239970398 5.431355953216553 342
1745239970803 5.489525318145752 343
1745239971190 5.522450923919678 344
1745239971581 5.395328521728516 345
1745239971971 5.537827968597412 346
1745239972363 5.548849582672119 347
1745239972757 5.529086112976074 348
1745239973149 5.492633819580078 349
1745239973540 5.517677307128906 350
1745239973931 5.4644975662231445 351
1745239974332 5.443777561187744 352
1745239974725 5.442256450653076 353
1745239975119 5.5544047355651855 354
1745239975515 5.561663627624512 355
1745239975906 5.469233989715576 356
1745239976302 5.450598239898682 357
1745239976695 5.503526210784912 358
1745239977085 5.467535495758057 359
1745239977476 5.485080718994141 360
1745239977874 5.591756343841553 361
1745239978266 5.494563102722168 362
1745239978661 5.486761569976807 363
1745239979052 5.557287693023682 364
1745239979340 5.520122528076172 365
1745239984189 5.449655532836914 366
1745239984581 5.512765884399414 367
1745239984972 5.52988338470459 368
1745239985374 5.482722282409668 369
1745239985765 5.506013870239258 370
1745239986156 5.448941230773926 371
1745239986544 5.595887184143066 372
1745239986938 5.469879627227783 373
1745239987329 5.51614236831665 374
1745239987721 5.515163421630859 375
1745239988110 5.4660844802856445 376
1745239988505 5.515467643737793 377
1745239988900 5.501402378082275 378
1745239989292 5.529269695281982 379
1745239989684 5.552079677581787 380
1745239990075 5.55028772354126 381
1745239990468 5.502758502960205 382
1745239990864 5.471848964691162 383
1745239991254 5.435654163360596 384
1745239991646 5.501603126525879 385
1745239992041 5.561663627624512 386
1745239992433 5.508573532104492 387
1745239992825 5.532238006591797 388
1745239993215 5.486424446105957 389
1745239993603 5.47883415222168 390
1745239993993 5.524803638458252 391
1745239994381 5.567546844482422 392
1745239994772 5.486739635467529 393
1745239995162 5.519523620605469 394
1745239995555 5.505223274230957 395
1745239995943 5.5062432289123535 396
1745239996333 5.517888069152832 397
1745239996723 5.435449123382568 398
1745239997110 5.524868488311768 399
1745239997497 5.555758953094482 400
1745239997887 5.5013227462768555 401
1745239998276 5.498852729797363 402
1745239998678 5.496122360229492 403
1745239999066 5.443798542022705 404
1745239999458 5.4476728439331055 405
1745239999847 5.457791328430176 406
1745240000234 5.443110466003418 407
1745240000622 5.457273006439209 408
1745240001013 5.421467304229736 409
1745240001400 5.412916660308838 410
1745240001788 5.476014137268066 411
1745240002186 5.405965805053711 412
1745240002575 5.437638282775879 413
1745240002965 5.4520368576049805 414
1745240003353 5.463739395141602 415
1745240003742 5.464352607727051 416
1745240004129 5.4558539390563965 417
1745240004517 5.446186065673828 418
1745240004905 5.4222540855407715 419
1745240005294 5.475819110870361 420
1745240005684 5.416645050048828 421
1745240006071 5.318060874938965 422
1745240006460 5.418083667755127 423
1745240006847 5.461713790893555 424
1745240007235 5.398924350738525 425
1745240007522 5.378039360046387 426
1745240012300 5.333230972290039 427
1745240012698 5.419990539550781 428
1745240013087 5.325878620147705 429
1745240013476 5.357697010040283 430
1745240013865 5.37457799911499 431
1745240014253 5.398260593414307 432
1745240014646 5.344424247741699 433
1745240015040 5.3239006996154785 434
1745240015431 5.371253490447998 435
1745240015819 5.3077287673950195 436
1745240016219 5.301816940307617 437
1745240016607 5.284657001495361 438
1745240016993 5.296648979187012 439
1745240017380 5.298298358917236 440
1745240017767 5.321882247924805 441
1745240018156 5.343966007232666 442
1745240018542 5.336733341217041 443
1745240018930 5.268371105194092 444
1745240019319 5.358224391937256 445
1745240019716 5.296510219573975 446
1745240020103 5.388195037841797 447
1745240020490 5.445789813995361 448
1745240020879 5.336585998535156 449
1745240021268 5.351744174957275 450
1745240021654 5.4189252853393555 451
1745240022043 5.357831001281738 452
1745240022428 5.300164699554443 453
1745240022826 5.369873046875 454
1745240023213 5.400979042053223 455
1745240023601 5.4502434730529785 456
1745240023988 5.454037189483643 457
1745240024377 5.39965295791626 458
1745240024768 5.401372909545898 459
1745240025156 5.423939228057861 460
1745240025546 5.369596481323242 461
1745240025942 5.38519287109375 462
1745240026330 5.409029960632324 463
1745240026718 5.3461222648620605 464
1745240027105 5.360490798950195 465
1745240027491 5.414695739746094 466
1745240027878 5.316469192504883 467
1745240028265 5.285801887512207 468
1745240028653 5.261775016784668 469
1745240029041 5.289767265319824 470
1745240029430 5.363917827606201 471
1745240029830 5.29883337020874 472
1745240030216 5.351438999176025 473
1745240030604 5.355292797088623 474
1745240030990 5.268340587615967 475
1745240031375 5.268230438232422 476
1745240031764 5.237071514129639 477
1745240032150 5.328825950622559 478
1745240032538 5.3596014976501465 479
1745240032932 5.3000335693359375 480
1745240033320 5.268071174621582 481
1745240033708 5.290745258331299 482
1745240034095 5.197844505310059 483
1745240034481 5.318990230560303 484
1745240034870 5.306872367858887 485
1745240035257 5.263863563537598 486
1745240035544 5.245830535888672 487
1745240040341 5.239032745361328 488
1745240040729 5.214842796325684 489
1745240041120 5.2461981773376465 490
1745240041512 5.25844144821167 491
1745240041902 5.291686534881592 492
1745240042294 5.2022199630737305 493
1745240042681 5.285287380218506 494
1745240043070 5.2806620597839355 495
1745240043458 5.215547561645508 496
1745240043859 5.188251495361328 497
1745240044249 5.190074920654297 498
1745240044637 5.151462554931641 499
1745240045025 5.282058238983154 500
1745240045414 5.233383655548096 501
1745240045804 5.35854434967041 502
1745240046192 5.290217876434326 503
1745240046579 5.233187675476074 504
1745240046981 5.2436676025390625 505
1745240047369 5.219849109649658 506
1745240047757 5.259158611297607 507
1745240048146 5.179811954498291 508
1745240048533 5.232344627380371 509
1745240048921 5.290013790130615 510
1745240049311 5.320924282073975 511
1745240049700 5.320083141326904 512
1745240050104 5.219849586486816 513
1745240050490 5.325305938720703 514
1745240050878 5.220256328582764 515
1745240051266 5.254136562347412 516
1745240051651 5.217574119567871 517
1745240052040 5.240269184112549 518
1745240052432 5.243175983428955 519
1745240052821 5.298013210296631 520
1745240053210 5.232512474060059 521
1745240053612 5.240287780761719 522
1745240054000 5.363039970397949 523
1745240054389 5.256438732147217 524
1745240054781 5.302470684051514 525
1745240055172 5.281454086303711 526
1745240055563 5.295432090759277 527
1745240055952 5.285938262939453 528
1745240056341 5.3734893798828125 529
1745240056731 5.354701042175293 530
1745240057134 5.39605712890625 531
1745240057523 5.335959434509277 532
1745240057916 5.343136310577393 533
1745240058306 5.336755752563477 534
1745240058695 5.332810401916504 535
1745240059083 5.294590950012207 536
1745240059469 5.226998805999756 537
1745240059856 5.3140549659729 538
1745240060258 5.300295352935791 539
1745240060648 5.273832321166992 540
1745240061038 5.212035179138184 541
1745240061426 5.2401442527771 542
1745240061817 5.203104019165039 543
1745240062208 5.246847629547119 544
1745240062599 5.133754253387451 545
1745240062988 5.185340404510498 546
1745240063386 5.19742488861084 547
1745240063671 5.223598957061768 548
1745240068508 5.224902629852295 549
1745240068897 5.196279525756836 550
1745240069285 5.18556022644043 551
1745240069671 5.150720596313477 552
1745240070060 5.188774585723877 553
1745240070450 5.165342807769775 554
1745240070849 5.122490882873535 555
1745240071241 5.212782382965088 556
1745240071629 5.161996841430664 557
1745240072019 5.223296165466309 558
1745240072409 5.181356906890869 559
1745240072798 5.219870090484619 560
1745240073188 5.217315673828125 561
1745240073575 5.14307975769043 562
1745240073978 5.0561652183532715 563
1745240074365 5.135684013366699 564
1745240074754 5.0947771072387695 565
1745240075143 5.087771892547607 566
1745240075531 5.192927837371826 567
1745240075923 5.175233840942383 568
1745240076308 5.224316596984863 569
1745240076697 5.136666297912598 570
1745240077098 5.115312099456787 571
1745240077487 5.096673488616943 572
1745240077877 5.189459800720215 573
1745240078265 5.1572136878967285 574
1745240078656 5.081386089324951 575
1745240079049 5.0935893058776855 576
1745240079437 5.2194647789001465 577
1745240079825 5.140422821044922 578
1745240080214 5.12346887588501 579
1745240080623 5.101524829864502 580
1745240081012 5.035574436187744 581
1745240081402 5.17264986038208 582
1745240081790 5.095543384552002 583
1745240082179 5.131166934967041 584
1745240082566 5.1468424797058105 585
1745240082957 5.127397537231445 586
1745240083347 5.151569366455078 587
1745240083737 5.272346019744873 588
1745240084136 5.258573055267334 589
1745240084523 5.049301624298096 590
1745240084913 5.083263397216797 591
1745240085300 5.080500602722168 592
1745240085690 5.059547424316406 593
1745240086080 5.120582580566406 594
1745240086468 5.121295928955078 595
1745240086856 5.162342071533203 596
1745240087253 5.1189188957214355 597
1745240087643 5.111382484436035 598
1745240088032 5.003946304321289 599
1745240088420 5.089305400848389 600
1745240088811 5.11897611618042 601
1745240089200 5.150522232055664 602
1745240089588 5.1609649658203125 603
1745240089975 5.06682014465332 604
1745240090363 5.1802239418029785 605
1745240090750 5.008885860443115 606
1745240091141 5.082310676574707 607
1745240091531 5.1071248054504395 608
1745240091820 5.084814548492432 609
