1746057372628 9.543766021728516 0
1746057374692 9.548973083496094 1
1746057376755 9.493903160095215 2
1746057378812 9.397062301635742 3
1746057381180 9.257304191589355 4
1746057383250 9.054330825805664 5
1746057385322 8.80897331237793 6
1746057387386 8.569229125976562 7
1746057389461 8.300663948059082 8
1746057391560 8.054445266723633 9
1746057393713 7.779586315155029 10
1746057395773 7.522942543029785 11
1746057397831 7.233135223388672 12
1746057399894 7.040245532989502 13
1746057401959 6.83835506439209 14
1746057404143 6.663881301879883 15
1746057406337 6.658079147338867 16
1746057408422 6.701615810394287 17
1746057410468 6.746302127838135 18
1746057412527 6.814620494842529 19
1746057414595 6.99977445602417 20
1746057416920 6.978532791137695 21
1746057418993 6.736927032470703 22
1746057421054 6.7299675941467285 23
1746057423110 6.670740127563477 24
1746057425161 6.687176704406738 25
1746057427225 6.739842891693115 26
1746057429447 6.662711143493652 27
1746057431529 6.687130928039551 28
1746057433592 6.65187931060791 29
1746057435646 6.713420867919922 30
1746057437721 6.642535209655762 31
1746057439778 6.602962970733643 32
1746057442146 6.634936809539795 33
1746057444208 6.628418445587158 34
1746057446273 6.6130266189575195 35
1746057448334 6.607086658477783 36
1746057450407 6.584816932678223 37
1746057452502 6.632198333740234 38
1746057454647 6.5538330078125 39
1746057456714 6.64235258102417 40
1746057458786 6.641589164733887 41
1746057460835 6.623495578765869 42
1746057462910 6.635010719299316 43
1746057465036 6.564238548278809 44
1746057467263 6.6153340339660645 45
1746057469326 6.558090686798096 46
1746057471380 6.591912746429443 47
1746057473450 6.617181301116943 48
1746057475508 6.553201675415039 49
1746057477743 6.605332374572754 50
1746057479863 6.624648571014404 51
1746057481920 6.588477611541748 52
1746057483973 6.62772274017334 53
1746057486039 6.594832420349121 54
1746057488095 6.596768379211426 55
1746057490278 6.587204456329346 56
1746057492348 6.5859785079956055 57
1746057494412 6.603957176208496 58
1746057496483 6.63209867477417 59
1746057498541 6.611525058746338 60
1746057500611 6.614804744720459 61
1746057502827 6.629903793334961 62
1746057504891 6.549954414367676 63
1746057506949 6.562168598175049 64
1746057509021 6.581150054931641 65
1746057511084 6.584447383880615 66
1746057513142 6.579616546630859 67
1746057515351 6.566413879394531 68
1746057517427 6.560435771942139 69
1746057519500 6.568354606628418 70
1746057521562 6.621602535247803 71
1746057523618 6.659490585327148 72
1746057525680 6.656705379486084 73
1746057528021 6.612027168273926 74
1746057530090 6.6291704177856445 75
1746057532156 6.565121650695801 76
1746057534215 6.613405704498291 77
1746057536273 6.582876205444336 78
1746057538369 6.629863262176514 79
1746057540709 6.627057075500488 80
1746057542291 6.478593826293945 81
1746057983393 6.519208908081055 82
1746057985724 6.770956039428711 83
1746057987801 6.574166297912598 84
1746057989855 6.583063125610352 85
1746057991913 6.54030704498291 86
1746057993973 6.549591541290283 87
1746057996035 6.5901336669921875 88
1746057998375 6.6121673583984375 89
1746058000428 6.623791217803955 90
1746058002503 6.565262794494629 91
1746058004559 6.587248802185059 92
1746058006612 6.538530349731445 93
1746058008766 6.556186676025391 94
1746058010859 6.612674236297607 95
1746058012940 6.5436601638793945 96
1746058015002 6.578139781951904 97
1746058017067 6.567866325378418 98
1746058019120 6.5548553466796875 99
1746058021334 6.621356964111328 100
1746058023411 6.605277061462402 101
1746058025491 6.536932468414307 102
1746058027554 6.5737199783325195 103
1746058029616 6.617258071899414 104
1746058031669 6.52912712097168 105
1746058034031 6.547966480255127 106
1746058036105 6.553653717041016 107
1746058038176 6.583319664001465 108
1746058040235 6.5500288009643555 109
1746058042289 6.5433783531188965 110
1746058044345 6.584931373596191 111
1746058046704 6.564374923706055 112
1746058048800 6.58026647567749 113
1746058050867 6.648349285125732 114
1746058052926 6.567930698394775 115
1746058054986 6.5711469650268555 116
1746058057047 6.556882858276367 117
1746058059293 6.566949367523193 118
1746058061359 6.596774101257324 119
1746058063421 6.636068344116211 120
1746058065491 6.577771186828613 121
1746058067556 6.5576863288879395 122
1746058069648 6.554197311401367 123
1746058071782 6.559936046600342 124
1746058073854 6.554620742797852 125
1746058075908 6.56947660446167 126
1746058077976 6.544098854064941 127
1746058080029 6.474949836730957 128
1746058082137 6.528066635131836 129
1746058084230 6.558506488800049 130
1746058086303 6.640474319458008 131
1746058088358 6.571775436401367 132
1746058090417 6.623139381408691 133
1746058092476 6.56337833404541 134
1746058094603 6.602703094482422 135
1746058096845 6.632153511047363 136
1746058098901 6.627851486206055 137
1746058100963 6.558353424072266 138
1746058103051 6.561545372009277 139
1746058105117 6.586742877960205 140
1746058107312 6.6003241539001465 141
1746058109431 6.56425666809082 142
1746058111490 6.5855512619018555 143
1746058113544 6.5682053565979 144
1746058115609 6.609319686889648 145
1746058117668 6.537027359008789 146
1746058119846 6.586893081665039 147
1746058121933 6.523026943206787 148
1746058123997 6.576347827911377 149
1746058126077 6.640973091125488 150
1746058128140 6.5036091804504395 151
1746058130194 6.5887298583984375 152
1746058132389 6.619405269622803 153
1746058134481 6.520325660705566 154
1746058136538 6.569814682006836 155
1746058138597 6.559722423553467 156
1746058140653 6.491823673248291 157
1746058142715 6.531970024108887 158
1746058145088 6.53166389465332 159
1746058147167 6.488327980041504 160
1746058149236 6.517877578735352 161
1746058151300 6.492945194244385 162
1746058152885 6.553959846496582 163
1746058591670 6.492404460906982 164
1746058593730 6.530887603759766 165
1746058595792 6.48175573348999 166
1746058597851 6.446894645690918 167
1746058599904 6.4768452644348145 168
1746058602089 6.515420436859131 169
1746058604286 6.453329086303711 170
1746058606352 6.530179023742676 171
1746058608409 6.42999792098999 172
1746058610463 6.455480575561523 173
1746058612516 6.432637691497803 174
1746058614800 6.442460536956787 175
1746058616878 6.418114185333252 176
1746058618944 6.470731735229492 177
1746058621007 6.437966346740723 178
1746058623065 6.395688533782959 179
1746058625121 6.344898700714111 180
1746058627495 6.420292854309082 181
1746058629573 6.359789848327637 182
1746058631632 6.317535877227783 183
1746058633681 6.339169025421143 184
1746058635748 6.400001049041748 185
1746058637809 6.335411548614502 186
1746058640178 6.369717121124268 187
1746058642236 6.387012004852295 188
1746058644290 6.320276260375977 189
1746058646336 6.271267414093018 190
1746058648388 6.372870922088623 191
1746058650469 6.281942844390869 192
1746058652727 6.361043453216553 193
1746058654794 6.301900386810303 194
1746058656841 6.209718704223633 195
1746058658902 6.276536464691162 196
1746058660952 6.237712860107422 197
1746058663129 6.336763381958008 198
1746058665272 6.212488174438477 199
1746058667334 6.293919086456299 200
1746058669397 6.251181602478027 201
1746058671455 6.282915115356445 202
1746058673515 6.234869956970215 203
1746058675791 6.171546459197998 204
1746058677893 6.239535331726074 205
1746058679952 6.228901386260986 206
1746058682014 6.192554950714111 207
1746058684070 6.2196245193481445 208
1746058686140 6.248873710632324 209
1746058688405 6.2086381912231445 210
1746058690494 6.190764904022217 211
1746058692551 6.218968391418457 212
1746058694608 6.216436862945557 213
1746058696671 6.17385196685791 214
1746058698744 6.1855926513671875 215
1746058700931 6.150328159332275 216
1746058703028 6.153934001922607 217
1746058705086 6.1324052810668945 218
1746058707145 6.195213317871094 219
1746058709208 6.1774163246154785 220
1746058711270 6.22166633605957 221
1746058713514 6.131699562072754 222
1746058715573 6.203505516052246 223
1746058717639 6.085675239562988 224
1746058719694 6.140501499176025 225
1746058721751 6.070096492767334 226
1746058723803 6.093313217163086 227
1746058726150 6.1299543380737305 228
1746058728232 6.134654998779297 229
1746058730288 6.06349515914917 230
1746058732346 6.037506103515625 231
1746058734409 6.070330619812012 232
1746058736495 6.070107460021973 233
1746058738737 6.060154914855957 234
1746058740802 6.01708984375 235
1746058742868 6.166045188903809 236
1746058744915 6.032941818237305 237
1746058746970 6.077931880950928 238
1746058749139 6.051641464233398 239
1746058751237 6.066209316253662 240
1746058753301 6.047060012817383 241
1746058755367 6.07914924621582 242
1746058757430 5.957337379455566 243
1746058759483 5.959223747253418 244
1746058761090 5.986454010009766 245
1746059202408 5.982699394226074 246
1746059204765 5.987143516540527 247
1746059206848 6.029903411865234 248
1746059208918 6.033517360687256 249
1746059210984 6.007931232452393 250
1746059213050 6.0135345458984375 251
1746059215113 6.029337406158447 252
1746059217313 5.996201992034912 253
1746059219371 5.995425224304199 254
1746059221435 6.008337020874023 255
1746059223494 5.944836139678955 256
1746059225575 5.919389724731445 257
1746059227686 5.983755588531494 258
1746059229793 5.963067531585693 259
1746059231857 6.045609951019287 260
1746059233924 5.929387092590332 261
1746059235990 5.934718608856201 262
1746059238090 6.006669044494629 263
1746059240336 5.898826599121094 264
1746059242408 6.012164115905762 265
1746059244465 5.988443374633789 266
1746059246531 5.986964225769043 267
1746059248600 5.94275426864624 268
1746059250667 5.9427056312561035 269
1746059252862 5.96267032623291 270
1746059254924 5.8968892097473145 271
1746059256991 5.91339111328125 272
1746059259058 5.918245315551758 273
1746059261119 5.918336391448975 274
1746059263198 5.9700775146484375 275
1746059265513 5.956205368041992 276
1746059267592 5.8961181640625 277
1746059269653 5.960949420928955 278
1746059271714 5.936233997344971 279
1746059273776 5.858546257019043 280
1746059275846 5.926886081695557 281
1746059278185 5.912742614746094 282
1746059280250 5.92417573928833 283
1746059282312 5.923758029937744 284
1746059284395 5.890455722808838 285
1746059286460 5.878467082977295 286
1746059288666 5.840734481811523 287
1746059290820 5.856922149658203 288
1746059292893 5.9021077156066895 289
1746059294962 5.8240861892700195 290
1746059297028 5.8439040184021 291
1746059299112 5.865108966827393 292
1746059301488 5.818172454833984 293
1746059303573 5.88690710067749 294
1746059305636 5.9022626876831055 295
1746059307707 5.838233470916748 296
1746059309779 5.83781099319458 297
1746059311852 5.861875057220459 298
1746059314093 5.8178486824035645 299
1746059316161 5.863655090332031 300
1746059318221 5.8483967781066895 301
1746059320287 5.82978630065918 302
1746059322350 5.8582377433776855 303
1746059324433 5.879365921020508 304
1746059326598 5.792745113372803 305
1746059328661 5.797544002532959 306
1746059330723 5.8002471923828125 307
1746059332788 5.79221773147583 308
1746059334854 5.828784465789795 309
1746059336981 5.821958065032959 310
1746059339196 5.843835830688477 311
1746059341260 5.789355278015137 312
1746059343328 5.807358264923096 313
1746059345395 5.826998710632324 314
1746059347466 5.872589588165283 315
1746059349794 5.730109214782715 316
1746059351882 5.827825546264648 317
1746059353948 5.763779163360596 318
1746059356013 5.791776180267334 319
1746059358072 5.729247093200684 320
1746059360143 5.810320854187012 321
1746059362536 5.787263870239258 322
1746059364614 5.819282531738281 323
1746059366679 5.803116321563721 324
1746059368748 5.771182060241699 325
1746059370807 5.8039655685424805 326
1746059372400 5.820350170135498 327
