1746057372628 0.00012309964222367853 0
1746057374692 5.600358417723328e-05 1
1746057376755 0.0002733734145294875 2
1746057378812 0.0005951938219368458 3
1746057381180 0.0027025104500353336 4
1746057383250 0.0169124286621809 5
1746057385322 0.0466751903295517 6
1746057387386 0.04856588691473007 7
1746057389461 0.05084516480565071 8
1746057391560 0.05297592654824257 9
1746057393713 0.05362483859062195 10
1746057395773 0.05380949005484581 11
1746057397831 0.05075119063258171 12
1746057399894 0.0473414845764637 13
1746057401959 0.049184318631887436 14
1746057404143 0.05183380842208862 15
1746057406337 0.05299878492951393 16
1746057408422 0.05139923468232155 17
1746057410468 0.05894479155540466 18
1746057412527 0.06144992634654045 19
1746057414595 0.05818338692188263 20
1746057416920 0.058453429490327835 21
1746057418993 0.06048939749598503 22
1746057421054 0.0586177259683609 23
1746057423110 0.059790998697280884 24
1746057425161 0.06440727412700653 25
1746057427225 0.04726157709956169 26
1746057429447 0.04677670821547508 27
1746057431529 0.048348695039749146 28
1746057433592 0.051279034465551376 29
1746057435646 0.048072077333927155 30
1746057437721 0.04737810418009758 31
1746057439778 0.05266929417848587 32
1746057442146 0.06134402006864548 33
1746057444208 0.06041858717799187 34
1746057446273 0.059370480477809906 35
1746057448334 0.0618111789226532 36
1746057450407 0.0591757670044899 37
1746057452502 0.059133145958185196 38
1746057454647 0.06349415332078934 39
1746057456714 0.060016222298145294 40
1746057458786 0.05958203598856926 41
1746057460835 0.06130121275782585 42
1746057462910 0.05586060509085655 43
1746057465036 0.060392268002033234 44
1746057467263 0.05805664509534836 45
1746057469326 0.05939103662967682 46
1746057471380 0.06161465495824814 47
1746057473450 0.05936400964856148 48
1746057475508 0.059362154453992844 49
1746057477743 0.05887764319777489 50
1746057479863 0.05513257905840874 51
1746057481920 0.057683996856212616 52
1746057483973 0.05772530660033226 53
1746057486039 0.056068189442157745 54
1746057488095 0.060876745730638504 55
1746057490278 0.0632677748799324 56
1746057492348 0.06201864778995514 57
1746057494412 0.0618039108812809 58
1746057496483 0.06462838500738144 59
1746057498541 0.06010482460260391 60
1746057500611 0.06339468061923981 61
1746057502827 0.05788711830973625 62
1746057504891 0.06369464844465256 63
1746057506949 0.06323761492967606 64
1746057509021 0.06007838994264603 65
1746057511084 0.06145120784640312 66
1746057513142 0.061309438198804855 67
1746057515351 0.06067744642496109 68
1746057517427 0.0632362887263298 69
1746057519500 0.06382110714912415 70
1746057521562 0.060092128813266754 71
1746057523618 0.05997839942574501 72
1746057525680 0.06152937188744545 73
1746057528021 0.062327709048986435 74
1746057530090 0.05536380782723427 75
1746057532156 0.059913452714681625 76
1746057534215 0.05608301982283592 77
1746057536273 0.06155968829989433 78
1746057538369 0.06066640093922615 79
1746057540709 0.06271108239889145 80
1746057542291 0.06444980204105377 81
1746057983393 0.06402353942394257 82
1746057985724 0.062253180891275406 83
1746057987801 0.0584430992603302 84
1746057989855 0.060208238661289215 85
1746057991913 0.0580514557659626 86
1746057993973 0.06427770107984543 87
1746057996035 0.059743233025074005 88
1746057998375 0.05472095310688019 89
1746058000428 0.059788137674331665 90
1746058002503 0.06640416383743286 91
1746058004559 0.060897793620824814 92
1746058006612 0.06318069994449615 93
1746058008766 0.06240033358335495 94
1746058010859 0.05990726500749588 95
1746058012940 0.06572847068309784 96
1746058015002 0.06221811845898628 97
1746058017067 0.05476422607898712 98
1746058019120 0.06101924926042557 99
1746058021334 0.06206856295466423 100
1746058023411 0.05897862836718559 101
1746058025491 0.05879132077097893 102
1746058027554 0.06283833086490631 103
1746058029616 0.056478191167116165 104
1746058031669 0.05946014076471329 105
1746058034031 0.061467092484235764 106
1746058036105 0.06697259098291397 107
1746058038176 0.05673375725746155 108
1746058040235 0.06021725386381149 109
1746058042289 0.06499806046485901 110
1746058044345 0.06280981749296188 111
1746058046704 0.05970044434070587 112
1746058048800 0.06018928438425064 113
1746058050867 0.05818625167012215 114
1746058052926 0.06145695224404335 115
1746058054986 0.05803364887833595 116
1746058057047 0.05741738900542259 117
1746058059293 0.06365426629781723 118
1746058061359 0.059964198619127274 119
1746058063421 0.05758318305015564 120
1746058065491 0.05850755050778389 121
1746058067556 0.05816853046417236 122
1746058069648 0.06168139725923538 123
1746058071782 0.06159014627337456 124
1746058073854 0.05852705240249634 125
1746058075908 0.06342047452926636 126
1746058077976 0.06435410678386688 127
1746058080029 0.06835643202066422 128
1746058082137 0.0658334344625473 129
1746058084230 0.06775230914354324 130
1746058086303 0.06080951541662216 131
1746058088358 0.06339780241250992 132
1746058090417 0.05636060610413551 133
1746058092476 0.06598309427499771 134
1746058094603 0.060098953545093536 135
1746058096845 0.05827505886554718 136
1746058098901 0.06363027542829514 137
1746058100963 0.06584140658378601 138
1746058103051 0.06546542048454285 139
1746058105117 0.06101648509502411 140
1746058107312 0.059887953102588654 141
1746058109431 0.06226200982928276 142
1746058111490 0.05939764156937599 143
1746058113544 0.061814937740564346 144
1746058115609 0.060700658708810806 145
1746058117668 0.06502299755811691 146
1746058119846 0.06191837415099144 147
1746058121933 0.06281504780054092 148
1746058123997 0.060802161693573 149
1746058126077 0.0556342750787735 150
1746058128140 0.06073873117566109 151
1746058130194 0.0621500201523304 152
1746058132389 0.06212583929300308 153
1746058134481 0.05880718305706978 154
1746058136538 0.06642092764377594 155
1746058138597 0.06619192659854889 156
1746058140653 0.06465433537960052 157
1746058142715 0.06935420632362366 158
1746058145088 0.07516657561063766 159
1746058147167 0.07577547430992126 160
1746058149236 0.07997788488864899 161
1746058151300 0.07696755230426788 162
1746058152885 0.07667431980371475 163
1746058591670 0.07703384011983871 164
1746058593730 0.07956475019454956 165
1746058595792 0.07698468118906021 166
1746058597851 0.07492022961378098 167
1746058599904 0.07988165318965912 168
1746058602089 0.08137810230255127 169
1746058604286 0.08289891481399536 170
1746058606352 0.07789317518472672 171
1746058608409 0.08085230737924576 172
1746058610463 0.08223646879196167 173
1746058612516 0.08433505892753601 174
1746058614800 0.0778755322098732 175
1746058616878 0.08708181977272034 176
1746058618944 0.07917734235525131 177
1746058621007 0.08577271550893784 178
1746058623065 0.08736754953861237 179
1746058625121 0.08524516224861145 180
1746058627495 0.08167927712202072 181
1746058629573 0.08829821646213531 182
1746058631632 0.08870147168636322 183
1746058633681 0.08448624610900879 184
1746058635748 0.08436118066310883 185
1746058637809 0.09012958407402039 186
1746058640178 0.08455686271190643 187
1746058642236 0.08862359821796417 188
1746058644290 0.09052103757858276 189
1746058646336 0.09098248928785324 190
1746058648388 0.08406304568052292 191
1746058650469 0.09674374759197235 192
1746058652727 0.09133332967758179 193
1746058654794 0.08686196058988571 194
1746058656841 0.09831196069717407 195
1746058658902 0.0989747866988182 196
1746058660952 0.09529976546764374 197
1746058663129 0.09538664668798447 198
1746058665272 0.09364966303110123 199
1746058667334 0.09859753400087357 200
1746058669397 0.10321950912475586 201
1746058671455 0.09923789650201797 202
1746058673515 0.09586985409259796 203
1746058675791 0.09759733080863953 204
1746058677893 0.10054580122232437 205
1746058679952 0.09690787643194199 206
1746058682014 0.10134845972061157 207
1746058684070 0.09580455720424652 208
1746058686140 0.10256754606962204 209
1746058688405 0.09517008811235428 210
1746058690494 0.09966517239809036 211
1746058692551 0.09777964651584625 212
1746058694608 0.09992942959070206 213
1746058696671 0.10653956979513168 214
1746058698744 0.10633715242147446 215
1746058700931 0.10206445306539536 216
1746058703028 0.10220805555582047 217
1746058705086 0.1094331219792366 218
1746058707145 0.10379254072904587 219
1746058709208 0.10065759718418121 220
1746058711270 0.10030479729175568 221
1746058713514 0.10947002470493317 222
1746058715573 0.10401661694049835 223
1746058717639 0.11036313325166702 224
1746058719694 0.1168888583779335 225
1746058721751 0.11864028871059418 226
1746058723803 0.11283668875694275 227
1746058726150 0.10888873785734177 228
1746058728232 0.10623428970575333 229
1746058730288 0.11081836372613907 230
1746058732346 0.11147166788578033 231
1746058734409 0.11504370719194412 232
1746058736495 0.11906153708696365 233
1746058738737 0.1140962541103363 234
1746058740802 0.1274196058511734 235
1746058742868 0.11381064355373383 236
1746058744915 0.11682242900133133 237
1746058746970 0.12109146267175674 238
1746058749139 0.11823660880327225 239
1746058751237 0.11607572436332703 240
1746058753301 0.12384413927793503 241
1746058755367 0.12050434947013855 242
1746058757430 0.12503543496131897 243
1746058759483 0.11812523007392883 244
1746058761090 0.1279078722000122 245
1746059202408 0.12534266710281372 246
1746059204765 0.12852053344249725 247
1746059206848 0.12386685609817505 248
1746059208918 0.11956186592578888 249
1746059210984 0.12914131581783295 250
1746059213050 0.11978209763765335 251
1746059215113 0.12121831625699997 252
1746059217313 0.11683190613985062 253
1746059219371 0.12439939379692078 254
1746059221435 0.1221570372581482 255
1746059223494 0.1275743693113327 256
1746059225575 0.13389019668102264 257
1746059227686 0.12511366605758667 258
1746059229793 0.12794117629528046 259
1746059231857 0.12321701645851135 260
1746059233924 0.13519683480262756 261
1746059235990 0.1343541443347931 262
1746059238090 0.1308976262807846 263
1746059240336 0.13855010271072388 264
1746059242408 0.1277601569890976 265
1746059244465 0.13075682520866394 266
1746059246531 0.13232554495334625 267
1746059248600 0.13475646078586578 268
1746059250667 0.12766367197036743 269
1746059252862 0.13308550417423248 270
1746059254924 0.1369011402130127 271
1746059256991 0.13366369903087616 272
1746059259058 0.13384878635406494 273
1746059261119 0.13652940094470978 274
1746059263198 0.13822515308856964 275
1746059265513 0.13555248081684113 276
1746059267592 0.13445810973644257 277
1746059269653 0.13619793951511383 278
1746059271714 0.13542117178440094 279
1746059273776 0.14734940230846405 280
1746059275846 0.14706802368164062 281
1746059278185 0.13447889685630798 282
1746059280250 0.13453935086727142 283
1746059282312 0.14095613360404968 284
1746059284395 0.14186370372772217 285
1746059286460 0.14452990889549255 286
1746059288666 0.14073388278484344 287
1746059290820 0.14623227715492249 288
1746059292893 0.1390370875597 289
1746059294962 0.14350339770317078 290
1746059297028 0.14269690215587616 291
1746059299112 0.14572495222091675 292
1746059301488 0.14206378161907196 293
1746059303573 0.14929163455963135 294
1746059305636 0.1375483274459839 295
1746059307707 0.1436208188533783 296
1746059309779 0.13974529504776 297
1746059311852 0.15343360602855682 298
1746059314093 0.1468644142150879 299
1746059316161 0.1428571492433548 300
1746059318221 0.13928461074829102 301
1746059320287 0.15458720922470093 302
1746059322350 0.14229825139045715 303
1746059324433 0.144855797290802 304
1746059326598 0.15467801690101624 305
1746059328661 0.1461918205022812 306
1746059330723 0.14972320199012756 307
1746059332788 0.15580478310585022 308
1746059334854 0.1560446172952652 309
1746059336981 0.149722620844841 310
1746059339196 0.15478378534317017 311
1746059341260 0.15660831332206726 312
1746059343328 0.15717391669750214 313
1746059345395 0.15208910405635834 314
1746059347466 0.1498451977968216 315
1746059349794 0.15926972031593323 316
1746059351882 0.15408490598201752 317
1746059353948 0.15750053524971008 318
1746059356013 0.15737518668174744 319
1746059358072 0.1571119874715805 320
1746059360143 0.15179064869880676 321
1746059362536 0.15241827070713043 322
1746059364614 0.14912351965904236 323
1746059366679 0.15368664264678955 324
1746059368748 0.15841171145439148 325
1746059370807 0.1549205482006073 326
1746059372400 0.15152491629123688 327
