1746057372628 0.0005263157894736842 0
1746057374692 0.0010526315789473684 1
1746057376755 0.0015789473684210526 2
1746057378812 0.002105263157894737 3
1746057381180 0.002631578947368421 4
1746057383250 0.003157894736842105 5
1746057385322 0.0036842105263157894 6
1746057387386 0.004210526315789474 7
1746057389461 0.004736842105263157 8
1746057391560 0.005263157894736842 9
1746057393713 0.005789473684210527 10
1746057395773 0.00631578947368421 11
1746057397831 0.006842105263157895 12
1746057399894 0.007368421052631579 13
1746057401959 0.007894736842105263 14
1746057404143 0.008421052631578947 15
1746057406337 0.008947368421052633 16
1746057408422 0.009473684210526315 17
1746057410468 0.01 18
1746057412527 0.009967637540453074 19
1746057414595 0.009935275080906148 20
1746057416920 0.009902912621359224 21
1746057418993 0.009870550161812298 22
1746057421054 0.009838187702265373 23
1746057423110 0.009805825242718447 24
1746057425161 0.009773462783171523 25
1746057427225 0.009741100323624595 26
1746057429447 0.00970873786407767 27
1746057431529 0.009676375404530745 28
1746057433592 0.009644012944983819 29
1746057435646 0.009611650485436893 30
1746057437721 0.009579288025889967 31
1746057439778 0.009546925566343041 32
1746057442146 0.009514563106796117 33
1746057444208 0.009482200647249191 34
1746057446273 0.009449838187702266 35
1746057448334 0.00941747572815534 36
1746057450407 0.009385113268608414 37
1746057452502 0.00935275080906149 38
1746057454647 0.009320388349514564 39
1746057456714 0.009288025889967638 40
1746057458786 0.009255663430420712 41
1746057460835 0.009223300970873786 42
1746057462910 0.00919093851132686 43
1746057465036 0.009158576051779936 44
1746057467263 0.00912621359223301 45
1746057469326 0.009093851132686084 46
1746057471380 0.009061488673139158 47
1746057473450 0.009029126213592234 48
1746057475508 0.008996763754045307 49
1746057477743 0.008964401294498383 50
1746057479863 0.008932038834951457 51
1746057481920 0.00889967637540453 52
1746057483973 0.008867313915857605 53
1746057486039 0.00883495145631068 54
1746057488095 0.008802588996763753 55
1746057490278 0.008770226537216829 56
1746057492348 0.008737864077669903 57
1746057494412 0.008705501618122977 58
1746057496483 0.008673139158576051 59
1746057498541 0.008640776699029126 60
1746057500611 0.008608414239482201 61
1746057502827 0.008576051779935276 62
1746057504891 0.00854368932038835 63
1746057506949 0.008511326860841424 64
1746057509021 0.0084789644012945 65
1746057511084 0.008446601941747572 66
1746057513142 0.008414239482200648 67
1746057515351 0.008381877022653722 68
1746057517427 0.008349514563106796 69
1746057519500 0.00831715210355987 70
1746057521562 0.008284789644012946 71
1746057523618 0.008252427184466019 72
1746057525680 0.008220064724919094 73
1746057528021 0.008187702265372169 74
1746057530090 0.008155339805825243 75
1746057532156 0.008122977346278317 76
1746057534215 0.008090614886731393 77
1746057536273 0.008058252427184467 78
1746057538369 0.00802588996763754 79
1746057540709 0.007993527508090615 80
1746057542291 0.007961165048543689 81
1746057983393 0.007928802588996763 82
1746057985724 0.007896440129449837 83
1746057987801 0.007864077669902913 84
1746057989855 0.007831715210355987 85
1746057991913 0.0077993527508090615 86
1746057993973 0.007766990291262136 87
1746057996035 0.007734627831715211 88
1746057998375 0.007702265372168285 89
1746058000428 0.00766990291262136 90
1746058002503 0.007637540453074434 91
1746058004559 0.007605177993527508 92
1746058006612 0.007572815533980583 93
1746058008766 0.007540453074433657 94
1746058010859 0.007508090614886731 95
1746058012940 0.007475728155339806 96
1746058015002 0.007443365695792881 97
1746058017067 0.007411003236245954 98
1746058019120 0.007378640776699029 99
1746058021334 0.007346278317152104 100
1746058023411 0.007313915857605178 101
1746058025491 0.007281553398058253 102
1746058027554 0.007249190938511328 103
1746058029616 0.007216828478964401 104
1746058031669 0.007184466019417476 105
1746058034031 0.007152103559870551 106
1746058036105 0.007119741100323624 107
1746058038176 0.007087378640776699 108
1746058040235 0.007055016181229773 109
1746058042289 0.007022653721682848 110
1746058044345 0.006990291262135922 111
1746058046704 0.0069579288025889965 112
1746058048800 0.0069255663430420715 113
1746058050867 0.006893203883495146 114
1746058052926 0.00686084142394822 115
1746058054986 0.006828478964401295 116
1746058057047 0.00679611650485437 117
1746058059293 0.006763754045307443 118
1746058061359 0.006731391585760518 119
1746058063421 0.006699029126213593 120
1746058065491 0.006666666666666666 121
1746058067556 0.006634304207119741 122
1746058069648 0.006601941747572816 123
1746058071782 0.0065695792880258895 124
1746058073854 0.0065372168284789645 125
1746058075908 0.0065048543689320395 126
1746058077976 0.006472491909385113 127
1746058080029 0.006440129449838188 128
1746058082137 0.006407766990291263 129
1746058084230 0.006375404530744337 130
1746058086303 0.006343042071197411 131
1746058088358 0.006310679611650486 132
1746058090417 0.00627831715210356 133
1746058092476 0.006245954692556635 134
1746058094603 0.006213592233009708 135
1746058096845 0.006181229773462783 136
1746058098901 0.006148867313915858 137
1746058100963 0.0061165048543689315 138
1746058103051 0.0060841423948220065 139
1746058105117 0.0060517799352750815 140
1746058107312 0.006019417475728155 141
1746058109431 0.00598705501618123 142
1746058111490 0.005954692556634305 143
1746058113544 0.005922330097087378 144
1746058115609 0.005889967637540453 145
1746058117668 0.005857605177993528 146
1746058119846 0.005825242718446601 147
1746058121933 0.005792880258899676 148
1746058123997 0.005760517799352751 149
1746058126077 0.005728155339805825 150
1746058128140 0.0056957928802588995 151
1746058130194 0.0056634304207119745 152
1746058132389 0.005631067961165049 153
1746058134481 0.005598705501618124 154
1746058136538 0.005566343042071198 155
1746058138597 0.005533980582524272 156
1746058140653 0.005501618122977347 157
1746058142715 0.005469255663430421 158
1746058145088 0.005436893203883495 159
1746058147167 0.00540453074433657 160
1746058149236 0.005372168284789643 161
1746058151300 0.005339805825242718 162
1746058152885 0.005307443365695793 163
1746058591670 0.005275080906148867 164
1746058593730 0.005242718446601942 165
1746058595792 0.0052103559870550166 166
1746058597851 0.005177993527508091 167
1746058599904 0.005145631067961165 168
1746058602089 0.00511326860841424 169
1746058604286 0.005080906148867314 170
1746058606352 0.005048543689320388 171
1746058608409 0.005016181229773463 172
1746058610463 0.004983818770226537 173
1746058612516 0.004951456310679612 174
1746058614800 0.004919093851132686 175
1746058616878 0.004886731391585761 176
1746058618944 0.004854368932038835 177
1746058621007 0.0048220064724919095 178
1746058623065 0.004789644012944984 179
1746058625121 0.004757281553398059 180
1746058627495 0.004724919093851133 181
1746058629573 0.004692556634304207 182
1746058631632 0.004660194174757282 183
1746058633681 0.004627831715210356 184
1746058635748 0.00459546925566343 185
1746058637809 0.004563106796116505 186
1746058640178 0.004530744336569579 187
1746058642236 0.004498381877022653 188
1746058644290 0.004466019417475728 189
1746058646336 0.0044336569579288025 190
1746058648388 0.004401294498381877 191
1746058650469 0.004368932038834952 192
1746058652727 0.004336569579288026 193
1746058654794 0.004304207119741101 194
1746058656841 0.004271844660194175 195
1746058658902 0.00423948220064725 196
1746058660952 0.004207119741100324 197
1746058663129 0.004174757281553398 198
1746058665272 0.004142394822006473 199
1746058667334 0.004110032362459547 200
1746058669397 0.004077669902912621 201
1746058671455 0.004045307443365696 202
1746058673515 0.00401294498381877 203
1746058675791 0.0039805825242718446 204
1746058677893 0.003948220064724919 205
1746058679952 0.003915857605177994 206
1746058682014 0.003883495145631068 207
1746058684070 0.0038511326860841424 208
1746058686140 0.003818770226537217 209
1746058688405 0.0037864077669902915 210
1746058690494 0.0037540453074433656 211
1746058692551 0.0037216828478964406 212
1746058694608 0.0036893203883495147 213
1746058696671 0.003656957928802589 214
1746058698744 0.003624595469255664 215
1746058700931 0.003592233009708738 216
1746058703028 0.003559870550161812 217
1746058705086 0.0035275080906148866 218
1746058707145 0.003495145631067961 219
1746058709208 0.0034627831715210357 220
1746058711270 0.00343042071197411 221
1746058713514 0.003398058252427185 222
1746058715573 0.003365695792880259 223
1746058717639 0.003333333333333333 224
1746058719694 0.003300970873786408 225
1746058721751 0.0032686084142394822 226
1746058723803 0.0032362459546925564 227
1746058726150 0.0032038834951456313 228
1746058728232 0.0031715210355987055 229
1746058730288 0.00313915857605178 230
1746058732346 0.003106796116504854 231
1746058734409 0.003074433656957929 232
1746058736495 0.0030420711974110033 233
1746058738737 0.0030097087378640774 234
1746058740802 0.0029773462783171524 235
1746058742868 0.0029449838187702265 236
1746058744915 0.0029126213592233006 237
1746058746970 0.0028802588996763756 238
1746058749139 0.0028478964401294497 239
1746058751237 0.0028155339805825243 240
1746058753301 0.002783171521035599 241
1746058755367 0.0027508090614886734 242
1746058757430 0.0027184466019417475 243
1746058759483 0.0026860841423948217 244
1746058761090 0.0026537216828478967 245
1746059202408 0.002621359223300971 246
1746059204765 0.0025889967637540453 247
1746059206848 0.00255663430420712 248
1746059208918 0.002524271844660194 249
1746059210984 0.0024919093851132686 250
1746059213050 0.002459546925566343 251
1746059215113 0.0024271844660194177 252
1746059217313 0.002394822006472492 253
1746059219371 0.0023624595469255664 254
1746059221435 0.002330097087378641 255
1746059223494 0.002297734627831715 256
1746059225575 0.0022653721682847896 257
1746059227686 0.002233009708737864 258
1746059229793 0.0022006472491909383 259
1746059231857 0.002168284789644013 260
1746059233924 0.0021359223300970874 261
1746059235990 0.002103559870550162 262
1746059238090 0.0020711974110032365 263
1746059240336 0.0020388349514563107 264
1746059242408 0.002006472491909385 265
1746059244465 0.0019741100323624593 266
1746059246531 0.001941747572815534 267
1746059248600 0.0019093851132686085 268
1746059250667 0.0018770226537216828 269
1746059252862 0.0018446601941747574 270
1746059254924 0.001812297734627832 271
1746059256991 0.001779935275080906 272
1746059259058 0.0017475728155339806 273
1746059261119 0.001715210355987055 274
1746059263198 0.0016828478964401295 275
1746059265513 0.001650485436893204 276
1746059267592 0.0016181229773462782 277
1746059269653 0.0015857605177993527 278
1746059271714 0.001553398058252427 279
1746059273776 0.0015210355987055016 280
1746059275846 0.0014886731391585762 281
1746059278185 0.0014563106796116503 282
1746059280250 0.0014239482200647249 283
1746059282312 0.0013915857605177994 284
1746059284395 0.0013592233009708738 285
1746059286460 0.0013268608414239483 286
1746059288666 0.0012944983818770227 287
1746059290820 0.001262135922330097 288
1746059292893 0.0012297734627831716 289
1746059294962 0.001197411003236246 290
1746059297028 0.0011650485436893205 291
1746059299112 0.0011326860841423948 292
1746059301488 0.0011003236245954692 293
1746059303573 0.0010679611650485437 294
1746059305636 0.0010355987055016183 295
1746059307707 0.0010032362459546926 296
1746059309779 0.000970873786407767 297
1746059311852 0.0009385113268608414 298
1746059314093 0.000906148867313916 299
1746059316161 0.0008737864077669903 300
1746059318221 0.0008414239482200647 301
1746059320287 0.0008090614886731391 302
1746059322350 0.0007766990291262135 303
1746059324433 0.0007443365695792881 304
1746059326598 0.0007119741100323624 305
1746059328661 0.0006796116504854369 306
1746059330723 0.0006472491909385113 307
1746059332788 0.0006148867313915858 308
1746059334854 0.0005825242718446602 309
1746059336981 0.0005501618122977346 310
1746059339196 0.0005177993527508091 311
1746059341260 0.0004854368932038835 312
1746059343328 0.000453074433656958 313
1746059345395 0.0004207119741100324 314
1746059347466 0.00038834951456310677 315
1746059349794 0.0003559870550161812 316
1746059351882 0.00032362459546925567 317
1746059353948 0.0002912621359223301 318
1746059356013 0.00025889967637540457 319
1746059358072 0.000226537216828479 320
1746059360143 0.00019417475728155338 321
1746059362536 0.00016181229773462783 322
1746059364614 0.00012944983818770228 323
1746059366679 9.708737864077669e-05 324
1746059368748 6.472491909385114e-05 325
1746059370807 3.236245954692557e-05 326
1746059372400 0.0 327
