1745958215567 0.0 0
1745958219517 5.832263923366554e-05 1
1745958223466 0.00017773565195966512 2
1745958228400 0.00016848254017531872 3
1745958232344 0.0001097815329558216 4
1745958236291 6.490135274361819e-05 5
1745958241181 0.0001898613991215825 6
1745958245123 6.29287023912184e-05 7
1745958249057 0.004703489597886801 8
1745958253940 0.004587474744766951 9
1745958257870 0.004232121165841818 10
1745958261829 0.004004254471510649 11
1745958266798 0.06270648539066315 12
1745958270773 0.06093626469373703 13
1745958274713 0.060875967144966125 14
1745958279491 0.06437540799379349 15
1745958283443 0.05759748816490173 16
1745958287399 0.06262000650167465 17
1745958291987 0.0593162402510643 18
1745958296051 0.05732026323676109 19
1745958300011 0.06455890834331512 20
1745958304362 0.05909635126590729 21
1745958308530 0.05936073139309883 22
1745958312455 0.05939307436347008 23
1745958316590 0.06134934350848198 24
1745958320974 0.06049192324280739 25
1745958324917 0.06551128625869751 26
1745958328854 0.061930783092975616 27
1745958333527 0.06335911899805069 28
1745958337468 0.059855129569768906 29
1745958341438 0.06259977072477341 30
1745958346223 0.061646852642297745 31
1745958350154 0.06192447990179062 32
1745958354142 0.06807025521993637 33
1745958358959 0.06179602071642876 34
1745958362965 0.05632900446653366 35
1745958366918 0.05819305032491684 36
1745958371750 0.059017691761255264 37
1745958375708 0.05817906931042671 38
1745958379652 0.05960932746529579 39
1745958384530 0.0618971586227417 40
1745958388502 0.060970522463321686 41
1745958392479 0.05964690074324608 42
1745958397230 0.05880908668041229 43
1745958401167 0.06395348906517029 44
1745958405104 0.0549485869705677 45
1745958409628 0.06288693100214005 46
1745958413745 0.06271062046289444 47
1745958417690 0.06297139823436737 48
1745958421996 0.05746982619166374 49
1745958426234 0.05821341276168823 50
1745958430202 0.06594663113355637 51
1745958434267 0.059072017669677734 52
1745958438783 0.06714081019163132 53
1745958442729 0.054708950221538544 54
1745958446692 0.058161813765764236 55
1745958451403 0.06468363851308823 56
1745958455336 0.061690181493759155 57
1745958459277 0.06131744757294655 58
1745958464087 0.05833441764116287 59
1745958468010 0.05605018138885498 60
1745958471960 0.05879984050989151 61
1745958476799 0.0549921989440918 62
1745958480765 0.05661831796169281 63
1745958484715 0.06171262636780739 64
1745958489574 0.06348159164190292 65
1745958493552 0.05889265239238739 66
1745958497528 0.05800763517618179 67
1745958502392 0.059017207473516464 68
1745958506347 0.06074885278940201 69
1745958510367 0.05957616865634918 70
1745958515169 0.06262528151273727 71
1745958519175 0.05823564901947975 72
1745958523171 0.057134050875902176 73
1745958527778 0.0588826984167099 74
1745958531818 0.06553969532251358 75
1745958535781 0.06211430951952934 76
1745958540154 0.059071190655231476 77
1745958544318 0.0635112002491951 78
1745958548258 0.05722266063094139 79
1745958550513 0.058853067457675934 80
