1745958215567 2.292867422103882 0
1745958219517 2.2947371006011963 1
1745958223466 2.2910516262054443 2
1745958228400 2.2954494953155518 3
1745958232344 2.2939765453338623 4
1745958236291 2.2927863597869873 5
1745958241181 2.292543888092041 6
1745958245123 2.2940633296966553 7
1745958249057 2.225325107574463 8
1745958253940 2.2244014739990234 9
1745958257870 2.227003574371338 10
1745958261829 2.2247374057769775 11
1745958266798 2.1274592876434326 12
1745958270773 2.1280105113983154 13
1745958274713 2.131045341491699 14
1745958279491 2.1240224838256836 15
1745958283443 2.0740818977355957 16
1745958287399 2.0647435188293457 17
1745958291987 2.069253444671631 18
1745958296051 2.0725960731506348 19
1745958300011 2.020873546600342 20
1745958304362 2.025670289993286 21
1745958308530 2.0242526531219482 22
1745958312455 2.026109218597412 23
1745958316590 1.9892091751098633 24
1745958320974 1.9904849529266357 25
1745958324917 1.9897702932357788 26
1745958328854 1.9950110912322998 27
1745958333527 1.9716297388076782 28
1745958337468 1.9724266529083252 29
1745958341438 1.9669675827026367 30
1745958346223 1.9649471044540405 31
1745958350154 1.940360188484192 32
1745958354142 1.9312613010406494 33
1745958358959 1.9420585632324219 34
1745958362965 1.9481914043426514 35
1745958366918 1.9253896474838257 36
1745958371750 1.9239497184753418 37
1745958375708 1.9235706329345703 38
1745958379652 1.922088623046875 39
1745958384530 1.8964043855667114 40
1745958388502 1.8968018293380737 41
1745958392479 1.893427848815918 42
1745958397230 1.900377869606018 43
1745958401167 1.878468632698059 44
1745958405104 1.8807344436645508 45
1745958409628 1.8778741359710693 46
1745958413745 1.8755844831466675 47
1745958417690 1.861902117729187 48
1745958421996 1.8580085039138794 49
1745958426234 1.8644882440567017 50
1745958430202 1.856130838394165 51
1745958434267 1.837982177734375 52
1745958438783 1.832974910736084 53
1745958442729 1.843377947807312 54
1745958446692 1.8393681049346924 55
1745958451403 1.8231103420257568 56
1745958455336 1.812636375427246 57
1745958459277 1.821460247039795 58
1745958464087 1.823965311050415 59
1745958468010 1.806355595588684 60
1745958471960 1.8022315502166748 61
1745958476799 1.8073161840438843 62
1745958480765 1.8151789903640747 63
1745958484715 1.78654944896698 64
1745958489574 1.7838647365570068 65
1745958493552 1.7878179550170898 66
1745958497528 1.7922850847244263 67
1745958502392 1.7735424041748047 68
1745958506347 1.778667688369751 69
1745958510367 1.7686272859573364 70
1745958515169 1.76948881149292 71
1745958519175 1.761688232421875 72
1745958523171 1.7652381658554077 73
1745958527778 1.7506827116012573 74
1745958531818 1.76498544216156 75
1745958535781 1.7485109567642212 76
1745958540154 1.7465041875839233 77
1745958544318 1.7453306913375854 78
1745958548258 1.7545115947723389 79
1745958550513 1.747880220413208 80
