1745958215567 0.0 0
1745958219517 0.0 1
1745958223466 0.0 2
1745958228400 0.00025 3
1745958232344 0.00025 4
1745958236291 0.00025 5
1745958241181 0.00025 6
1745958245123 0.0005 7
1745958249057 0.0005 8
1745958253940 0.0005 9
1745958257870 0.0005 10
1745958261829 0.0004875 11
1745958266798 0.0004875 12
1745958270773 0.0004875 13
1745958274713 0.0004875 14
1745958279491 0.000475 15
1745958283443 0.000475 16
1745958287399 0.000475 17
1745958291987 0.000475 18
1745958296051 0.0004625 19
1745958300011 0.0004625 20
1745958304362 0.0004625 21
1745958308530 0.0004625 22
1745958312455 0.00045000000000000004 23
1745958316590 0.00045000000000000004 24
1745958320974 0.00045000000000000004 25
1745958324917 0.00045000000000000004 26
1745958328854 0.0004375 27
1745958333527 0.0004375 28
1745958337468 0.0004375 29
1745958341438 0.0004375 30
1745958346223 0.000425 31
1745958350154 0.000425 32
1745958354142 0.000425 33
1745958358959 0.000425 34
1745958362965 0.0004125 35
1745958366918 0.0004125 36
1745958371750 0.0004125 37
1745958375708 0.0004125 38
1745958379652 0.0004 39
1745958384530 0.0004 40
1745958388502 0.0004 41
1745958392479 0.0004 42
1745958397230 0.00038750000000000004 43
1745958401167 0.00038750000000000004 44
1745958405104 0.00038750000000000004 45
1745958409628 0.00038750000000000004 46
1745958413745 0.000375 47
1745958417690 0.000375 48
1745958421996 0.000375 49
1745958426234 0.000375 50
1745958430202 0.0003625 51
1745958434267 0.0003625 52
1745958438783 0.0003625 53
1745958442729 0.0003625 54
1745958446692 0.00035 55
1745958451403 0.00035 56
1745958455336 0.00035 57
1745958459277 0.00035 58
1745958464087 0.0003375 59
1745958468010 0.0003375 60
1745958471960 0.0003375 61
1745958476799 0.0003375 62
1745958480765 0.00032500000000000004 63
1745958484715 0.00032500000000000004 64
1745958489574 0.00032500000000000004 65
1745958493552 0.00032500000000000004 66
1745958497528 0.0003125 67
1745958502392 0.0003125 68
1745958506347 0.0003125 69
1745958510367 0.0003125 70
1745958515169 0.0003 71
1745958519175 0.0003 72
1745958523171 0.0003 73
1745958527778 0.0003 74
1745958531818 0.0002875 75
1745958535781 0.0002875 76
1745958540154 0.0002875 77
1745958544318 0.0002875 78
1745958548258 0.000275 79
1745958550513 0.00026250000000000004 80
