1746039858872 0.0001753770629875362 0
1746039862554 0.00021390373876783997 1
1746039867204 0.00012011290527880192 2
1746039870915 0.0006871907389722764 3
1746039874584 0.02172461897134781 4
1746039879027 0.052421826869249344 5
1746039882786 0.059739142656326294 6
1746039886493 0.05204186215996742 7
1746039890626 0.054180096834897995 8
1746039894713 0.044159308075904846 9
1746039898419 0.04969097673892975 10
1746039902113 0.04909278452396393 11
1746039906684 0.053421501070261 12
1746039910388 0.05944013595581055 13
1746039914059 0.06392988562583923 14
1746039918601 0.060939062386751175 15
1746039922283 0.06474857032299042 16
1746039925977 0.05620527267456055 17
1746039930035 0.025296078994870186 18
1746039934019 0.060103416442871094 19
1746039937699 0.062216926366090775 20
1746039941384 0.05763668939471245 21
1746039945879 0.04705202206969261 22
1746039949559 0.049414053559303284 23
1746039953240 0.04769093543291092 24
1746039957849 0.046808768063783646 25
1746039961525 0.06016688793897629 26
1746039965200 0.05903622508049011 27
1746039969271 0.05831404775381088 28
1746039973230 0.06047176569700241 29
1746039976918 0.0663001537322998 30
1746039980593 0.06034482643008232 31
1746039985112 0.06094297021627426 32
1746039988843 0.06285286694765091 33
1746039992534 0.062551349401474 34
1746039997119 0.06106998771429062 35
1746040000803 0.06193334236741066 36
1746040004490 0.06092248484492302 37
1746040008710 0.06303189694881439 38
1746040012585 0.06235012039542198 39
1746040016289 0.05754338204860687 40
1746040019969 0.06855341047048569 41
1746040024363 0.06221448630094528 42
1746040028042 0.06645422428846359 43
1746040031701 0.06170620024204254 44
1746040036278 0.059446919709444046 45
1746040039955 0.06336356699466705 46
1746040043637 0.059806570410728455 47
1746040047991 0.05956798419356346 48
1746040051877 0.05125028267502785 49
1746040055550 0.054382674396038055 50
1746040059225 0.059825409203767776 51
1746040063631 0.056446950882673264 52
1746040067321 0.061183784157037735 53
1746040071014 0.06226091459393501 54
1746040075600 0.05907426029443741 55
1746040079290 0.06032160669565201 56
1746040082978 0.06099741533398628 57
1746040087249 0.05320248007774353 58
1746040091111 0.055477723479270935 59
1746040094801 0.05764356628060341 60
1746040098506 0.05856819078326225 61
1746040102906 0.06463724374771118 62
1746040106589 0.06796783953905106 63
1746040110296 0.06477399915456772 64
1746040114891 0.06470505148172379 65
1746040118569 0.06810909509658813 66
1746040122235 0.06932397186756134 67
1746040126533 0.06767963618040085 68
1746040130421 0.06459003686904907 69
1746040134113 0.06535227596759796 70
1746040137893 0.06418493390083313 71
1746040142216 0.06158065423369408 72
1746040145888 0.06947162747383118 73
1746040149598 0.0688016414642334 74
1746040154177 0.07103104889392853 75
1746040157867 0.07232821732759476 76
1746040161547 0.07663126289844513 77
1746040165954 0.08168844878673553 78
1746040169835 0.07491804659366608 79
1746040171925 0.07822222262620926 80
1746040647466 0.07759265601634979 81
1746040651177 0.08035103976726532 82
1746040654863 0.07485499978065491 83
1746040659336 0.0867919772863388 84
1746040663080 0.08787357807159424 85
1746040666760 0.08041716367006302 86
1746040670717 0.08623719215393066 87
1746040674839 0.08981342613697052 88
1746040678525 0.0944119393825531 89
1746040682217 0.09538932889699936 90
1746040686811 0.09487280994653702 91
1746040690496 0.09424575418233871 92
1746040694214 0.1061229258775711 93
1746040698840 0.11318083107471466 94
1746040702532 0.11474892497062683 95
1746040706214 0.10691305994987488 96
1746040710336 0.11050671339035034 97
1746040714313 0.11387176811695099 98
1746040718017 0.10328274220228195 99
1746040721687 0.11361200362443924 100
1746040726207 0.11818598210811615 101
1746040729904 0.11918742209672928 102
1746040733602 0.12433380633592606 103
1746040738218 0.12704770267009735 104
1746040741921 0.1302294135093689 105
1746040745583 0.1231248676776886 106
1746040749721 0.12437810748815536 107
1746040753651 0.12497884035110474 108
1746040757336 0.12881258130073547 109
1746040761009 0.12744984030723572 110
1746040765478 0.13234253227710724 111
1746040769202 0.13644956052303314 112
1746040772881 0.13327936828136444 113
1746040777565 0.12818089127540588 114
1746040781257 0.1374434381723404 115
1746040784936 0.13670051097869873 116
1746040789194 0.14539484679698944 117
1746040793125 0.14434896409511566 118
1746040796859 0.14325487613677979 119
1746040800553 0.1440817415714264 120
1746040804943 0.14169557392597198 121
1746040808617 0.14338292181491852 122
1746040812296 0.14365001022815704 123
1746040816888 0.15407030284404755 124
1746040820578 0.1498127281665802 125
1746040824239 0.14877435564994812 126
1746040828479 0.1436350792646408 127
1746040832411 0.1455465853214264 128
1746040836080 0.1473180204629898 129
1746040839768 0.14335349202156067 130
1746040844207 0.15435642004013062 131
1746040847898 0.15428465604782104 132
1746040851577 0.14197316765785217 133
1746040856182 0.1540643274784088 134
1746040859941 0.15817521512508392 135
1746040863621 0.1571401208639145 136
1746040867926 0.15218837559223175 137
1746040871780 0.14941197633743286 138
1746040875455 0.15402047336101532 139
1746040879198 0.15762777626514435 140
1746040883567 0.15867158770561218 141
1746040887245 0.15282462537288666 142
1746040890982 0.15220016241073608 143
1746040895574 0.15342193841934204 144
1746040899259 0.16269120573997498 145
1746040902934 0.15745393931865692 146
1746040907297 0.15398338437080383 147
1746040911117 0.16140730679035187 148
1746040914810 0.15554110705852509 149
1746040918593 0.16072311997413635 150
1746040922926 0.15845529735088348 151
1746040926602 0.16083958745002747 152
1746040930296 0.16035491228103638 153
1746040934876 0.1544603556394577 154
1746040938690 0.16036689281463623 155
1746040942375 0.16219696402549744 156
1746040946786 0.1592492312192917 157
1746040950637 0.1699136197566986 158
1746040954320 0.16494716703891754 159
1746040958180 0.16026213765144348 160
1746040960930 0.16401663422584534 161
