1746039858872 9.176627159118652 0
1746039862554 9.17797565460205 1
1746039867204 9.083864212036133 2
1746039870915 8.906166076660156 3
1746039874584 8.65268611907959 4
1746039879027 8.346868515014648 5
1746039882786 7.992024898529053 6
1746039886493 7.614732265472412 7
1746039890626 7.237061977386475 8
1746039894713 6.861379146575928 9
1746039898419 6.582824230194092 10
1746039902113 6.473348617553711 11
1746039906684 6.40799617767334 12
1746039910388 6.525845050811768 13
1746039914059 6.445305824279785 14
1746039918601 6.55949592590332 15
1746039922283 6.498900890350342 16
1746039925977 6.520044803619385 17
1746039930035 6.470187187194824 18
1746039934019 6.425907135009766 19
1746039937699 6.383098602294922 20
1746039941384 6.401994705200195 21
1746039945879 6.4034743309021 22
1746039949559 6.377624034881592 23
1746039953240 6.316093921661377 24
1746039957849 6.368974685668945 25
1746039961525 6.406687259674072 26
1746039965200 6.432709217071533 27
1746039969271 6.400697708129883 28
1746039973230 6.386360168457031 29
1746039976918 6.295852184295654 30
1746039980593 6.35197639465332 31
1746039985112 6.322772026062012 32
1746039988843 6.354703903198242 33
1746039992534 6.3116583824157715 34
1746039997119 6.312735557556152 35
1746040000803 6.272629261016846 36
1746040004490 6.319501876831055 37
1746040008710 6.31827449798584 38
1746040012585 6.3018083572387695 39
1746040016289 6.3137664794921875 40
1746040019969 6.3077521324157715 41
1746040024363 6.347904205322266 42
1746040028042 6.268881320953369 43
1746040031701 6.314840793609619 44
1746040036278 6.365287780761719 45
1746040039955 6.3137712478637695 46
1746040043637 6.335402011871338 47
1746040047991 6.300608158111572 48
1746040051877 6.481943607330322 49
1746040055550 6.3695197105407715 50
1746040059225 6.33101224899292 51
1746040063631 6.359997749328613 52
1746040067321 6.286468982696533 53
1746040071014 6.292738437652588 54
1746040075600 6.323498725891113 55
1746040079290 6.270946502685547 56
1746040082978 6.257778167724609 57
1746040087249 6.3170318603515625 58
1746040091111 6.331300258636475 59
1746040094801 6.3041863441467285 60
1746040098506 6.315760612487793 61
1746040102906 6.300342559814453 62
1746040106589 6.263795375823975 63
1746040110296 6.249952793121338 64
1746040114891 6.295687198638916 65
1746040118569 6.280096530914307 66
1746040122235 6.298995018005371 67
1746040126533 6.247934818267822 68
1746040130421 6.237386226654053 69
1746040134113 6.210731506347656 70
1746040137893 6.201867580413818 71
1746040142216 6.290425777435303 72
1746040145888 6.091196060180664 73
1746040149598 6.206826210021973 74
1746040154177 6.1602959632873535 75
1746040157867 6.189688682556152 76
1746040161547 6.138439655303955 77
1746040165954 6.168556213378906 78
1746040169835 6.1008477210998535 79
1746040171925 6.034061908721924 80
1746040647466 6.121805191040039 81
1746040651177 6.047401428222656 82
1746040654863 6.072690963745117 83
1746040659336 5.974089622497559 84
1746040663080 6.040061950683594 85
1746040666760 6.0750627517700195 86
1746040670717 6.036745071411133 87
1746040674839 5.97345495223999 88
1746040678525 5.949281692504883 89
1746040682217 5.921929836273193 90
1746040686811 5.937544822692871 91
1746040690496 5.977602005004883 92
1746040694214 5.937509536743164 93
1746040698840 5.880711078643799 94
1746040702532 5.833603858947754 95
1746040706214 5.9558916091918945 96
1746040710336 5.827324867248535 97
1746040714313 5.85169792175293 98
1746040718017 5.84351110458374 99
1746040721687 5.817732334136963 100
1746040726207 5.816319465637207 101
1746040729904 5.780163288116455 102
1746040733602 5.738245487213135 103
1746040738218 5.765181064605713 104
1746040741921 5.696453094482422 105
1746040745583 5.736722946166992 106
1746040749721 5.784273624420166 107
1746040753651 5.772607803344727 108
1746040757336 5.69915246963501 109
1746040761009 5.69283390045166 110
1746040765478 5.741796016693115 111
1746040769202 5.630917072296143 112
1746040772881 5.718197345733643 113
1746040777565 5.744632720947266 114
1746040781257 5.643360137939453 115
1746040784936 5.670465469360352 116
1746040789194 5.556619167327881 117
1746040793125 5.603055953979492 118
1746040796859 5.5167694091796875 119
1746040800553 5.55742073059082 120
1746040804943 5.616159915924072 121
1746040808617 5.524193286895752 122
1746040812296 5.598381519317627 123
1746040816888 5.4831719398498535 124
1746040820578 5.522402763366699 125
1746040824239 5.43565034866333 126
1746040828479 5.509628772735596 127
1746040832411 5.5612945556640625 128
1746040836080 5.466761112213135 129
1746040839768 5.553032875061035 130
1746040844207 5.472423553466797 131
1746040847898 5.383786201477051 132
1746040851577 5.545741558074951 133
1746040856182 5.408224105834961 134
1746040859941 5.413867473602295 135
1746040863621 5.355189323425293 136
1746040867926 5.478189468383789 137
1746040871780 5.523505687713623 138
1746040875455 5.469400882720947 139
1746040879198 5.473553657531738 140
1746040883567 5.396180629730225 141
1746040887245 5.430392265319824 142
1746040890982 5.414094924926758 143
1746040895574 5.377650737762451 144
1746040899259 5.357931613922119 145
1746040902934 5.345364570617676 146
1746040907297 5.388688087463379 147
1746040911117 5.392199516296387 148
1746040914810 5.334472179412842 149
1746040918593 5.312376976013184 150
1746040922926 5.3633809089660645 151
1746040926602 5.362720012664795 152
1746040930296 5.368237495422363 153
1746040934876 5.402053356170654 154
1746040938690 5.343172073364258 155
1746040942375 5.305874824523926 156
1746040946786 5.356293678283691 157
1746040950637 5.348134994506836 158
1746040954320 5.37436056137085 159
1746040958180 5.3776421546936035 160
1746040960930 5.327628135681152 161
