1746039858872 0.0011111111111111111 0
1746039862554 0.0022222222222222222 1
1746039867204 0.003333333333333333 2
1746039870915 0.0044444444444444444 3
1746039874584 0.005555555555555556 4
1746039879027 0.006666666666666666 5
1746039882786 0.007777777777777778 6
1746039886493 0.008888888888888889 7
1746039890626 0.01 8
1746039894713 0.009934640522875817 9
1746039898419 0.009869281045751634 10
1746039902113 0.00980392156862745 11
1746039906684 0.009738562091503268 12
1746039910388 0.009673202614379085 13
1746039914059 0.009607843137254903 14
1746039918601 0.00954248366013072 15
1746039922283 0.009477124183006535 16
1746039925977 0.009411764705882354 17
1746039930035 0.00934640522875817 18
1746039934019 0.009281045751633988 19
1746039937699 0.009215686274509803 20
1746039941384 0.009150326797385621 21
1746039945879 0.009084967320261438 22
1746039949559 0.009019607843137255 23
1746039953240 0.008954248366013072 24
1746039957849 0.008888888888888889 25
1746039961525 0.008823529411764706 26
1746039965200 0.008758169934640523 27
1746039969271 0.00869281045751634 28
1746039973230 0.008627450980392158 29
1746039976918 0.008562091503267973 30
1746039980593 0.00849673202614379 31
1746039985112 0.008431372549019609 32
1746039988843 0.008366013071895426 33
1746039992534 0.008300653594771243 34
1746039997119 0.00823529411764706 35
1746040000803 0.008169934640522876 36
1746040004490 0.008104575163398693 37
1746040008710 0.00803921568627451 38
1746040012585 0.007973856209150327 39
1746040016289 0.007908496732026144 40
1746040019969 0.00784313725490196 41
1746040024363 0.007777777777777778 42
1746040028042 0.007712418300653595 43
1746040031701 0.007647058823529411 44
1746040036278 0.007581699346405229 45
1746040039955 0.007516339869281046 46
1746040043637 0.007450980392156863 47
1746040047991 0.0073856209150326806 48
1746040051877 0.007320261437908497 49
1746040055550 0.0072549019607843135 50
1746040059225 0.007189542483660131 51
1746040063631 0.007124183006535948 52
1746040067321 0.007058823529411765 53
1746040071014 0.006993464052287582 54
1746040075600 0.006928104575163399 55
1746040079290 0.006862745098039216 56
1746040082978 0.006797385620915033 57
1746040087249 0.00673202614379085 58
1746040091111 0.006666666666666666 59
1746040094801 0.006601307189542484 60
1746040098506 0.006535947712418301 61
1746040102906 0.006470588235294118 62
1746040106589 0.006405228758169935 63
1746040110296 0.0063398692810457515 64
1746040114891 0.006274509803921568 65
1746040118569 0.006209150326797386 66
1746040122235 0.006143790849673203 67
1746040126533 0.006078431372549019 68
1746040130421 0.006013071895424837 69
1746040134113 0.005947712418300654 70
1746040137893 0.0058823529411764705 71
1746040142216 0.005816993464052288 72
1746040145888 0.005751633986928104 73
1746040149598 0.005686274509803921 74
1746040154177 0.005620915032679739 75
1746040157867 0.005555555555555556 76
1746040161547 0.0054901960784313735 77
1746040165954 0.0054248366013071895 78
1746040169835 0.005359477124183006 79
1746040171925 0.005294117647058823 80
1746040647466 0.005228758169934641 81
1746040651177 0.005163398692810458 82
1746040654863 0.005098039215686274 83
1746040659336 0.005032679738562092 84
1746040663080 0.0049673202614379085 85
1746040666760 0.004901960784313725 86
1746040670717 0.004836601307189542 87
1746040674839 0.00477124183006536 88
1746040678525 0.004705882352941177 89
1746040682217 0.004640522875816994 90
1746040686811 0.004575163398692811 91
1746040690496 0.0045098039215686276 92
1746040694214 0.0044444444444444444 93
1746040698840 0.004379084967320261 94
1746040702532 0.004313725490196079 95
1746040706214 0.004248366013071895 96
1746040710336 0.004183006535947713 97
1746040714313 0.00411764705882353 98
1746040718017 0.004052287581699347 99
1746040721687 0.0039869281045751635 100
1746040726207 0.00392156862745098 101
1746040729904 0.0038562091503267977 102
1746040733602 0.0037908496732026145 103
1746040738218 0.0037254901960784314 104
1746040741921 0.0036601307189542483 105
1746040745583 0.0035947712418300656 106
1746040749721 0.0035294117647058825 107
1746040753651 0.0034640522875816994 108
1746040757336 0.0033986928104575167 109
1746040761009 0.003333333333333333 110
1746040765478 0.0032679738562091504 111
1746040769202 0.0032026143790849673 112
1746040772881 0.003137254901960784 113
1746040777565 0.0030718954248366015 114
1746040781257 0.0030065359477124184 115
1746040784936 0.0029411764705882353 116
1746040789194 0.002875816993464052 117
1746040793125 0.0028104575163398694 118
1746040796859 0.0027450980392156868 119
1746040800553 0.002679738562091503 120
1746040804943 0.0026143790849673205 121
1746040808617 0.002549019607843137 122
1746040812296 0.0024836601307189543 123
1746040816888 0.002418300653594771 124
1746040820578 0.0023529411764705885 125
1746040824239 0.0022875816993464053 126
1746040828479 0.0022222222222222222 127
1746040832411 0.0021568627450980395 128
1746040836080 0.0020915032679738564 129
1746040839768 0.0020261437908496733 130
1746040844207 0.00196078431372549 131
1746040847898 0.0018954248366013073 132
1746040851577 0.0018300653594771241 133
1746040856182 0.0017647058823529412 134
1746040859941 0.0016993464052287583 135
1746040863621 0.0016339869281045752 136
1746040867926 0.001568627450980392 137
1746040871780 0.0015032679738562092 138
1746040875455 0.001437908496732026 139
1746040879198 0.0013725490196078434 140
1746040883567 0.0013071895424836603 141
1746040887245 0.0012418300653594771 142
1746040890982 0.0011764705882352942 143
1746040895574 0.0011111111111111111 144
1746040899259 0.0010457516339869282 145
1746040902934 0.000980392156862745 146
1746040907297 0.0009150326797385621 147
1746040911117 0.0008496732026143792 148
1746040914810 0.000784313725490196 149
1746040918593 0.000718954248366013 150
1746040922926 0.0006535947712418301 151
1746040926602 0.0005882352941176471 152
1746040930296 0.0005228758169934641 153
1746040934876 0.00045751633986928104 154
1746040938690 0.000392156862745098 155
1746040942375 0.00032679738562091506 156
1746040946786 0.00026143790849673205 157
1746040950637 0.000196078431372549 158
1746040954320 0.00013071895424836603 159
1746040958180 6.535947712418301e-05 160
1746040960930 0.0 161
