1745280469698 9.408029556274414 0
1745280474123 8.63261604309082 1
1745280478498 7.303403854370117 2
1745280483113 6.695799350738525 3
1745280487512 6.380816459655762 4
1745280491907 6.366732597351074 5
1745280496364 6.458007335662842 6
1745280500764 6.42341423034668 7
1745280505286 6.3925275802612305 8
1745280509730 7.146169662475586 9
1745280514113 6.318295955657959 10
1745280518525 6.3815155029296875 11
1745280522913 6.341561794281006 12
1745280527325 6.278280258178711 13
1745280531951 6.349758625030518 14
1745280536359 6.3204193115234375 15
1745280540787 6.329585552215576 16
1745280545189 6.302855968475342 17
1745280549572 6.347952842712402 18
1745280553973 6.379363536834717 19
1745280558391 6.309004783630371 20
1745280562795 6.307626247406006 21
1745280567465 6.327078819274902 22
1745280571866 6.2910966873168945 23
1745280576266 6.28965950012207 24
1745280580684 6.267001628875732 25
1745280585087 6.287162780761719 26
1745280589474 6.283138751983643 27
1745280593893 6.284238815307617 28
1745280598281 6.291347503662109 29
1745280599920 6.158063888549805 30
1745280661034 6.266513824462891 31
1745280665483 6.248252868652344 32
1745280669896 6.245299339294434 33
1745280674367 6.2819905281066895 34
1745280678796 6.278777122497559 35
1745280683207 6.26780891418457 36
1745280687871 6.263168811798096 37
1745280692293 6.272897243499756 38
1745280696701 6.276158809661865 39
1745280701119 6.27651834487915 40
1745280705539 6.214061737060547 41
1745280709989 6.273650646209717 42
1745280714417 6.23150634765625 43
1745280718849 6.20530891418457 44
1745280723519 6.256333351135254 45
1745280727964 6.268080234527588 46
1745280732392 6.268890380859375 47
1745280736812 6.253472328186035 48
1745280741239 6.2920756340026855 49
1745280745682 6.219351768493652 50
1745280750120 6.218677997589111 51
1745280754516 6.296839714050293 52
1745280759226 6.2388386726379395 53
1745280763651 6.260660648345947 54
1745280768045 6.213114261627197 55
1745280772496 6.259909152984619 56
1745280776905 6.217409133911133 57
1745280781306 6.232004165649414 58
1745280785730 6.247589588165283 59
1745280790130 6.235042095184326 60
1745280791787 6.245718002319336 61
1745280852793 6.21099328994751 62
1745280857232 6.26076602935791 63
1745280861652 6.216303825378418 64
1745280866299 6.264808177947998 65
1745280870749 6.23615026473999 66
1745280875124 6.2533979415893555 67
1745280879533 6.253914833068848 68
1745280883941 6.2315778732299805 69
1745280888355 6.199820041656494 70
1745280892773 6.237695217132568 71
1745280897181 6.184531211853027 72
1745280901691 6.191897392272949 73
1745280906097 6.145294189453125 74
1745280910506 6.15548849105835 75
1745280914995 6.1214070320129395 76
1745280919427 6.113518238067627 77
1745280923829 6.079379558563232 78
1745280928257 6.072753429412842 79
1745280932666 6.098875999450684 80
1745280937108 6.054862976074219 81
1745280941570 6.047536373138428 82
1745280945985 6.091360569000244 83
1745280950633 6.051045894622803 84
1745280955068 5.998371124267578 85
1745280959469 6.031755447387695 86
1745280963892 5.998362064361572 87
1745280968294 6.045031547546387 88
1745280972721 6.0267839431762695 89
1745280977123 5.9927659034729 90
1745280981539 5.997059345245361 91
1745280983181 6.009214878082275 92
1745281044634 5.934035778045654 93
1745281049079 5.907449245452881 94
1745281053500 5.925354480743408 95
1745281058128 5.899996757507324 96
1745281062550 5.8796539306640625 97
1745281066976 5.899864196777344 98
1745281071396 5.900471210479736 99
1745281075810 5.883660793304443 100
1745281080253 5.878047943115234 101
1745281084716 5.931130886077881 102
1745281089131 5.905131816864014 103
1745281093790 5.827758312225342 104
1745281098220 5.847402572631836 105
1745281102613 5.888346195220947 106
1745281107012 5.827749252319336 107
1745281111437 5.836457252502441 108
1745281115860 5.823038101196289 109
1745281120311 5.82880973815918 110
1745281124732 5.842734336853027 111
1745281129374 5.836842060089111 112
1745281133802 5.775740146636963 113
1745281138233 5.743413925170898 114
1745281142677 5.79700231552124 115
1745281147081 5.79026985168457 116
1745281151485 5.8199052810668945 117
1745281155910 5.808291435241699 118
1745281160322 5.818162441253662 119
1745281164975 5.757344722747803 120
1745281169385 5.822354793548584 121
1745281173800 5.79266357421875 122
1745281175464 5.7500224113464355 123
1745281236779 5.754635334014893 124
1745281241176 5.733257293701172 125
1745281245585 5.752158164978027 126
1745281249983 5.766489505767822 127
1745281254394 5.721428871154785 128
1745281258823 5.725587368011475 129
1745281263244 5.7223663330078125 130
1745281267652 5.758693695068359 131
1745281272190 5.709202289581299 132
1745281276629 5.745232582092285 133
1745281281047 5.720328330993652 134
1745281285464 5.685633659362793 135
1745281289859 5.726812362670898 136
1745281294307 5.758577346801758 137
1745281298749 5.7220916748046875 138
1745281303152 5.696425437927246 139
1745281307803 5.671316146850586 140
1745281312205 5.739842414855957 141
1745281316633 5.764804363250732 142
1745281321079 5.711795330047607 143
1745281325483 5.6540913581848145 144
1745281329894 5.677293300628662 145
1745281334327 5.715051174163818 146
1745281338734 5.708574295043945 147
1745281343407 5.738007545471191 148
1745281347820 5.670217514038086 149
1745281352242 5.695483684539795 150
1745281356692 5.684525489807129 151
1745281361100 5.68201208114624 152
1745281365506 5.711121082305908 153
1745281367207 5.67249870300293 154
