1745280469698 0.00023322449123952538 0
1745280474123 0.07287087291479111 1
1745280478498 0.051010794937610626 2
1745280483113 0.04632081463932991 3
1745280487512 0.08047505468130112 4
1745280491907 0.07510021328926086 5
1745280496364 0.04186553880572319 6
1745280500764 0.07784712314605713 7
1745280505286 0.0776011049747467 8
1745280509730 0.0423901192843914 9
1745280514113 0.07265932112932205 10
1745280518525 0.0719306543469429 11
1745280522913 0.07069656997919083 12
1745280527325 0.07573872059583664 13
1745280531951 0.0685773566365242 14
1745280536359 0.07066068053245544 15
1745280540787 0.0699949562549591 16
1745280545189 0.0709054097533226 17
1745280549572 0.06602083891630173 18
1745280553973 0.07086984813213348 19
1745280558391 0.0727819949388504 20
1745280562795 0.07208820432424545 21
1745280567465 0.07110197842121124 22
1745280571866 0.07440444082021713 23
1745280576266 0.0732443630695343 24
1745280580684 0.07089478522539139 25
1745280585087 0.07019421458244324 26
1745280589474 0.07586115598678589 27
1745280593893 0.07545037567615509 28
1745280598281 0.07312650978565216 29
1745280599920 0.0768490806221962 30
1745280661034 0.06726226955652237 31
1745280665483 0.06989012658596039 32
1745280669896 0.07217324525117874 33
1745280674367 0.07265588641166687 34
1745280678796 0.06823775172233582 35
1745280683207 0.07030754536390305 36
1745280687871 0.07244199514389038 37
1745280692293 0.07010294497013092 38
1745280696701 0.07351373136043549 39
1745280701119 0.07152298092842102 40
1745280705539 0.07459631562232971 41
1745280709989 0.07516078650951385 42
1745280714417 0.06992530077695847 43
1745280718849 0.07431486248970032 44
1745280723519 0.07263367623090744 45
1745280727964 0.0699680969119072 46
1745280732392 0.07141533493995667 47
1745280736812 0.07608183473348618 48
1745280741239 0.07110707461833954 49
1745280745682 0.07418778538703918 50
1745280750120 0.069235660135746 51
1745280754516 0.07228827476501465 52
1745280759226 0.07517015188932419 53
1745280763651 0.07281067222356796 54
1745280768045 0.07079030573368073 55
1745280772496 0.07024334371089935 56
1745280776905 0.07375286519527435 57
1745280781306 0.07012347877025604 58
1745280785730 0.07074642926454544 59
1745280790130 0.07365306466817856 60
1745280791787 0.07645449042320251 61
1745280852793 0.07362966239452362 62
1745280857232 0.07484683394432068 63
1745280861652 0.07152470201253891 64
1745280866299 0.07243160903453827 65
1745280870749 0.0883650854229927 66
1745280875124 0.057802412658929825 67
1745280879533 0.06886758655309677 68
1745280883941 0.09094730764627457 69
1745280888355 0.07114477455615997 70
1745280892773 0.07252929359674454 71
1745280897181 0.06909103691577911 72
1745280901691 0.08492504060268402 73
1745280906097 0.08996810019016266 74
1745280910506 0.08461353927850723 75
1745280914995 0.0899190604686737 76
1745280919427 0.09319347143173218 77
1745280923829 0.09394571930170059 78
1745280928257 0.09194419533014297 79
1745280932666 0.09557735919952393 80
1745280937108 0.09928528964519501 81
1745280941570 0.09006393700838089 82
1745280945985 0.08586253225803375 83
1745280950633 0.0803256630897522 84
1745280955068 0.09139132499694824 85
1745280959469 0.09901832044124603 86
1745280963892 0.10121975094079971 87
1745280968294 0.09168087691068649 88
1745280972721 0.09203892946243286 89
1745280977123 0.08853098750114441 90
1745280981539 0.09320317208766937 91
1745280983181 0.09034797549247742 92
1745281044634 0.1025451049208641 93
1745281049079 0.10415215790271759 94
1745281053500 0.10562922805547714 95
1745281058128 0.10706134885549545 96
1745281062550 0.11034105718135834 97
1745281066976 0.10524251312017441 98
1745281071396 0.10852442681789398 99
1745281075810 0.10596216470003128 100
1745281080253 0.10739105194807053 101
1745281084716 0.10291946679353714 102
1745281089131 0.10557432472705841 103
1745281093790 0.11558111757040024 104
1745281098220 0.10744084417819977 105
1745281102613 0.11211584508419037 106
1745281107012 0.11182648688554764 107
1745281111437 0.10725142806768417 108
1745281115860 0.1078294888138771 109
1745281120311 0.11240361630916595 110
1745281124732 0.11309617757797241 111
1745281129374 0.11573732644319534 112
1745281133802 0.10996591299772263 113
1745281138233 0.11787118762731552 114
1745281142677 0.1119256243109703 115
1745281147081 0.11263167858123779 116
1745281151485 0.11547026038169861 117
1745281155910 0.11628572642803192 118
1745281160322 0.1158558800816536 119
1745281164975 0.11705020070075989 120
1745281169385 0.11197511851787567 121
1745281173800 0.11620023101568222 122
1745281175464 0.1185692846775055 123
1745281236779 0.1135634332895279 124
1745281241176 0.11895886808633804 125
1745281245585 0.11284425109624863 126
1745281249983 0.1174771785736084 127
1745281254394 0.1213330402970314 128
1745281258823 0.11665311455726624 129
1745281263244 0.11648689210414886 130
1745281267652 0.11835868656635284 131
1745281272190 0.11954319477081299 132
1745281276629 0.11870285868644714 133
1745281281047 0.12046438455581665 134
1745281285464 0.1234234869480133 135
1745281289859 0.11534480005502701 136
1745281294307 0.12397722899913788 137
1745281298749 0.11874885112047195 138
1745281303152 0.12259463965892792 139
1745281307803 0.12142191082239151 140
1745281312205 0.11794997751712799 141
1745281316633 0.11538980901241302 142
1745281321079 0.11883557587862015 143
1745281325483 0.12554682791233063 144
1745281329894 0.11719219386577606 145
1745281334327 0.1210462749004364 146
1745281338734 0.11581210792064667 147
1745281343407 0.11780533194541931 148
1745281347820 0.12340276688337326 149
1745281352242 0.1219695657491684 150
1745281356692 0.11995112895965576 151
1745281361100 0.12296769767999649 152
1745281365506 0.12213682383298874 153
1745281367207 0.1173839122056961 154
