1745874533961 0.00012639029591809958 0
1745874538264 0.047906871885061264 1
1745874542007 0.053072813898324966 2
1745874545862 0.06202133372426033 3
1745874550583 0.05578286945819855 4
1745874554322 0.06213882192969322 5
1745874558055 0.06209150329232216 6
1745874562688 0.058834102004766464 7
1745874566448 0.062256310135126114 8
1745874570196 0.06234964728355408 9
1745874574603 0.05868721008300781 10
1745874578502 0.03405935689806938 11
1745874582237 0.03681569918990135 12
1745874586142 0.026443082839250565 13
1745874590504 0.026713617146015167 14
1745874594285 0.06470215320587158 15
1745874598058 0.06442409008741379 16
1745874602751 0.06095341965556145 17
1745874606520 0.06000249832868576 18
1745874610289 0.058742914348840714 19
1745874614916 0.05924785137176514 20
1745874618659 0.06059398129582405 21
1745874622375 0.061402950435876846 22
1745874626540 0.07311119884252548 23
1745874630607 0.06155095994472504 24
1745874634339 0.07654596120119095 25
1745874638081 0.07407407462596893 26
1745874642627 0.08512213081121445 27
1745874646363 0.1015625 28
1745874650078 0.10165787488222122 29
1745874654764 0.11034124344587326 30
1745874658525 0.1166875809431076 31
1745874662258 0.10441166162490845 32
1745874666660 0.11724557727575302 33
1745874670572 0.12017957121133804 34
1745874674308 0.11928557604551315 35
1745874678162 0.12068965286016464 36
1745874682496 0.12415026873350143 37
1745874686268 0.12119467556476593 38
1745874690000 0.1266600340604782 39
1745874694686 0.13096533715724945 40
1745874698419 0.13563814759254456 41
1745874702196 0.1305558979511261 42
1745874706798 0.13181927800178528 43
1745874710561 0.13438501954078674 44
1745874714338 0.13642042875289917 45
1745874718476 0.14355948567390442 46
1745874722486 0.13478773832321167 47
1745874726218 0.14432251453399658 48
1745874729954 0.14615638554096222 49
1745874734474 0.14693517982959747 50
1745874738235 0.1511765718460083 51
1745874741974 0.15129533410072327 52
1745874746629 0.1511567384004593 53
1745874750389 0.14488208293914795 54
1745874754117 0.14989615976810455 55
1745874758436 0.158421590924263 56
1745874762328 0.16541847586631775 57
1745874766022 0.15582086145877838 58
1745874769882 0.15744705498218536 59
1745874774278 0.16467329859733582 60
1745874778022 0.16293370723724365 61
1745874781755 0.15747441351413727 62
1745874786388 0.16991205513477325 63
1745874790108 0.15977849066257477 64
1745874793867 0.16718187928199768 65
1745874798430 0.1682189702987671 66
1745874802195 0.16495560109615326 67
1745874805962 0.16833966970443726 68
1745874810037 0.17467187345027924 69
1745874814201 0.16903384029865265 70
1745874817943 0.18159370124340057 71
1745874821709 0.1708301454782486 72
1745874826257 0.16985860466957092 73
1745874830005 0.181650310754776 74
1745874833757 0.17887423932552338 75
1745874838439 0.1828335076570511 76
1745874842254 0.16841813921928406 77
1745874846046 0.17672985792160034 78
1745874850581 0.18926014006137848 79
1745874852917 0.17712488770484924 80
1745875283424 0.17069320380687714 81
1745875287139 0.18100550770759583 82
1745875291553 0.1852143406867981 83
1745875295269 0.1785929799079895 84
1745875299026 0.18213874101638794 85
1745875303608 0.1890862137079239 86
1745875307322 0.18605715036392212 87
1745875311047 0.17248326539993286 88
1745875315606 0.18974989652633667 89
1745875319356 0.18972694873809814 90
1745875323106 0.18163587152957916 91
1745875327196 0.1891392469406128 92
1745875331173 0.19241246581077576 93
1745875334889 0.1916496306657791 94
1745875338628 0.20018425583839417 95
1745875342986 0.19757653772830963 96
1745875346675 0.1830829232931137 97
1745875350384 0.1824537068605423 98
1745875354950 0.18558882176876068 99
1745875358667 0.19972720742225647 100
1745875362377 0.19435584545135498 101
1745875366893 0.19458411633968353 102
1745875370668 0.19814912974834442 103
1745875374388 0.192134827375412 104
1745875378401 0.1844470202922821 105
1745875382477 0.19703257083892822 106
1745875386190 0.1970738172531128 107
1745875389933 0.2033011019229889 108
1745875394349 0.201918363571167 109
1745875398053 0.19592349231243134 110
1745875401785 0.19089794158935547 111
1745875406333 0.19750189781188965 112
1745875410038 0.1963856965303421 113
1745875413762 0.1987358033657074 114
1745875418172 0.21087747812271118 115
1745875421977 0.2009943723678589 116
1745875425683 0.2042396366596222 117
1745875429654 0.20289292931556702 118
1745875433800 0.21241281926631927 119
1745875437519 0.20343677699565887 120
1745875441258 0.20049737393856049 121
1745875445740 0.20006175339221954 122
1745875449447 0.20468609035015106 123
1745875453170 0.1987171322107315 124
1745875457711 0.20687033236026764 125
1745875461455 0.20428229868412018 126
1745875465207 0.20581883192062378 127
1745875469530 0.1997843235731125 128
1745875473382 0.195810467004776 129
1745875477095 0.21569430828094482 130
1745875481023 0.20684562623500824 131
1745875485192 0.2072671502828598 132
1745875488920 0.20607759058475494 133
1745875492651 0.20500920712947845 134
1745875497213 0.20949941873550415 135
1745875500952 0.2027537226676941 136
1745875504686 0.2161078006029129 137
1745875509236 0.20348498225212097 138
1745875512946 0.1999606192111969 139
1745875516638 0.21231061220169067 140
1745875520887 0.20036545395851135 141
1745875524748 0.20872433483600616 142
1745875528445 0.21044476330280304 143
1745875532315 0.20783567428588867 144
1745875536577 0.21886320412158966 145
1745875540300 0.2079787254333496 146
1745875544030 0.22079581022262573 147
1745875548556 0.20469272136688232 148
1745875552270 0.20164582133293152 149
1745875555997 0.22270095348358154 150
1745875560553 0.21472696959972382 151
1745875564328 0.21077477931976318 152
1745875568021 0.19792872667312622 153
1745875572165 0.21695160865783691 154
1745875576066 0.2094782143831253 155
1745875579763 0.20581358671188354 156
1745875583446 0.21083256602287292 157
1745875587796 0.21972663700580597 158
1745875591530 0.20889030396938324 159
1745875595244 0.2184929996728897 160
1745875597808 0.21650734543800354 161
