1745874533961 9.118062973022461 0
1745874538264 8.641480445861816 1
1745874542007 8.29084300994873 2
1745874545862 7.911020278930664 3
1745874550583 7.585556983947754 4
1745874554322 7.246196269989014 5
1745874558055 6.974759101867676 6
1745874562688 6.742138385772705 7
1745874566448 6.574056148529053 8
1745874570196 6.445121765136719 9
1745874574603 6.4003143310546875 10
1745874578502 6.436372756958008 11
1745874582237 6.400156497955322 12
1745874586142 6.399809837341309 13
1745874590504 6.419302463531494 14
1745874594285 6.419736862182617 15
1745874598058 6.350756645202637 16
1745874602751 6.3522114753723145 17
1745874606520 6.348511695861816 18
1745874610289 6.360219955444336 19
1745874614916 6.34418249130249 20
1745874618659 6.269911766052246 21
1745874622375 6.231407165527344 22
1745874626540 6.276575088500977 23
1745874630607 6.2449140548706055 24
1745874634339 6.262579441070557 25
1745874638081 6.232789993286133 26
1745874642627 6.115938663482666 27
1745874646363 6.099400043487549 28
1745874650078 6.080799102783203 29
1745874654764 6.055975914001465 30
1745874658525 5.948091983795166 31
1745874662258 5.980372905731201 32
1745874666660 5.9354472160339355 33
1745874670572 5.877587795257568 34
1745874674308 5.933553695678711 35
1745874678162 5.890909194946289 36
1745874682496 5.831322193145752 37
1745874686268 5.860341548919678 38
1745874690000 5.8292999267578125 39
1745874694686 5.77036190032959 40
1745874698419 5.772123336791992 41
1745874702196 5.763014316558838 42
1745874706798 5.749085426330566 43
1745874710561 5.729362487792969 44
1745874714338 5.6615753173828125 45
1745874718476 5.6388068199157715 46
1745874722486 5.586915016174316 47
1745874726218 5.579010009765625 48
1745874729954 5.573157787322998 49
1745874734474 5.569214820861816 50
1745874738235 5.553810119628906 51
1745874741974 5.529582500457764 52
1745874746629 5.447650909423828 53
1745874750389 5.602071285247803 54
1745874754117 5.489413261413574 55
1745874758436 5.395713806152344 56
1745874762328 5.376221179962158 57
1745874766022 5.461021900177002 58
1745874769882 5.4727582931518555 59
1745874774278 5.31059455871582 60
1745874778022 5.359727382659912 61
1745874781755 5.36771297454834 62
1745874786388 5.274272918701172 63
1745874790108 5.367982387542725 64
1745874793867 5.331536769866943 65
1745874798430 5.325319290161133 66
1745874802195 5.321232795715332 67
1745874805962 5.350089073181152 68
1745874810037 5.212189197540283 69
1745874814201 5.2877912521362305 70
1745874817943 5.176400661468506 71
1745874821709 5.251798629760742 72
1745874826257 5.2894978523254395 73
1745874830005 5.198629856109619 74
1745874833757 5.182981491088867 75
1745874838439 5.199540138244629 76
1745874842254 5.217052936553955 77
1745874846046 5.180522918701172 78
1745874850581 5.075393199920654 79
1745874852917 5.099732398986816 80
1745875283424 5.202869415283203 81
1745875287139 5.051570415496826 82
1745875291553 5.019382476806641 83
1745875295269 5.078864574432373 84
1745875299026 5.092293739318848 85
1745875303608 5.0182342529296875 86
1745875307322 5.033899784088135 87
1745875311047 5.134965896606445 88
1745875315606 5.074527740478516 89
1745875319356 5.007160663604736 90
1745875323106 5.088693618774414 91
1745875327196 5.001621246337891 92
1745875331173 5.003674030303955 93
1745875334889 4.9156928062438965 94
1745875338628 4.910827159881592 95
1745875342986 4.957958221435547 96
1745875346675 5.093666076660156 97
1745875350384 5.081728458404541 98
1745875354950 5.0329694747924805 99
1745875358667 4.903758525848389 100
1745875362377 4.919196605682373 101
1745875366893 4.921730995178223 102
1745875370668 4.918466091156006 103
1745875374388 4.9817328453063965 104
1745875378401 5.075002193450928 105
1745875382477 4.920145034790039 106
1745875386190 4.929558277130127 107
1745875389933 4.896216869354248 108
1745875394349 4.9059624671936035 109
1745875398053 4.931448459625244 110
1745875401785 4.9899749755859375 111
1745875406333 4.907166004180908 112
1745875410038 4.857432842254639 113
1745875413762 4.886153697967529 114
1745875418172 4.794379234313965 115
1745875421977 4.874273777008057 116
1745875425683 4.866495132446289 117
1745875429654 4.937803268432617 118
1745875433800 4.774903774261475 119
1745875437519 4.792463302612305 120
1745875441258 4.892053127288818 121
1745875445740 4.889328479766846 122
1745875449447 4.834852695465088 123
1745875453170 4.96067476272583 124
1745875457711 4.851475238800049 125
1745875461455 4.884565830230713 126
1745875465207 4.9861955642700195 127
1745875469530 4.924158096313477 128
1745875473382 4.916116714477539 129
1745875477095 4.706178188323975 130
1745875481023 4.818012237548828 131
1745875485192 4.845122337341309 132
1745875488920 4.8125996589660645 133
1745875492651 4.836341857910156 134
1745875497213 4.829176902770996 135
1745875500952 4.7364912033081055 136
1745875504686 4.799920558929443 137
1745875509236 4.792938709259033 138
1745875512946 4.915253162384033 139
1745875516638 4.806520462036133 140
1745875520887 4.912106990814209 141
1745875524748 4.775208950042725 142
1745875528445 4.8211140632629395 143
1745875532315 4.78694486618042 144
1745875536577 4.784489631652832 145
1745875540300 4.793292999267578 146
1745875544030 4.682642936706543 147
1745875548556 4.769772052764893 148
1745875552270 4.864664077758789 149
1745875555997 4.6867523193359375 150
1745875560553 4.784141540527344 151
1745875564328 4.802295684814453 152
1745875568021 4.898885726928711 153
1745875572165 4.7446112632751465 154
1745875576066 4.755136013031006 155
1745875579763 4.827267646789551 156
1745875583446 4.799578666687012 157
1745875587796 4.609192371368408 158
1745875591530 4.78143310546875 159
1745875595244 4.66848611831665 160
1745875597808 4.751858711242676 161
