1746055809102 0.0 0
1746055811223 0.0001685014576651156 1
1746055813327 0.00024475311511196196 2
1746055815384 0.00020949720055796206 3
1746055817448 0.00037397159030660987 4
1746055819503 0.002839138498529792 5
1746055821564 0.010806994512677193 6
1746055823737 0.025877881795167923 7
1746055825848 0.04997453838586807 8
1746055827922 0.05773068219423294 9
1746055829966 0.05913921445608139 10
1746055832019 0.058638427406549454 11
1746055834074 0.05744301900267601 12
1746055836262 0.05940082669258118 13
1746055838359 0.05774647742509842 14
1746055840412 0.06078188493847847 15
1746055842473 0.05842578783631325 16
1746055844522 0.06349646300077438 17
1746055846569 0.06337176263332367 18
1746055848772 0.060957275331020355 19
1746055850927 0.06100836396217346 20
1746055852983 0.05107768997550011 21
1746055855041 0.034754861146211624 22
1746055857113 0.030862931162118912 23
1746055859174 0.047417137771844864 24
1746055861360 0.061040379106998444 25
1746055863425 0.05462155491113663 26
1746055865481 0.05766536295413971 27
1746055867550 0.056862328201532364 28
1746055869606 0.05449838191270828 29
1746055871661 0.06080799549818039 30
1746055874015 0.06350823491811752 31
1746055876078 0.06454062461853027 32
1746055878134 0.05839988589286804 33
1746055880191 0.05780813470482826 34
1746055882254 0.051543112844228745 35
1746055884314 0.05555136129260063 36
1746055886529 0.05811108276247978 37
1746055888604 0.05922874063253403 38
1746055890653 0.0662066638469696 39
1746055892704 0.06810396909713745 40
1746055894758 0.06424334645271301 41
1746055896823 0.06492766737937927 42
1746055899057 0.06727167963981628 43
1746055901108 0.07449553161859512 44
1746055903158 0.07831757515668869 45
1746055905212 0.0695851668715477 46
1746055907272 0.076820507645607 47
1746055909324 0.0773247480392456 48
1746055911551 0.07443747669458389 49
1746055913613 0.07610718160867691 50
1746055915675 0.07760176807641983 51
1746055917739 0.08022138476371765 52
1746055919802 0.07958079874515533 53
1746055921887 0.08261795341968536 54
1746055924053 0.0784936472773552 55
1746055926097 0.08273115754127502 56
1746055928160 0.0817788690328598 57
1746055930216 0.07852616161108017 58
1746055932277 0.07773702591657639 59
1746055934362 0.08406524360179901 60
1746055936474 0.08235550671815872 61
1746055938532 0.08135093748569489 62
1746055940589 0.0901825875043869 63
1746055942655 0.09081385284662247 64
1746055944715 0.08660238236188889 65
1746055946826 0.08625543862581253 66
1746055949053 0.08874472975730896 67
1746055951105 0.09435337036848068 68
1746055953157 0.0942566990852356 69
1746055955221 0.09754843264818192 70
1746055957272 0.0964680090546608 71
1746055959504 0.10606258362531662 72
1746055961635 0.1032993495464325 73
1746055963692 0.1003139391541481 74
1746055965760 0.10837981104850769 75
1746055967832 0.11187633126974106 76
1746055969881 0.11066854745149612 77
1746055972061 0.10797129571437836 78
1746055974139 0.11371881514787674 79
1746055976199 0.10955627262592316 80
1746055977795 0.11721902340650558 81
