1746055809102 9.569024085998535 0
1746055811223 9.562116622924805 1
1746055813327 9.531790733337402 2
1746055815384 9.449119567871094 3
1746055817448 9.307236671447754 4
1746055819503 9.160890579223633 5
1746055821564 8.939032554626465 6
1746055823737 8.688251495361328 7
1746055825848 8.435442924499512 8
1746055827922 8.189265251159668 9
1746055829966 7.9013190269470215 10
1746055832019 7.623378276824951 11
1746055834074 7.368769645690918 12
1746055836262 7.152331352233887 13
1746055838359 6.87564754486084 14
1746055840412 6.768146514892578 15
1746055842473 6.673027992248535 16
1746055844522 6.635900974273682 17
1746055846569 6.717523097991943 18
1746055848772 6.856988906860352 19
1746055850927 6.827785968780518 20
1746055852983 6.835562705993652 21
1746055855041 6.702352046966553 22
1746055857113 6.724693298339844 23
1746055859174 6.757505893707275 24
1746055861360 6.640981674194336 25
1746055863425 6.697203159332275 26
1746055865481 6.68488073348999 27
1746055867550 6.646945476531982 28
1746055869606 6.662381172180176 29
1746055871661 6.606207847595215 30
1746055874015 6.65750789642334 31
1746055876078 6.632444858551025 32
1746055878134 6.628335952758789 33
1746055880191 6.605169296264648 34
1746055882254 6.67585563659668 35
1746055884314 6.662480354309082 36
1746055886529 6.590768814086914 37
1746055888604 6.600576400756836 38
1746055890653 6.614133358001709 39
1746055892704 6.602486610412598 40
1746055894758 6.643233776092529 41
1746055896823 6.573459625244141 42
1746055899057 6.5817484855651855 43
1746055901108 6.520975589752197 44
1746055903158 6.537591934204102 45
1746055905212 6.563305377960205 46
1746055907272 6.539676189422607 47
1746055909324 6.527369976043701 48
1746055911551 6.573147773742676 49
1746055913613 6.514692306518555 50
1746055915675 6.499152660369873 51
1746055917739 6.467418670654297 52
1746055919802 6.487456321716309 53
1746055921887 6.517107963562012 54
1746055924053 6.462569713592529 55
1746055926097 6.51658296585083 56
1746055928160 6.483396530151367 57
1746055930216 6.461111545562744 58
1746055932277 6.472010612487793 59
1746055934362 6.4120941162109375 60
1746055936474 6.447585582733154 61
1746055938532 6.457394599914551 62
1746055940589 6.3524394035339355 63
1746055942655 6.324587821960449 64
1746055944715 6.385869026184082 65
1746055946826 6.394985198974609 66
1746055949053 6.332605361938477 67
1746055951105 6.324137210845947 68
1746055953157 6.341275215148926 69
1746055955221 6.287195205688477 70
1746055957272 6.252001762390137 71
1746055959504 6.2581987380981445 72
1746055961635 6.255526542663574 73
1746055963692 6.283988952636719 74
1746055965760 6.251989841461182 75
1746055967832 6.253549098968506 76
1746055969881 6.235806465148926 77
1746055972061 6.227315425872803 78
1746055974139 6.1882123947143555 79
1746055976199 6.173874855041504 80
1746055977795 6.195650577545166 81
