1746055809102 0.0005263157894736842 0
1746055811223 0.0010526315789473684 1
1746055813327 0.0015789473684210526 2
1746055815384 0.002105263157894737 3
1746055817448 0.002631578947368421 4
1746055819503 0.003157894736842105 5
1746055821564 0.0036842105263157894 6
1746055823737 0.004210526315789474 7
1746055825848 0.004736842105263157 8
1746055827922 0.005263157894736842 9
1746055829966 0.005789473684210527 10
1746055832019 0.00631578947368421 11
1746055834074 0.006842105263157895 12
1746055836262 0.007368421052631579 13
1746055838359 0.007894736842105263 14
1746055840412 0.008421052631578947 15
1746055842473 0.008947368421052633 16
1746055844522 0.009473684210526315 17
1746055846569 0.01 18
1746055848772 0.009967637540453074 19
1746055850927 0.009935275080906148 20
1746055852983 0.009902912621359224 21
1746055855041 0.009870550161812298 22
1746055857113 0.009838187702265373 23
1746055859174 0.009805825242718447 24
1746055861360 0.009773462783171523 25
1746055863425 0.009741100323624595 26
1746055865481 0.00970873786407767 27
1746055867550 0.009676375404530745 28
1746055869606 0.009644012944983819 29
1746055871661 0.009611650485436893 30
1746055874015 0.009579288025889967 31
1746055876078 0.009546925566343041 32
1746055878134 0.009514563106796117 33
1746055880191 0.009482200647249191 34
1746055882254 0.009449838187702266 35
1746055884314 0.00941747572815534 36
1746055886529 0.009385113268608414 37
1746055888604 0.00935275080906149 38
1746055890653 0.009320388349514564 39
1746055892704 0.009288025889967638 40
1746055894758 0.009255663430420712 41
1746055896823 0.009223300970873786 42
1746055899057 0.00919093851132686 43
1746055901108 0.009158576051779936 44
1746055903158 0.00912621359223301 45
1746055905212 0.009093851132686084 46
1746055907272 0.009061488673139158 47
1746055909324 0.009029126213592234 48
1746055911551 0.008996763754045307 49
1746055913613 0.008964401294498383 50
1746055915675 0.008932038834951457 51
1746055917739 0.00889967637540453 52
1746055919802 0.008867313915857605 53
1746055921887 0.00883495145631068 54
1746055924053 0.008802588996763753 55
1746055926097 0.008770226537216829 56
1746055928160 0.008737864077669903 57
1746055930216 0.008705501618122977 58
1746055932277 0.008673139158576051 59
1746055934362 0.008640776699029126 60
1746055936474 0.008608414239482201 61
1746055938532 0.008576051779935276 62
1746055940589 0.00854368932038835 63
1746055942655 0.008511326860841424 64
1746055944715 0.0084789644012945 65
1746055946826 0.008446601941747572 66
1746055949053 0.008414239482200648 67
1746055951105 0.008381877022653722 68
1746055953157 0.008349514563106796 69
1746055955221 0.00831715210355987 70
1746055957272 0.008284789644012946 71
1746055959504 0.008252427184466019 72
1746055961635 0.008220064724919094 73
1746055963692 0.008187702265372169 74
1746055965760 0.008155339805825243 75
1746055967832 0.008122977346278317 76
1746055969881 0.008090614886731393 77
1746055972061 0.008058252427184467 78
1746055974139 0.00802588996763754 79
1746055976199 0.007993527508090615 80
1746055977795 0.007961165048543689 81
