1746030302563 0.0 0
1746030304851 0.0 1
1746030307017 0.0006584362126886845 2
1746030309128 0.055577103048563004 3
1746030311233 0.057816408574581146 4
1746030313344 0.060624659061431885 5
1746030315451 0.06046430021524429 6
1746030317729 0.05674070864915848 7
1746030319834 0.06251869350671768 8
1746030321936 0.06374552845954895 9
1746030324026 0.06003270298242569 10
1746030326129 0.06040643900632858 11
1746030328235 0.05928545817732811 12
1746030330663 0.05380879342556 13
1746030332786 0.05177220329642296 14
1746030334894 0.04549004137516022 15
1746030337002 0.037871889770030975 16
1746030339121 0.03663456067442894 17
1746030341355 0.040106043219566345 18
1746030343584 0.06042429432272911 19
1746030345695 0.06405001878738403 20
1746030347798 0.05570482835173607 21
1746030349914 0.06424225866794586 22
1746030352023 0.049605078995227814 23
1746030354292 0.04707976058125496 24
1746030356413 0.048394571989774704 25
1746030358519 0.05342326685786247 26
1746030360613 0.0479302816092968 27
1746030362737 0.04897166043519974 28
1746030364840 0.0556255504488945 29
1746030367256 0.06330648064613342 30
1746030369345 0.06807384639978409 31
1746030371444 0.06536541134119034 32
1746030373543 0.061422258615493774 33
1746030375661 0.0610010102391243 34
1746030377847 0.056502241641283035 35
1746030380090 0.05925872176885605 36
1746030382193 0.057905301451683044 37
1746030384298 0.05180855095386505 38
1746030386414 0.05191469192504883 39
1746030388514 0.055063702166080475 40
1746030390879 0.05843592807650566 41
1746030393021 0.05865344777703285 42
1746030395127 0.06477873772382736 43
1746030397248 0.05901268869638443 44
1746030399351 0.062381621450185776 45
1746030401459 0.062290970236063004 46
1746030403755 0.062422603368759155 47
1746030405891 0.05983823910355568 48
1746030407995 0.06605672091245651 49
1746030410103 0.059923745691776276 50
1746030412213 0.061380915343761444 51
1746030414322 0.06339303404092789 52
1746030416564 0.05752436816692352 53
1746030418678 0.0620754137635231 54
1746030420787 0.060659684240818024 55
1746030422894 0.05441940948367119 56
1746030424999 0.058453671634197235 57
1746030427200 0.060736943036317825 58
1746030429464 0.06585992872714996 59
1746030431582 0.06074105575680733 60
1746030433691 0.05599338933825493 61
1746030435824 0.061974845826625824 62
1746030437932 0.05924726650118828 63
1746030440359 0.06253359466791153 64
1746030442492 0.06043165549635887 65
1746030444597 0.06103711202740669 66
1746030446705 0.061319269239902496 67
1746030448825 0.06444171816110611 68
1746030450931 0.060479000210762024 69
1746030453323 0.061856307089328766 70
1746030455423 0.06318951398134232 71
1746030457531 0.06191990524530411 72
1746030459648 0.06267806142568588 73
1746030461752 0.07060946524143219 74
1746030464022 0.06515377759933472 75
1746030466172 0.0625041201710701 76
1746030468279 0.05752555653452873 77
1746030470388 0.06548822671175003 78
1746030472504 0.06315997987985611 79
1746030474616 0.06358750909566879 80
1746030476473 0.05668666213750839 81
1746031171480 0.06268364191055298 82
1746031173584 0.06693543493747711 83
1746031175898 0.06145841255784035 84
1746031178039 0.06373265385627747 85
1746031180152 0.06157099828124046 86
1746031182260 0.06289149075746536 87
1746031184383 0.05921945720911026 88
1746031186635 0.06300436705350876 89
1746031188819 0.06313914060592651 90
1746031190924 0.05746631324291229 91
1746031193034 0.0649917721748352 92
1746031195154 0.06598439812660217 93
1746031197261 0.062428511679172516 94
1746031199667 0.06174292415380478 95
1746031201795 0.06359580159187317 96
1746031203903 0.06563785672187805 97
1746031206021 0.0666954293847084 98
1746031208128 0.06355662643909454 99
1746031210236 0.066143698990345 100
1746031212615 0.06490138173103333 101
1746031214735 0.0671190619468689 102
1746031216872 0.06156623363494873 103
1746031218999 0.060842644423246384 104
1746031221093 0.06280025094747543 105
1746031223337 0.05225687101483345 106
1746031225462 0.055908203125 107
1746031227585 0.05914356932044029 108
1746031229695 0.06154748052358627 109
1746031231810 0.06029040366411209 110
1746031233919 0.06783273816108704 111
1746031236178 0.06513092666864395 112
1746031238289 0.059081681072711945 113
1746031240403 0.059488844126462936 114
1746031242515 0.06397511065006256 115
1746031244632 0.05848456919193268 116
1746031246740 0.06151069328188896 117
1746031249028 0.061765410006046295 118
1746031251156 0.05851218104362488 119
1746031253264 0.06035017967224121 120
1746031255376 0.06213532015681267 121
1746031257485 0.05834069848060608 122
1746031259650 0.05861269310116768 123
1746031261900 0.06371766328811646 124
1746031264005 0.06169551610946655 125
1746031266111 0.06695794314146042 126
1746031268230 0.0645831972360611 127
1746031270331 0.06255501508712769 128
1746031272689 0.06092337146401405 129
1746031274816 0.05972283333539963 130
1746031276918 0.06624921411275864 131
1746031279018 0.05865804851055145 132
1746031281124 0.06054168939590454 133
1746031283251 0.06244920194149017 134
1746031285667 0.05858154967427254 135
1746031287790 0.061646174639463425 136
1746031289889 0.05860175937414169 137
1746031292000 0.06360306590795517 138
1746031294104 0.06539242714643478 139
1746031296291 0.0626940131187439 140
1746031298582 0.05671773850917816 141
1746031300689 0.059122033417224884 142
1746031302796 0.056586503982543945 143
1746031304920 0.06386331468820572 144
1746031307041 0.061061400920152664 145
1746031309361 0.059631332755088806 146
1746031311485 0.054189469665288925 147
1746031313610 0.06372831016778946 148
1746031315739 0.060407716780900955 149
1746031317860 0.06297129392623901 150
1746031319970 0.056766245514154434 151
1746031322241 0.06217178702354431 152
1746031324370 0.06268519163131714 153
1746031326486 0.06322270631790161 154
1746031328589 0.06305141746997833 155
1746031330712 0.06443601846694946 156
1746031332828 0.06120515242218971 157
1746031335045 0.06481881439685822 158
1746031337157 0.060762979090213776 159
1746031339261 0.06500768661499023 160
1746031341383 0.05922746658325195 161
1746031343489 0.06713157892227173 162
1746031345115 0.060975611209869385 163
