1746030302563 9.539941787719727 0
1746030304851 9.531731605529785 1
1746030307017 9.318940162658691 2
1746030309128 9.006333351135254 3
1746030311233 8.769410133361816 4
1746030313344 8.495912551879883 5
1746030315451 8.219074249267578 6
1746030317729 7.910584926605225 7
1746030319834 7.566714763641357 8
1746030321936 7.217855930328369 9
1746030324026 6.978363037109375 10
1746030326129 6.810978412628174 11
1746030328235 6.644874095916748 12
1746030330663 6.696208477020264 13
1746030332786 6.813720226287842 14
1746030334894 6.859724998474121 15
1746030337002 6.863469123840332 16
1746030339121 6.6835784912109375 17
1746030341355 6.763449668884277 18
1746030343584 6.7438764572143555 19
1746030345695 6.686142921447754 20
1746030347798 6.738729476928711 21
1746030349914 6.679660797119141 22
1746030352023 6.6770219802856445 23
1746030354292 6.695798397064209 24
1746030356413 6.652173042297363 25
1746030358519 6.7224555015563965 26
1746030360613 6.673009872436523 27
1746030362737 6.700613498687744 28
1746030364840 6.692446708679199 29
1746030367256 6.624301433563232 30
1746030369345 6.657890319824219 31
1746030371444 6.64802885055542 32
1746030373543 6.618012428283691 33
1746030375661 6.617121696472168 34
1746030377847 6.685338973999023 35
1746030380090 6.618025302886963 36
1746030382193 6.691710472106934 37
1746030384298 6.65741491317749 38
1746030386414 6.621646404266357 39
1746030388514 6.697438716888428 40
1746030390879 6.640774250030518 41
1746030393021 6.5586748123168945 42
1746030395127 6.6167120933532715 43
1746030397248 6.666064739227295 44
1746030399351 6.60737419128418 45
1746030401459 6.556178092956543 46
1746030403755 6.633907794952393 47
1746030405891 6.598629474639893 48
1746030407995 6.581157684326172 49
1746030410103 6.602774620056152 50
1746030412213 6.581551551818848 51
1746030414322 6.62191915512085 52
1746030416564 6.667572498321533 53
1746030418678 6.577156066894531 54
1746030420787 6.561890602111816 55
1746030422894 6.608773708343506 56
1746030424999 6.590236663818359 57
1746030427200 6.613853931427002 58
1746030429464 6.62420654296875 59
1746030431582 6.5968194007873535 60
1746030433691 6.638725757598877 61
1746030435824 6.570505619049072 62
1746030437932 6.631990909576416 63
1746030440359 6.552597522735596 64
1746030442492 6.5836710929870605 65
1746030444597 6.583660125732422 66
1746030446705 6.62912130355835 67
1746030448825 6.6161603927612305 68
1746030450931 6.588230133056641 69
1746030453323 6.562346458435059 70
1746030455423 6.581636428833008 71
1746030457531 6.6269049644470215 72
1746030459648 6.5768914222717285 73
1746030461752 6.52912712097168 74
1746030464022 6.611264228820801 75
1746030466172 6.616047382354736 76
1746030468279 6.632319927215576 77
1746030470388 6.573670864105225 78
1746030472504 6.557324409484863 79
1746030474616 6.595152378082275 80
1746030476473 6.579978942871094 81
1746031171480 6.550792694091797 82
1746031173584 6.540921688079834 83
1746031175898 6.590033054351807 84
1746031178039 6.564496994018555 85
1746031180152 6.623015880584717 86
1746031182260 6.560788154602051 87
1746031184383 6.609860897064209 88
1746031186635 6.573556423187256 89
1746031188819 6.578160762786865 90
1746031190924 6.5956501960754395 91
1746031193034 6.547190189361572 92
1746031195154 6.60242223739624 93
1746031197261 6.591093063354492 94
1746031199667 6.591517448425293 95
1746031201795 6.533928871154785 96
1746031203903 6.553988456726074 97
1746031206021 6.5723676681518555 98
1746031208128 6.584662914276123 99
1746031210236 6.518657207489014 100
1746031212615 6.567770004272461 101
1746031214735 6.523236274719238 102
1746031216872 6.524139881134033 103
1746031218999 6.581892967224121 104
1746031221093 6.598842620849609 105
1746031223337 6.636679172515869 106
1746031225462 6.589169502258301 107
1746031227585 6.5720062255859375 108
1746031229695 6.539306640625 109
1746031231810 6.617245674133301 110
1746031233919 6.5649237632751465 111
1746031236178 6.535292148590088 112
1746031238289 6.576134204864502 113
1746031240403 6.572516918182373 114
1746031242515 6.54849100112915 115
1746031244632 6.616302490234375 116
1746031246740 6.588905334472656 117
1746031249028 6.528501510620117 118
1746031251156 6.579904556274414 119
1746031253264 6.561723232269287 120
1746031255376 6.588320255279541 121
1746031257485 6.593016624450684 122
1746031259650 6.592177391052246 123
1746031261900 6.493414402008057 124
1746031264005 6.558462142944336 125
1746031266111 6.502880573272705 126
1746031268230 6.555882453918457 127
1746031270331 6.580195903778076 128
1746031272689 6.551372528076172 129
1746031274816 6.568487167358398 130
1746031276918 6.552567481994629 131
1746031279018 6.570060729980469 132
1746031281124 6.6370463371276855 133
1746031283251 6.54538106918335 134
1746031285667 6.5594482421875 135
1746031287790 6.596841335296631 136
1746031289889 6.572192668914795 137
1746031292000 6.600113868713379 138
1746031294104 6.577518463134766 139
1746031296291 6.569004535675049 140
1746031298582 6.584580898284912 141
1746031300689 6.584341049194336 142
1746031302796 6.611153602600098 143
1746031304920 6.572609901428223 144
1746031307041 6.531245231628418 145
1746031309361 6.599704265594482 146
1746031311485 6.631346225738525 147
1746031313610 6.550318241119385 148
1746031315739 6.601025581359863 149
1746031317860 6.570649147033691 150
1746031319970 6.615764617919922 151
1746031322241 6.555298805236816 152
1746031324370 6.550687313079834 153
1746031326486 6.555012226104736 154
1746031328589 6.508180141448975 155
1746031330712 6.589202880859375 156
1746031332828 6.5976433753967285 157
1746031335045 6.514636516571045 158
1746031337157 6.592937469482422 159
1746031339261 6.578390121459961 160
1746031341383 6.544732093811035 161
1746031343489 6.575658321380615 162
1746031345115 6.565852165222168 163
