1746030302563 0.0005263157894736842 0
1746030304851 0.0010526315789473684 1
1746030307017 0.0015789473684210526 2
1746030309128 0.002105263157894737 3
1746030311233 0.002631578947368421 4
1746030313344 0.003157894736842105 5
1746030315451 0.0036842105263157894 6
1746030317729 0.004210526315789474 7
1746030319834 0.004736842105263157 8
1746030321936 0.005263157894736842 9
1746030324026 0.005789473684210527 10
1746030326129 0.00631578947368421 11
1746030328235 0.006842105263157895 12
1746030330663 0.007368421052631579 13
1746030332786 0.007894736842105263 14
1746030334894 0.008421052631578947 15
1746030337002 0.008947368421052633 16
1746030339121 0.009473684210526315 17
1746030341355 0.01 18
1746030343584 0.009967637540453074 19
1746030345695 0.009935275080906148 20
1746030347798 0.009902912621359224 21
1746030349914 0.009870550161812298 22
1746030352023 0.009838187702265373 23
1746030354292 0.009805825242718447 24
1746030356413 0.009773462783171523 25
1746030358519 0.009741100323624595 26
1746030360613 0.00970873786407767 27
1746030362737 0.009676375404530745 28
1746030364840 0.009644012944983819 29
1746030367256 0.009611650485436893 30
1746030369345 0.009579288025889967 31
1746030371444 0.009546925566343041 32
1746030373543 0.009514563106796117 33
1746030375661 0.009482200647249191 34
1746030377847 0.009449838187702266 35
1746030380090 0.00941747572815534 36
1746030382193 0.009385113268608414 37
1746030384298 0.00935275080906149 38
1746030386414 0.009320388349514564 39
1746030388514 0.009288025889967638 40
1746030390879 0.009255663430420712 41
1746030393021 0.009223300970873786 42
1746030395127 0.00919093851132686 43
1746030397248 0.009158576051779936 44
1746030399351 0.00912621359223301 45
1746030401459 0.009093851132686084 46
1746030403755 0.009061488673139158 47
1746030405891 0.009029126213592234 48
1746030407995 0.008996763754045307 49
1746030410103 0.008964401294498383 50
1746030412213 0.008932038834951457 51
1746030414322 0.00889967637540453 52
1746030416564 0.008867313915857605 53
1746030418678 0.00883495145631068 54
1746030420787 0.008802588996763753 55
1746030422894 0.008770226537216829 56
1746030424999 0.008737864077669903 57
1746030427200 0.008705501618122977 58
1746030429464 0.008673139158576051 59
1746030431582 0.008640776699029126 60
1746030433691 0.008608414239482201 61
1746030435824 0.008576051779935276 62
1746030437932 0.00854368932038835 63
1746030440359 0.008511326860841424 64
1746030442492 0.0084789644012945 65
1746030444597 0.008446601941747572 66
1746030446705 0.008414239482200648 67
1746030448825 0.008381877022653722 68
1746030450931 0.008349514563106796 69
1746030453323 0.00831715210355987 70
1746030455423 0.008284789644012946 71
1746030457531 0.008252427184466019 72
1746030459648 0.008220064724919094 73
1746030461752 0.008187702265372169 74
1746030464022 0.008155339805825243 75
1746030466172 0.008122977346278317 76
1746030468279 0.008090614886731393 77
1746030470388 0.008058252427184467 78
1746030472504 0.00802588996763754 79
1746030474616 0.007993527508090615 80
1746030476473 0.007961165048543689 81
1746031171480 0.007928802588996763 82
1746031173584 0.007896440129449837 83
1746031175898 0.007864077669902913 84
1746031178039 0.007831715210355987 85
1746031180152 0.0077993527508090615 86
1746031182260 0.007766990291262136 87
1746031184383 0.007734627831715211 88
1746031186635 0.007702265372168285 89
1746031188819 0.00766990291262136 90
1746031190924 0.007637540453074434 91
1746031193034 0.007605177993527508 92
1746031195154 0.007572815533980583 93
1746031197261 0.007540453074433657 94
1746031199667 0.007508090614886731 95
1746031201795 0.007475728155339806 96
1746031203903 0.007443365695792881 97
1746031206021 0.007411003236245954 98
1746031208128 0.007378640776699029 99
1746031210236 0.007346278317152104 100
1746031212615 0.007313915857605178 101
1746031214735 0.007281553398058253 102
1746031216872 0.007249190938511328 103
1746031218999 0.007216828478964401 104
1746031221093 0.007184466019417476 105
1746031223337 0.007152103559870551 106
1746031225462 0.007119741100323624 107
1746031227585 0.007087378640776699 108
1746031229695 0.007055016181229773 109
1746031231810 0.007022653721682848 110
1746031233919 0.006990291262135922 111
1746031236178 0.0069579288025889965 112
1746031238289 0.0069255663430420715 113
1746031240403 0.006893203883495146 114
1746031242515 0.00686084142394822 115
1746031244632 0.006828478964401295 116
1746031246740 0.00679611650485437 117
1746031249028 0.006763754045307443 118
1746031251156 0.006731391585760518 119
1746031253264 0.006699029126213593 120
1746031255376 0.006666666666666666 121
1746031257485 0.006634304207119741 122
1746031259650 0.006601941747572816 123
1746031261900 0.0065695792880258895 124
1746031264005 0.0065372168284789645 125
1746031266111 0.0065048543689320395 126
1746031268230 0.006472491909385113 127
1746031270331 0.006440129449838188 128
1746031272689 0.006407766990291263 129
1746031274816 0.006375404530744337 130
1746031276918 0.006343042071197411 131
1746031279018 0.006310679611650486 132
1746031281124 0.00627831715210356 133
1746031283251 0.006245954692556635 134
1746031285667 0.006213592233009708 135
1746031287790 0.006181229773462783 136
1746031289889 0.006148867313915858 137
1746031292000 0.0061165048543689315 138
1746031294104 0.0060841423948220065 139
1746031296291 0.0060517799352750815 140
1746031298582 0.006019417475728155 141
1746031300689 0.00598705501618123 142
1746031302796 0.005954692556634305 143
1746031304920 0.005922330097087378 144
1746031307041 0.005889967637540453 145
1746031309361 0.005857605177993528 146
1746031311485 0.005825242718446601 147
1746031313610 0.005792880258899676 148
1746031315739 0.005760517799352751 149
1746031317860 0.005728155339805825 150
1746031319970 0.0056957928802588995 151
1746031322241 0.0056634304207119745 152
1746031324370 0.005631067961165049 153
1746031326486 0.005598705501618124 154
1746031328589 0.005566343042071198 155
1746031330712 0.005533980582524272 156
1746031332828 0.005501618122977347 157
1746031335045 0.005469255663430421 158
1746031337157 0.005436893203883495 159
1746031339261 0.00540453074433657 160
1746031341383 0.005372168284789643 161
1746031343489 0.005339805825242718 162
1746031345115 0.005307443365695793 163
