1746034698984 6.946856592549011e-05 0
1746034704463 0.0 1
1746034710956 0.0001233882358064875 2
1746034716567 0.00012477385462261736 3
1746034722495 7.107825513230637e-05 4
1746034728211 7.571168680442497e-05 5
1746034733734 5.97407270106487e-05 6
1746034739972 8.054123463807628e-05 7
1746034745477 0.0004079689970239997 8
1746034751936 0.0004654951626434922 9
1746034757444 0.00030050333589315414 10
1746034763867 7.470491254935041e-05 11
1746034769352 0.011758118867874146 12
1746034775497 0.011624817736446857 13
1746034781149 0.011563143692910671 14
1746034786659 0.01267983391880989 15
1746034792867 0.05970240756869316 16
1746034798389 0.059947673231363297 17
1746034804822 0.05353967845439911 18
1746034810341 0.05398555472493172 19
1746034816773 0.05443195998668671 20
1746034822244 0.05247153714299202 21
1746034828555 0.04987549036741257 22
1746034834087 0.05495087429881096 23
1746034839799 0.05047513172030449 24
1746034845676 0.05110691115260124 25
1746034851150 0.04899255931377411 26
1746034857505 0.048861388117074966 27
1746034863006 0.04685875400900841 28
1746034869427 0.05291073024272919 29
1746034874905 0.047657083719968796 30
1746034881360 0.05302762985229492 31
1746034886907 0.05134223401546478 32
1746034892936 0.04687067121267319 33
1746034898700 0.05052114278078079 34
1746034904186 0.05137776583433151 35
1746034910445 0.049260422587394714 36
1746034915938 0.04906570911407471 37
1746034922346 0.051609382033348083 38
1746034927874 0.05245373025536537 39
1746034934299 0.05219235271215439 40
1746034939833 0.05015221983194351 41
1746034946008 0.05086352676153183 42
1746034951634 0.04634161666035652 43
1746034957262 0.05583322420716286 44
1746034963290 0.05680202692747116 45
1746034968752 0.05569125711917877 46
1746034975168 0.05694710463285446 47
1746034980651 0.05929816514253616 48
1746034987106 0.05730890855193138 49
1746034992599 0.06176002323627472 50
1746034998938 0.06153181567788124 51
1746035004443 0.059529099613428116 52
1746035010254 0.06228945031762123 53
1746035016074 0.06321839243173599 54
1746035021538 0.06239137053489685 55
1746035027869 0.05861065909266472 56
1746035033373 0.06582953035831451 57
1746035039783 0.06524784862995148 58
1746035045294 0.06445693224668503 59
1746035051740 0.05844314396381378 60
1746035057265 0.06204036995768547 61
1746035063329 0.06124570965766907 62
1746035069009 0.06167057156562805 63
1746035074476 0.061574894934892654 64
1746035080712 0.0603964701294899 65
1746035086200 0.05287609249353409 66
1746035092629 0.0631379708647728 67
1746035098120 0.054515235126018524 68
1746035104510 0.05419720709323883 69
1746035110013 0.05877301096916199 70
1746035116227 0.056902382522821426 71
1746035121836 0.05751223489642143 72
1746035127436 0.05468002334237099 73
1746035133435 0.05711774900555611 74
1746035138924 0.05754050612449646 75
1746035145345 0.058572299778461456 76
1746035150843 0.0611647330224514 77
1746035157344 0.05866803601384163 78
1746035162829 0.05824704095721245 79
1746035169273 0.058383867144584656 80
1746035173506 0.060442909598350525 81
1746035684304 0.05381004139780998 82
1746035690715 0.05357828736305237 83
1746035696205 0.05100168660283089 84
1746035702675 0.051634084433317184 85
1746035708184 0.05050691217184067 86
1746035714217 0.04701542481780052 87
1746035719942 0.05363113433122635 88
1746035725440 0.05323929712176323 89
1746035731649 0.05060375854372978 90
1746035737137 0.05221817269921303 91
1746035743591 0.05687611550092697 92
1746035749110 0.050235576927661896 93
1746035755544 0.051593225449323654 94
1746035761090 0.0535336434841156 95
1746035767364 0.04986714571714401 96
1746035772964 0.05107508972287178 97
1746035778635 0.04916512221097946 98
1746035784621 0.04728272929787636 99
1746035790120 0.04780992493033409 100
1746035796553 0.04876197129487991 101
1746035802085 0.0529368631541729 102
1746035808488 0.05036656931042671 103
1746035813979 0.05142093077301979 104
1746035820481 0.05126573145389557 105
1746035825998 0.06078789383172989 106
1746035831980 0.05590249225497246 107
1746035837707 0.06208804249763489 108
1746035843237 0.05970505625009537 109
1746035849486 0.06251174211502075 110
1746035854993 0.058850839734077454 111
1746035861450 0.060458313673734665 112
1746035866956 0.06013745814561844 113
1746035873384 0.06306245923042297 114
1746035878907 0.06459114700555801 115
1746035885159 0.0655621737241745 116
1746035890776 0.060139257460832596 117
1746035896394 0.05639215558767319 118
1746035902418 0.06069958955049515 119
1746035907900 0.061872366815805435 120
1746035914341 0.06332369148731232 121
1746035919868 0.059998519718647 122
1746035926363 0.06325423717498779 123
1746035931883 0.06346786767244339 124
1746035938314 0.06170808896422386 125
1746035943818 0.06390677392482758 126
1746035949811 0.057699054479599 127
1746035955549 0.06548292189836502 128
1746035961058 0.06302013993263245 129
1746035967338 0.06243329867720604 130
1746035972819 0.06151386722922325 131
1746035979217 0.064967580139637 132
1746035984726 0.05716120824217796 133
1746035991139 0.06690468639135361 134
1746035996652 0.06333985179662704 135
1746036002797 0.06557808816432953 136
1746036008478 0.059093259274959564 137
1746036014056 0.06337974220514297 138
1746036020222 0.06252004206180573 139
1746036025730 0.06246870383620262 140
1746036032146 0.06155763193964958 141
1746036037641 0.06276336312294006 142
1746036044054 0.060774847865104675 143
1746036049535 0.059745416045188904 144
1746036055901 0.06118934229016304 145
1746036061400 0.05803024023771286 146
1746036067237 0.06479724496603012 147
1746036073079 0.06025143340229988 148
1746036078595 0.05881084129214287 149
1746036084873 0.06434278190135956 150
1746036090391 0.06209894269704819 151
1746036096792 0.06352810561656952 152
1746036102286 0.0599190816283226 153
1746036108725 0.06838975101709366 154
1746036114234 0.07263045758008957 155
1746036120377 0.06980351358652115 156
1746036126043 0.06551405042409897 157
1746036131639 0.05686688423156738 158
1746036137749 0.051199138164520264 159
1746036143275 0.05510012060403824 160
1746036149713 0.05480557307600975 161
1746036155210 0.07140962779521942 162
1746036160243 0.06325152516365051 163
1746036703714 0.058894459158182144 164
1746036710019 0.05966586992144585 165
1746036715489 0.05998161435127258 166
1746036721923 0.06545223295688629 167
1746036727418 0.06423429399728775 168
1746036733926 0.06270965933799744 169
1746036739434 0.0586027093231678 170
1746036745729 0.062007009983062744 171
1746036751385 0.05979985371232033 172
1746036756949 0.06271471828222275 173
1746036762976 0.05746857076883316 174
1746036768461 0.059646911919116974 175
1746036774858 0.06146039068698883 176
1746036780347 0.06199081242084503 177
1746036786796 0.06221281737089157 178
1746036792309 0.0651739314198494 179
1746036798720 0.0615842379629612 180
1746036804231 0.06432663649320602 181
1746036810104 0.06304045766592026 182
1746036815947 0.06328200548887253 183
1746036821448 0.059853147715330124 184
1746036827760 0.06319501250982285 185
1746036833257 0.06366822123527527 186
1746036839681 0.0604935847222805 187
1746036845158 0.06374207884073257 188
1746036851609 0.06460462510585785 189
1746036857153 0.06142676621675491 190
1746036863241 0.06226876750588417 191
1746036868927 0.0601913258433342 192
1746036874418 0.06415506452322006 193
1746036880582 0.06354018300771713 194
1746036886098 0.06016466021537781 195
1746036892513 0.06566855311393738 196
1746036898027 0.060809917747974396 197
1746036904433 0.06096333637833595 198
1746036909927 0.06141657382249832 199
1746036916191 0.06166316568851471 200
1746036921810 0.06283514946699142 201
1746036927431 0.06358896195888519 202
1746036933418 0.06044337898492813 203
1746036938900 0.0652904063463211 204
1746036945338 0.06325604766607285 205
1746036950838 0.06526360660791397 206
1746036957274 0.06545169651508331 207
1746036962748 0.06148030236363411 208
1746036969157 0.06168345734477043 209
1746036974739 0.06143943965435028 210
1746036980660 0.06287387758493423 211
1746036986401 0.0633324459195137 212
1746036991874 0.06387144327163696 213
1746036998161 0.06169527769088745 214
1746037003664 0.06255678832530975 215
1746037010118 0.06385128200054169 216
1746037015618 0.06379597634077072 217
1746037022024 0.0641380250453949 218
1746037027508 0.06176294386386871 219
1746037033643 0.06677238643169403 220
1746037039349 0.06853020936250687 221
1746037044841 0.06334692984819412 222
1746037051001 0.0666532963514328 223
1746037056552 0.06128152832388878 224
1746037062989 0.06334143877029419 225
1746037068524 0.05978340283036232 226
1746037074973 0.06433813273906708 227
1746037080516 0.068193718791008 228
1746037086875 0.06721515208482742 229
1746037092386 0.06350085884332657 230
1746037098231 0.0649847611784935 231
1746037104071 0.06404945254325867 232
1746037109589 0.06554921716451645 233
1746037115874 0.06779941916465759 234
1746037121375 0.06480447202920914 235
1746037127813 0.06936919689178467 236
1746037133306 0.06981635838747025 237
1746037139722 0.06507059186697006 238
1746037145239 0.06897401064634323 239
1746037151191 0.07030609250068665 240
1746037156955 0.06605611741542816 241
1746037162466 0.06910095363855362 242
1746037168714 0.07156684249639511 243
1746037174197 0.07765298336744308 244
1746037179326 0.07247795909643173 245
1746037704467 0.07393400371074677 246
1746037710339 0.0745031014084816 247
1746037716122 0.07227504253387451 248
1746037721635 0.0708470568060875 249
1746037727966 0.0752844363451004 250
1746037733462 0.076799176633358 251
1746037739874 0.0781073123216629 252
1746037745352 0.07735686004161835 253
1746037751763 0.07831523567438126 254
1746037757241 0.07446260750293732 255
1746037763353 0.08073917031288147 256
1746037769005 0.08403509855270386 257
1746037774472 0.0739864856004715 258
1746037780632 0.08005618304014206 259
1746037786194 0.07759132981300354 260
1746037792628 0.07909492403268814 261
1746037798133 0.078555628657341 262
1746037804546 0.07917065173387527 263
1746037810029 0.07935034483671188 264
1746037816317 0.07679212093353271 265
1746037821903 0.07584162801504135 266
1746037827623 0.07465766370296478 267
1746037833524 0.08074981719255447 268
1746037839027 0.07521719485521317 269
1746037845381 0.07949430495500565 270
1746037850883 0.0791311115026474 271
1746037857301 0.0828905999660492 272
1746037862782 0.08149764686822891 273
1746037869193 0.08469966053962708 274
1746037874689 0.07962445169687271 275
1746037880597 0.07776754349470139 276
1746037886369 0.08360598981380463 277
1746037891852 0.07782150059938431 278
1746037898098 0.07489354908466339 279
1746037903592 0.08066828548908234 280
1746037910001 0.07920855283737183 281
1746037915496 0.07596763223409653 282
1746037921901 0.08110693842172623 283
1746037927384 0.0826709046959877 284
1746037933475 0.07940930873155594 285
1746037939170 0.08099523186683655 286
1746037944675 0.07639234513044357 287
1746037950847 0.0839429423213005 288
1746037956343 0.0835288017988205 289
1746037962768 0.07926702499389648 290
1746037968271 0.0794549435377121 291
1746037974654 0.07894587516784668 292
1746037980132 0.07884994894266129 293
1746037986348 0.08067633211612701 294
1746037991952 0.08396421372890472 295
1746037997588 0.080166757106781 296
1746038003664 0.08451913297176361 297
1746038009170 0.07896830886602402 298
1746038015551 0.08067692071199417 299
1746038021040 0.08086951076984406 300
1746038027519 0.08733624219894409 301
1746038033026 0.0842578113079071 302
1746038039394 0.07632797211408615 303
1746038044888 0.08451327681541443 304
1746038050708 0.08282040804624557 305
1746038056511 0.07804390043020248 306
1746038062041 0.08471164107322693 307
1746038068369 0.0849415510892868 308
1746038073849 0.08063706755638123 309
1746038080260 0.08226414769887924 310
1746038085750 0.0808352530002594 311
1746038092212 0.08070841431617737 312
1746038097701 0.08068522065877914 313
1746038103728 0.08030484616756439 314
1746038109389 0.08229858428239822 315
1746038114896 0.08059345185756683 316
1746038121126 0.08572892099618912 317
1746038126650 0.08459051698446274 318
1746038133064 0.07850762456655502 319
1746038138549 0.07980953902006149 320
1746038144959 0.08238636702299118 321
1746038150467 0.08642062544822693 322
1746038156735 0.07872439920902252 323
1746038162313 0.08384785056114197 324
1746038167968 0.082822285592556 325
1746038173904 0.08304891735315323 326
1746038178125 0.08081671595573425 327
