1746034698984 2.3909897804260254 0
1746034704463 2.3936502933502197 1
1746034710956 2.392165184020996 2
1746034716567 2.393178939819336 3
1746034722495 2.395418882369995 4
1746034728211 2.3942863941192627 5
1746034733734 2.391636371612549 6
1746034739972 2.393298625946045 7
1746034745477 2.3516688346862793 8
1746034751936 2.350533962249756 9
1746034757444 2.3531835079193115 10
1746034763867 2.3524906635284424 11
1746034769352 2.276960611343384 12
1746034775497 2.278520345687866 13
1746034781149 2.280090808868408 14
1746034786659 2.282904863357544 15
1746034792867 2.168682813644409 16
1746034798389 2.170469284057617 17
1746034804822 2.172466993331909 18
1746034810341 2.1767995357513428 19
1746034816773 2.0465946197509766 20
1746034822244 2.0432021617889404 21
1746034828555 2.055551290512085 22
1746034834087 2.048194169998169 23
1746034839799 1.9254209995269775 24
1746034845676 1.9264967441558838 25
1746034851150 1.9255685806274414 26
1746034857505 1.9284868240356445 27
1746034863006 1.8330820798873901 28
1746034869427 1.8188555240631104 29
1746034874905 1.826786756515503 30
1746034881360 1.8273698091506958 31
1746034886907 1.7543517351150513 32
1746034892936 1.7510775327682495 33
1746034898700 1.7466567754745483 34
1746034904186 1.7503631114959717 35
1746034910445 1.712709665298462 36
1746034915938 1.6979392766952515 37
1746034922346 1.6988173723220825 38
1746034927874 1.6954914331436157 39
1746034934299 1.684816837310791 40
1746034939833 1.6728214025497437 41
1746034946008 1.6917856931686401 42
1746034951634 1.679831862449646 43
1746034957262 1.6718251705169678 44
1746034963290 1.670561671257019 45
1746034968752 1.6557800769805908 46
1746034975168 1.6776238679885864 47
1746034980651 1.6872472763061523 48
1746034987106 1.67546808719635 49
1746034992599 1.6736723184585571 50
1746034998938 1.6847234964370728 51
1746035004443 1.6925928592681885 52
1746035010254 1.7004085779190063 53
1746035016074 1.680877685546875 54
1746035021538 1.6807900667190552 55
1746035027869 1.688307523727417 56
1746035033373 1.6785966157913208 57
1746035039783 1.6757973432540894 58
1746035045294 1.673858404159546 59
1746035051740 1.6765692234039307 60
1746035057265 1.6797853708267212 61
1746035063329 1.6750835180282593 62
1746035069009 1.670772910118103 63
1746035074476 1.6684355735778809 64
1746035080712 1.669177770614624 65
1746035086200 1.6773864030838013 66
1746035092629 1.656509518623352 67
1746035098120 1.6645550727844238 68
1746035104510 1.6593760251998901 69
1746035110013 1.6712960004806519 70
1746035116227 1.6582038402557373 71
1746035121836 1.6606343984603882 72
1746035127436 1.672163486480713 73
1746035133435 1.6645718812942505 74
1746035138924 1.6609842777252197 75
1746035145345 1.6675457954406738 76
1746035150843 1.661517858505249 77
1746035157344 1.662373661994934 78
1746035162829 1.6616464853286743 79
1746035169273 1.6642818450927734 80
1746035173506 1.6565759181976318 81
1746035684304 1.6476484537124634 82
1746035690715 1.6581456661224365 83
1746035696205 1.66423499584198 84
1746035702675 1.6430084705352783 85
1746035708184 1.6557625532150269 86
1746035714217 1.6430118083953857 87
1746035719942 1.6388777494430542 88
1746035725440 1.642756700515747 89
1746035731649 1.6539421081542969 90
1746035737137 1.6524848937988281 91
1746035743591 1.6427772045135498 92
1746035749110 1.6495712995529175 93
1746035755544 1.6430764198303223 94
1746035761090 1.6460564136505127 95
1746035767364 1.6557412147521973 96
1746035772964 1.661098599433899 97
1746035778635 1.6470732688903809 98
1746035784621 1.6564726829528809 99
1746035790120 1.6563761234283447 100
1746035796553 1.6461001634597778 101
1746035802085 1.6429309844970703 102
1746035808488 1.6444133520126343 103
1746035813979 1.6412557363510132 104
1746035820481 1.6537703275680542 105
1746035825998 1.629909873008728 106
1746035831980 1.643805742263794 107
1746035837707 1.6354553699493408 108
1746035843237 1.6399258375167847 109
1746035849486 1.6618373394012451 110
1746035854993 1.6594367027282715 111
1746035861450 1.6566545963287354 112
1746035866956 1.6509625911712646 113
1746035873384 1.643476963043213 114
1746035878907 1.6558388471603394 115
1746035885159 1.6539440155029297 116
1746035890776 1.6437294483184814 117
1746035896394 1.6405009031295776 118
1746035902418 1.6488357782363892 119
1746035907900 1.6316977739334106 120
1746035914341 1.6400479078292847 121
1746035919868 1.6496502161026 122
1746035926363 1.6374754905700684 123
1746035931883 1.6420962810516357 124
1746035938314 1.6374049186706543 125
1746035943818 1.633041262626648 126
1746035949811 1.6514211893081665 127
1746035955549 1.6482723951339722 128
1746035961058 1.6397147178649902 129
1746035967338 1.6428492069244385 130
1746035972819 1.65224027633667 131
1746035979217 1.6434067487716675 132
1746035984726 1.6445928812026978 133
1746035991139 1.6505134105682373 134
1746035996652 1.6477502584457397 135
1746036002797 1.6354337930679321 136
1746036008478 1.6526230573654175 137
1746036014056 1.645778775215149 138
1746036020222 1.6346721649169922 139
1746036025730 1.6486320495605469 140
1746036032146 1.6488115787506104 141
1746036037641 1.6401501893997192 142
1746036044054 1.6448816061019897 143
1746036049535 1.6392711400985718 144
1746036055901 1.6427754163742065 145
1746036061400 1.645342469215393 146
1746036067237 1.6482160091400146 147
1746036073079 1.6436617374420166 148
1746036078595 1.6517664194107056 149
1746036084873 1.633178949356079 150
1746036090391 1.6398155689239502 151
1746036096792 1.6562527418136597 152
1746036102286 1.6343823671340942 153
1746036108725 1.641653060913086 154
1746036114234 1.6358094215393066 155
1746036120377 1.6424791812896729 156
1746036126043 1.6393232345581055 157
1746036131639 1.6735520362854004 158
1746036137749 1.6886260509490967 159
1746036143275 1.6837108135223389 160
1746036149713 1.6820805072784424 161
1746036155210 1.644050121307373 162
1746036160243 1.6474201679229736 163
1746036703714 1.6391596794128418 164
1746036710019 1.6365933418273926 165
1746036715489 1.636410117149353 166
1746036721923 1.6457284688949585 167
1746036727418 1.6404132843017578 168
1746036733926 1.645352840423584 169
1746036739434 1.6421802043914795 170
1746036745729 1.6428624391555786 171
1746036751385 1.650143027305603 172
1746036756949 1.6399447917938232 173
1746036762976 1.6512174606323242 174
1746036768461 1.6510791778564453 175
1746036774858 1.6383731365203857 176
1746036780347 1.6467924118041992 177
1746036786796 1.6416547298431396 178
1746036792309 1.6474719047546387 179
1746036798720 1.634900450706482 180
1746036804231 1.6266876459121704 181
1746036810104 1.6351432800292969 182
1746036815947 1.6407376527786255 183
1746036821448 1.6446136236190796 184
1746036827760 1.6370373964309692 185
1746036833257 1.6477587223052979 186
1746036839681 1.630183219909668 187
1746036845158 1.6401845216751099 188
1746036851609 1.633028507232666 189
1746036857153 1.6308530569076538 190
1746036863241 1.6318575143814087 191
1746036868927 1.6361229419708252 192
1746036874418 1.6348422765731812 193
1746036880582 1.6448725461959839 194
1746036886098 1.6359493732452393 195
1746036892513 1.6463879346847534 196
1746036898027 1.6366711854934692 197
1746036904433 1.654585599899292 198
1746036909927 1.6375174522399902 199
1746036916191 1.6406373977661133 200
1746036921810 1.6385200023651123 201
1746036927431 1.6503486633300781 202
1746036933418 1.6399153470993042 203
1746036938900 1.633700966835022 204
1746036945338 1.6360021829605103 205
1746036950838 1.6419193744659424 206
1746036957274 1.6351701021194458 207
1746036962748 1.6373271942138672 208
1746036969157 1.6386306285858154 209
1746036974739 1.6442570686340332 210
1746036980660 1.6474997997283936 211
1746036986401 1.6351152658462524 212
1746036991874 1.6294581890106201 213
1746036998161 1.643039345741272 214
1746037003664 1.633574366569519 215
1746037010118 1.638200044631958 216
1746037015618 1.6271893978118896 217
1746037022024 1.6430357694625854 218
1746037027508 1.6303950548171997 219
1746037033643 1.6378955841064453 220
1746037039349 1.637152075767517 221
1746037044841 1.6410598754882812 222
1746037051001 1.6357040405273438 223
1746037056552 1.6468698978424072 224
1746037062989 1.6446467638015747 225
1746037068524 1.6424963474273682 226
1746037074973 1.6366419792175293 227
1746037080516 1.6298370361328125 228
1746037086875 1.628691554069519 229
1746037092386 1.6412372589111328 230
1746037098231 1.6325079202651978 231
1746037104071 1.643606185913086 232
1746037109589 1.6322046518325806 233
1746037115874 1.6302976608276367 234
1746037121375 1.6371303796768188 235
1746037127813 1.6388497352600098 236
1746037133306 1.6350924968719482 237
1746037139722 1.636444330215454 238
1746037145239 1.625768780708313 239
1746037151191 1.6344668865203857 240
1746037156955 1.6350823640823364 241
1746037162466 1.6331298351287842 242
1746037168714 1.6214405298233032 243
1746037174197 1.6112059354782104 244
1746037179326 1.6296734809875488 245
1746037704467 1.6119418144226074 246
1746037710339 1.6264327764511108 247
1746037716122 1.6201924085617065 248
1746037721635 1.6379306316375732 249
1746037727966 1.6183737516403198 250
1746037733462 1.6331377029418945 251
1746037739874 1.6246682405471802 252
1746037745352 1.6255215406417847 253
1746037751763 1.625114917755127 254
1746037757241 1.6169180870056152 255
1746037763353 1.63857901096344 256
1746037769005 1.615830659866333 257
1746037774472 1.638533115386963 258
1746037780632 1.6122395992279053 259
1746037786194 1.6239886283874512 260
1746037792628 1.6222331523895264 261
1746037798133 1.6108384132385254 262
1746037804546 1.6310151815414429 263
1746037810029 1.6160895824432373 264
1746037816317 1.6349313259124756 265
1746037821903 1.6309025287628174 266
1746037827623 1.619633436203003 267
1746037833524 1.623728632926941 268
1746037839027 1.6330169439315796 269
1746037845381 1.6270650625228882 270
1746037850883 1.6259840726852417 271
1746037857301 1.611114263534546 272
1746037862782 1.6057372093200684 273
1746037869193 1.622150182723999 274
1746037874689 1.6095330715179443 275
1746037880597 1.623542308807373 276
1746037886369 1.6211191415786743 277
1746037891852 1.6157851219177246 278
1746037898098 1.6151821613311768 279
1746037903592 1.611603021621704 280
1746037910001 1.612955093383789 281
1746037915496 1.6190078258514404 282
1746037921901 1.6061567068099976 283
1746037927384 1.6057075262069702 284
1746037933475 1.6279253959655762 285
1746037939170 1.6125785112380981 286
1746037944675 1.6207451820373535 287
1746037950847 1.6000964641571045 288
1746037956343 1.6183364391326904 289
1746037962768 1.6099895238876343 290
1746037968271 1.5984420776367188 291
1746037974654 1.617735505104065 292
1746037980132 1.6088311672210693 293
1746037986348 1.6147016286849976 294
1746037991952 1.6005350351333618 295
1746037997588 1.6125471591949463 296
1746038003664 1.607960820198059 297
1746038009170 1.6042306423187256 298
1746038015551 1.6019490957260132 299
1746038021040 1.6034579277038574 300
1746038027519 1.5914232730865479 301
1746038033026 1.608712077140808 302
1746038039394 1.6128010749816895 303
1746038044888 1.6022828817367554 304
1746038050708 1.6174297332763672 305
1746038056511 1.62277090549469 306
1746038062041 1.5974012613296509 307
1746038068369 1.6146323680877686 308
1746038073849 1.6074833869934082 309
1746038080260 1.6000728607177734 310
1746038085750 1.5928058624267578 311
1746038092212 1.6077487468719482 312
1746038097701 1.6133984327316284 313
1746038103728 1.6081186532974243 314
1746038109389 1.6022615432739258 315
1746038114896 1.6186132431030273 316
1746038121126 1.6050302982330322 317
1746038126650 1.6025547981262207 318
1746038133064 1.6036856174468994 319
1746038138549 1.6149482727050781 320
1746038144959 1.601144552230835 321
1746038150467 1.602770209312439 322
1746038156735 1.6072909832000732 323
1746038162313 1.5981661081314087 324
1746038167968 1.5884672403335571 325
1746038173904 1.6148831844329834 326
1746038178125 1.6086055040359497 327
