1746034698984 0.0 0
1746034704463 0.0 1
1746034710956 0.0 2
1746034716567 0.002 3
1746034722495 0.002 4
1746034728211 0.002 5
1746034733734 0.002 6
1746034739972 0.004 7
1746034745477 0.004 8
1746034751936 0.004 9
1746034757444 0.004 10
1746034763867 0.006 11
1746034769352 0.006 12
1746034775497 0.006 13
1746034781149 0.006 14
1746034786659 0.008 15
1746034792867 0.008 16
1746034798389 0.008 17
1746034804822 0.008 18
1746034810341 0.01 19
1746034816773 0.01 20
1746034822244 0.01 21
1746034828555 0.01 22
1746034834087 0.009873417721518988 23
1746034839799 0.009873417721518988 24
1746034845676 0.009873417721518988 25
1746034851150 0.009873417721518988 26
1746034857505 0.009746835443037975 27
1746034863006 0.009746835443037975 28
1746034869427 0.009746835443037975 29
1746034874905 0.009746835443037975 30
1746034881360 0.009620253164556962 31
1746034886907 0.009620253164556962 32
1746034892936 0.009620253164556962 33
1746034898700 0.009620253164556962 34
1746034904186 0.00949367088607595 35
1746034910445 0.00949367088607595 36
1746034915938 0.00949367088607595 37
1746034922346 0.00949367088607595 38
1746034927874 0.009367088607594937 39
1746034934299 0.009367088607594937 40
1746034939833 0.009367088607594937 41
1746034946008 0.009367088607594937 42
1746034951634 0.009240506329113924 43
1746034957262 0.009240506329113924 44
1746034963290 0.009240506329113924 45
1746034968752 0.009240506329113924 46
1746034975168 0.009113924050632912 47
1746034980651 0.009113924050632912 48
1746034987106 0.009113924050632912 49
1746034992599 0.009113924050632912 50
1746034998938 0.008987341772151899 51
1746035004443 0.008987341772151899 52
1746035010254 0.008987341772151899 53
1746035016074 0.008987341772151899 54
1746035021538 0.008860759493670886 55
1746035027869 0.008860759493670886 56
1746035033373 0.008860759493670886 57
1746035039783 0.008860759493670886 58
1746035045294 0.008734177215189874 59
1746035051740 0.008734177215189874 60
1746035057265 0.008734177215189874 61
1746035063329 0.008734177215189874 62
1746035069009 0.008607594936708861 63
1746035074476 0.008607594936708861 64
1746035080712 0.008607594936708861 65
1746035086200 0.008607594936708861 66
1746035092629 0.008481012658227849 67
1746035098120 0.008481012658227849 68
1746035104510 0.008481012658227849 69
1746035110013 0.008481012658227849 70
1746035116227 0.008354430379746836 71
1746035121836 0.008354430379746836 72
1746035127436 0.008354430379746836 73
1746035133435 0.008354430379746836 74
1746035138924 0.008227848101265823 75
1746035145345 0.008227848101265823 76
1746035150843 0.008227848101265823 77
1746035157344 0.008227848101265823 78
1746035162829 0.00810126582278481 79
1746035169273 0.00810126582278481 80
1746035173506 0.007974683544303798 81
1746035684304 0.007974683544303798 82
1746035690715 0.007974683544303798 83
1746035696205 0.007974683544303798 84
1746035702675 0.007848101265822785 85
1746035708184 0.007848101265822785 86
1746035714217 0.007848101265822785 87
1746035719942 0.007848101265822785 88
1746035725440 0.007721518987341773 89
1746035731649 0.007721518987341773 90
1746035737137 0.007721518987341773 91
1746035743591 0.007721518987341773 92
1746035749110 0.00759493670886076 93
1746035755544 0.00759493670886076 94
1746035761090 0.00759493670886076 95
1746035767364 0.00759493670886076 96
1746035772964 0.0074683544303797466 97
1746035778635 0.0074683544303797466 98
1746035784621 0.0074683544303797466 99
1746035790120 0.0074683544303797466 100
1746035796553 0.007341772151898735 101
1746035802085 0.007341772151898735 102
1746035808488 0.007341772151898735 103
1746035813979 0.007341772151898735 104
1746035820481 0.007215189873417721 105
1746035825998 0.007215189873417721 106
1746035831980 0.007215189873417721 107
1746035837707 0.007215189873417721 108
1746035843237 0.007088607594936709 109
1746035849486 0.007088607594936709 110
1746035854993 0.007088607594936709 111
1746035861450 0.007088607594936709 112
1746035866956 0.006962025316455697 113
1746035873384 0.006962025316455697 114
1746035878907 0.006962025316455697 115
1746035885159 0.006962025316455697 116
1746035890776 0.006835443037974683 117
1746035896394 0.006835443037974683 118
1746035902418 0.006835443037974683 119
1746035907900 0.006835443037974683 120
1746035914341 0.006708860759493672 121
1746035919868 0.006708860759493672 122
1746035926363 0.006708860759493672 123
1746035931883 0.006708860759493672 124
1746035938314 0.006582278481012658 125
1746035943818 0.006582278481012658 126
1746035949811 0.006582278481012658 127
1746035955549 0.006582278481012658 128
1746035961058 0.0064556962025316455 129
1746035967338 0.0064556962025316455 130
1746035972819 0.0064556962025316455 131
1746035979217 0.0064556962025316455 132
1746035984726 0.006329113924050634 133
1746035991139 0.006329113924050634 134
1746035996652 0.006329113924050634 135
1746036002797 0.006329113924050634 136
1746036008478 0.00620253164556962 137
1746036014056 0.00620253164556962 138
1746036020222 0.00620253164556962 139
1746036025730 0.00620253164556962 140
1746036032146 0.0060759493670886075 141
1746036037641 0.0060759493670886075 142
1746036044054 0.0060759493670886075 143
1746036049535 0.0060759493670886075 144
1746036055901 0.005949367088607595 145
1746036061400 0.005949367088607595 146
1746036067237 0.005949367088607595 147
1746036073079 0.005949367088607595 148
1746036078595 0.005822784810126582 149
1746036084873 0.005822784810126582 150
1746036090391 0.005822784810126582 151
1746036096792 0.005822784810126582 152
1746036102286 0.0056962025316455705 153
1746036108725 0.0056962025316455705 154
1746036114234 0.0056962025316455705 155
1746036120377 0.0056962025316455705 156
1746036126043 0.005569620253164557 157
1746036131639 0.005569620253164557 158
1746036137749 0.005569620253164557 159
1746036143275 0.005569620253164557 160
1746036149713 0.005443037974683544 161
1746036155210 0.005443037974683544 162
1746036160243 0.005316455696202531 163
1746036703714 0.005316455696202531 164
1746036710019 0.005316455696202531 165
1746036715489 0.005316455696202531 166
1746036721923 0.005189873417721519 167
1746036727418 0.005189873417721519 168
1746036733926 0.005189873417721519 169
1746036739434 0.005189873417721519 170
1746036745729 0.005063291139240506 171
1746036751385 0.005063291139240506 172
1746036756949 0.005063291139240506 173
1746036762976 0.005063291139240506 174
1746036768461 0.004936708860759494 175
1746036774858 0.004936708860759494 176
1746036780347 0.004936708860759494 177
1746036786796 0.004936708860759494 178
1746036792309 0.004810126582278481 179
1746036798720 0.004810126582278481 180
1746036804231 0.004810126582278481 181
1746036810104 0.004810126582278481 182
1746036815947 0.0046835443037974685 183
1746036821448 0.0046835443037974685 184
1746036827760 0.0046835443037974685 185
1746036833257 0.0046835443037974685 186
1746036839681 0.004556962025316456 187
1746036845158 0.004556962025316456 188
1746036851609 0.004556962025316456 189
1746036857153 0.004556962025316456 190
1746036863241 0.004430379746835443 191
1746036868927 0.004430379746835443 192
1746036874418 0.004430379746835443 193
1746036880582 0.004430379746835443 194
1746036886098 0.004303797468354431 195
1746036892513 0.004303797468354431 196
1746036898027 0.004303797468354431 197
1746036904433 0.004303797468354431 198
1746036909927 0.004177215189873418 199
1746036916191 0.004177215189873418 200
1746036921810 0.004177215189873418 201
1746036927431 0.004177215189873418 202
1746036933418 0.004050632911392405 203
1746036938900 0.004050632911392405 204
1746036945338 0.004050632911392405 205
1746036950838 0.004050632911392405 206
1746036957274 0.003924050632911393 207
1746036962748 0.003924050632911393 208
1746036969157 0.003924050632911393 209
1746036974739 0.003924050632911393 210
1746036980660 0.00379746835443038 211
1746036986401 0.00379746835443038 212
1746036991874 0.00379746835443038 213
1746036998161 0.00379746835443038 214
1746037003664 0.0036708860759493674 215
1746037010118 0.0036708860759493674 216
1746037015618 0.0036708860759493674 217
1746037022024 0.0036708860759493674 218
1746037027508 0.0035443037974683543 219
1746037033643 0.0035443037974683543 220
1746037039349 0.0035443037974683543 221
1746037044841 0.0035443037974683543 222
1746037051001 0.0034177215189873417 223
1746037056552 0.0034177215189873417 224
1746037062989 0.0034177215189873417 225
1746037068524 0.0034177215189873417 226
1746037074973 0.003291139240506329 227
1746037080516 0.003291139240506329 228
1746037086875 0.003291139240506329 229
1746037092386 0.003291139240506329 230
1746037098231 0.003164556962025317 231
1746037104071 0.003164556962025317 232
1746037109589 0.003164556962025317 233
1746037115874 0.003164556962025317 234
1746037121375 0.0030379746835443038 235
1746037127813 0.0030379746835443038 236
1746037133306 0.0030379746835443038 237
1746037139722 0.0030379746835443038 238
1746037145239 0.002911392405063291 239
1746037151191 0.002911392405063291 240
1746037156955 0.002911392405063291 241
1746037162466 0.002911392405063291 242
1746037168714 0.0027848101265822785 243
1746037174197 0.0027848101265822785 244
1746037179326 0.0026582278481012654 245
1746037704467 0.0026582278481012654 246
1746037710339 0.0026582278481012654 247
1746037716122 0.0026582278481012654 248
1746037721635 0.002531645569620253 249
1746037727966 0.002531645569620253 250
1746037733462 0.002531645569620253 251
1746037739874 0.002531645569620253 252
1746037745352 0.0024050632911392406 253
1746037751763 0.0024050632911392406 254
1746037757241 0.0024050632911392406 255
1746037763353 0.0024050632911392406 256
1746037769005 0.002278481012658228 257
1746037774472 0.002278481012658228 258
1746037780632 0.002278481012658228 259
1746037786194 0.002278481012658228 260
1746037792628 0.0021518987341772153 261
1746037798133 0.0021518987341772153 262
1746037804546 0.0021518987341772153 263
1746037810029 0.0021518987341772153 264
1746037816317 0.0020253164556962027 265
1746037821903 0.0020253164556962027 266
1746037827623 0.0020253164556962027 267
1746037833524 0.0020253164556962027 268
1746037839027 0.00189873417721519 269
1746037845381 0.00189873417721519 270
1746037850883 0.00189873417721519 271
1746037857301 0.00189873417721519 272
1746037862782 0.0017721518987341772 273
1746037869193 0.0017721518987341772 274
1746037874689 0.0017721518987341772 275
1746037880597 0.0017721518987341772 276
1746037886369 0.0016455696202531645 277
1746037891852 0.0016455696202531645 278
1746037898098 0.0016455696202531645 279
1746037903592 0.0016455696202531645 280
1746037910001 0.0015189873417721519 281
1746037915496 0.0015189873417721519 282
1746037921901 0.0015189873417721519 283
1746037927384 0.0015189873417721519 284
1746037933475 0.0013924050632911392 285
1746037939170 0.0013924050632911392 286
1746037944675 0.0013924050632911392 287
1746037950847 0.0013924050632911392 288
1746037956343 0.0012658227848101266 289
1746037962768 0.0012658227848101266 290
1746037968271 0.0012658227848101266 291
1746037974654 0.0012658227848101266 292
1746037980132 0.001139240506329114 293
1746037986348 0.001139240506329114 294
1746037991952 0.001139240506329114 295
1746037997588 0.001139240506329114 296
1746038003664 0.0010126582278481013 297
1746038009170 0.0010126582278481013 298
1746038015551 0.0010126582278481013 299
1746038021040 0.0010126582278481013 300
1746038027519 0.0008860759493670886 301
1746038033026 0.0008860759493670886 302
1746038039394 0.0008860759493670886 303
1746038044888 0.0008860759493670886 304
1746038050708 0.0007594936708860759 305
1746038056511 0.0007594936708860759 306
1746038062041 0.0007594936708860759 307
1746038068369 0.0007594936708860759 308
1746038073849 0.0006329113924050633 309
1746038080260 0.0006329113924050633 310
1746038085750 0.0006329113924050633 311
1746038092212 0.0006329113924050633 312
1746038097701 0.0005063291139240507 313
1746038103728 0.0005063291139240507 314
1746038109389 0.0005063291139240507 315
1746038114896 0.0005063291139240507 316
1746038121126 0.00037974683544303797 317
1746038126650 0.00037974683544303797 318
1746038133064 0.00037974683544303797 319
1746038138549 0.00037974683544303797 320
1746038144959 0.00025316455696202533 321
1746038150467 0.00025316455696202533 322
1746038156735 0.00025316455696202533 323
1746038162313 0.00025316455696202533 324
1746038167968 0.00012658227848101267 325
1746038173904 0.00012658227848101267 326
1746038178125 0.0 327
