1746030321973 9.563294410705566 0
1746030328374 9.569364547729492 1
1746030333840 9.516605377197266 2
1746030340228 9.422259330749512 3
1746030345791 9.299752235412598 4
1746030351799 9.118709564208984 5
1746030357482 8.902318000793457 6
1746030362947 8.653961181640625 7
1746030369160 8.412154197692871 8
1746030374668 8.155765533447266 9
1746030381063 7.853045463562012 10
1746030386574 7.6109089851379395 11
1746030392939 7.316092014312744 12
1746030398446 7.050096035003662 13
1746030404709 6.862839221954346 14
1746030410261 6.756610870361328 15
1746030415857 6.664519309997559 16
1746030421824 6.693107604980469 17
1746030427347 6.729722499847412 18
1746030433760 6.8705902099609375 19
1746030439234 6.944414138793945 20
1746030445645 6.872467517852783 21
1746030451155 6.755146026611328 22
1746030457590 6.67232608795166 23
1746030463072 6.6336669921875 24
1746030468993 6.740639686584473 25
1746030474703 6.709307670593262 26
1746030480205 6.7108283042907715 27
1746030486454 6.647008419036865 28
1746030491991 6.62287712097168 29
1746030498390 6.707705497741699 30
1746030503867 6.670874118804932 31
1746030510327 6.665957450866699 32
1746030515835 6.6429548263549805 33
1746030522061 6.664704322814941 34
1746030527630 6.579459190368652 35
1746030533200 6.643150806427002 36
1746030539245 6.610511302947998 37
1746030544735 6.574984550476074 38
1746030551158 6.592418670654297 39
1746030556655 6.645354747772217 40
1746030563041 6.680899620056152 41
1746030568533 6.552982330322266 42
1746030574885 6.599483013153076 43
1746030580408 6.686548709869385 44
1746030586322 6.578070640563965 45
1746030592092 6.630915641784668 46
1746030597581 6.59462833404541 47
1746030603830 6.675806522369385 48
1746030609341 6.634521961212158 49
1746030615793 6.577795028686523 50
1746030621274 6.595526218414307 51
1746030627661 6.582669258117676 52
1746030633155 6.599438190460205 53
1746030639211 6.605741500854492 54
1746030644867 6.573883056640625 55
1746030650354 6.61836576461792 56
1746030656487 6.620924949645996 57
1746030661944 6.610747814178467 58
1746030668405 6.59459114074707 59
1746030673953 6.635889530181885 60
1746030680348 6.608156204223633 61
1746030685796 6.614157676696777 62
1746030692116 6.6243462562561035 63
1746030697620 6.558527946472168 64
1746030703359 6.564238548278809 65
1746030709214 6.616306304931641 66
1746030714699 6.564239978790283 67
1746030721040 6.61253547668457 68
1746030726507 6.633609771728516 69
1746030732942 6.556384563446045 70
1746030738420 6.612422943115234 71
1746030744830 6.5642852783203125 72
1746030750390 6.59228515625 73
1746030756374 6.565489768981934 74
1746030762040 6.584077835083008 75
1746030767534 6.621941566467285 76
1746030773727 6.545616149902344 77
1746030779256 6.599798202514648 78
1746030785686 6.6111884117126465 79
1746030791175 6.551175594329834 80
1746030796234 6.548838138580322 81
1746031334967 6.535130023956299 82
1746031341381 6.502673149108887 83
1746031346892 6.545273303985596 84
1746031352886 6.5205841064453125 85
1746031358559 6.541548252105713 86
1746031364050 6.586275100708008 87
1746031370237 6.572227478027344 88
1746031375727 6.49349308013916 89
1746031382150 6.582231521606445 90
1746031387631 6.525025367736816 91
1746031394052 6.5135016441345215 92
1746031399554 6.5193376541137695 93
1746031405824 6.509121894836426 94
1746031411390 6.42454195022583 95
1746031417059 6.486032962799072 96
1746031422956 6.530676364898682 97
1746031428431 6.493539810180664 98
1746031434778 6.566116809844971 99
1746031440317 6.447742462158203 100
1746031446693 6.427363395690918 101
1746031452176 6.355772018432617 102
1746031458600 6.383551597595215 103
1746031464102 6.366723537445068 104
1746031470071 6.4472784996032715 105
1746031475828 6.390243053436279 106
1746031481319 6.398706912994385 107
1746031487564 6.290651798248291 108
1746031493034 6.295853614807129 109
1746031499451 6.265362739562988 110
1746031504922 6.181237697601318 111
1746031511320 6.209896564483643 112
1746031516782 6.148990154266357 113
1746031522960 6.170042514801025 114
1746031528572 6.1664628982543945 115
1746031534135 6.044034957885742 116
1746031540135 6.040018558502197 117
1746031545613 6.040772438049316 118
1746031551978 5.967893123626709 119
1746031557489 5.972673416137695 120
1746031563886 6.031607627868652 121
1746031569377 5.873149871826172 122
1746031575802 5.863858222961426 123
1746031581319 5.98289155960083 124
1746031587192 5.924541473388672 125
1746031592905 5.788406848907471 126
1746031598384 5.824135780334473 127
1746031604618 5.920956611633301 128
1746031610092 5.781537055969238 129
1746031616482 5.744904041290283 130
1746031621974 5.7655534744262695 131
1746031628353 5.675747871398926 132
1746031633876 5.701035022735596 133
1746031640053 5.7496137619018555 134
1746031645646 5.612244129180908 135
1746031651230 5.693604469299316 136
1746031657239 5.6884965896606445 137
1746031662762 5.632064342498779 138
1746031669150 5.681010723114014 139
1746031674640 5.639035224914551 140
1746031681069 5.637598514556885 141
1746031686551 5.672859191894531 142
1746031692965 5.5769500732421875 143
1746031698474 5.547327995300293 144
1746031704331 5.546641826629639 145
1746031710105 5.517404556274414 146
1746031715571 5.4604034423828125 147
1746031721894 5.483750343322754 148
1746031727400 5.4676079750061035 149
1746031733788 5.437839984893799 150
1746031739306 5.449451923370361 151
1746031745698 5.502971172332764 152
1746031751199 5.400495529174805 153
1746031757309 5.4444260597229 154
1746031762947 5.358197212219238 155
1746031768481 5.364707946777344 156
1746031774562 5.325415134429932 157
1746031780039 5.2530317306518555 158
1746031786464 5.4563398361206055 159
1746031791959 5.462069988250732 160
1746031798440 5.443899631500244 161
1746031803915 5.341690540313721 162
1746031808390 5.3660197257995605 163
1746032342414 5.244182586669922 164
1746032347957 5.234134674072266 165
1746032354375 5.289101600646973 166
1746032359867 5.210982799530029 167
1746032365898 5.286189079284668 168
1746032371625 5.2268195152282715 169
1746032377114 5.231630802154541 170
1746032383383 5.2064642906188965 171
1746032388892 5.221810817718506 172
1746032395328 5.269959926605225 173
1746032400830 5.374182224273682 174
1746032407281 5.161811828613281 175
1746032412816 5.252260684967041 176
1746032419044 5.1758832931518555 177
1746032424669 5.167377471923828 178
1746032430303 5.127926349639893 179
1746032436257 5.173862457275391 180
1746032441745 5.212160587310791 181
1746032448217 5.111102104187012 182
1746032453717 5.160571098327637 183
1746032460134 5.082600116729736 184
1746032465614 5.058141231536865 185
1746032472039 5.032794952392578 186
1746032477544 5.084288597106934 187
1746032483433 5.156496524810791 188
1746032489205 5.095346450805664 189
1746032494679 5.13156270980835 190
1746032500943 5.133632659912109 191
1746032506454 5.18638277053833 192
1746032512835 5.065542697906494 193
1746032518334 5.1311798095703125 194
1746032524755 5.074551105499268 195
1746032530304 5.109305381774902 196
1746032536454 5.044345855712891 197
1746032542093 5.1433610916137695 198
1746032547669 5.03021764755249 199
1746032553725 5.127716064453125 200
1746032559217 5.122089385986328 201
1746032565584 5.088005065917969 202
1746032571073 5.064782619476318 203
1746032577494 5.107609748840332 204
1746032582975 5.002607822418213 205
1746032589331 5.000577449798584 206
1746032594857 5.114164352416992 207
1746032600613 5.099459171295166 208
1746032606477 4.948609828948975 209
1746032612037 4.987724781036377 210
1746032618339 5.0826873779296875 211
1746032623834 5.00124979019165 212
1746032630254 5.085312843322754 213
1746032635751 5.0787458419799805 214
1746032642204 5.028384685516357 215
1746032647707 4.9918060302734375 216
1746032653832 5.032355785369873 217
1746032659488 5.049903869628906 218
1746032664989 4.95256233215332 219
1746032671097 5.055140018463135 220
1746032676587 4.94140100479126 221
1746032682967 4.855374336242676 222
1746032688529 5.030257701873779 223
1746032694962 5.04123592376709 224
1746032700463 5.08681583404541 225
1746032706814 5.041418552398682 226
1746032712382 4.97854471206665 227
1746032718232 5.031031131744385 228
1746032724052 4.9737396240234375 229
1746032729572 5.001246929168701 230
1746032735871 4.951408386230469 231
1746032741373 4.953606605529785 232
1746032747761 4.976162433624268 233
1746032753287 4.903147220611572 234
1746032759723 4.920626640319824 235
1746032765222 5.036971569061279 236
1746032771345 4.930574417114258 237
1746032777001 4.932256698608398 238
1746032782520 4.867465019226074 239
1746032788706 4.862797260284424 240
1746032794177 4.903931140899658 241
1746032800554 4.999293327331543 242
1746032806039 4.909787178039551 243
1746032812441 5.046135425567627 244
1746032816690 4.959224700927734 245
1746033352009 4.869967937469482 246
1746033358489 4.826002597808838 247
1746033363975 4.820038795471191 248
1746033370417 4.792922019958496 249
1746033375942 4.838202476501465 250
1746033382282 4.898521423339844 251
1746033387808 4.89522123336792 252
1746033393556 4.804966926574707 253
1746033399385 4.952234745025635 254
1746033404853 4.859955310821533 255
1746033411177 4.917504787445068 256
1746033416736 4.853399276733398 257
1746033423182 4.729773998260498 258
1746033428684 4.803718566894531 259
1746033435092 4.902966499328613 260
1746033440581 4.79338264465332 261
1746033446641 4.955224990844727 262
1746033452335 4.863821506500244 263
1746033457815 4.859602928161621 264
1746033464000 4.7993550300598145 265
1746033469483 4.896452903747559 266
1746033475912 4.790112495422363 267
1746033481468 4.772765636444092 268
1746033487876 4.751655578613281 269
1746033493370 4.752157211303711 270
1746033499811 4.783486366271973 271
1746033505372 4.79886531829834 272
1746033511166 4.854251861572266 273
1746033517002 4.864162445068359 274
1746033522484 4.789984703063965 275
1746033528831 4.8621439933776855 276
1746033534303 4.839101314544678 277
1746033540768 4.854799747467041 278
1746033546285 4.820112705230713 279
1746033552705 4.94464635848999 280
1746033558224 4.901300430297852 281
1746033564214 4.849863529205322 282
1746033569959 4.773142337799072 283
1746033575447 4.800829887390137 284
1746033581708 4.799386978149414 285
1746033587210 4.7653398513793945 286
1746033593597 4.857504367828369 287
1746033599123 4.818596839904785 288
1746033605575 4.683629512786865 289
1746033611073 4.914276599884033 290
1746033617305 4.829827308654785 291
1746033622886 4.862972736358643 292
1746033628470 4.838615417480469 293
1746033634498 4.8222503662109375 294
1746033640002 4.880431652069092 295
1746033646414 4.805467128753662 296
1746033651936 4.862585067749023 297
1746033658430 4.86344051361084 298
1746033663927 4.872910499572754 299
1746033670326 4.847201347351074 300
1746033675825 4.747653484344482 301
1746033681788 4.815185546875 302
1746033687493 4.780829906463623 303
1746033692976 4.717191219329834 304
1746033699171 4.842379093170166 305
1746033704642 4.779707431793213 306
1746033711055 4.778614521026611 307
1746033716551 4.856634140014648 308
1746033722971 4.7637619972229 309
1746033728464 4.744581699371338 310
1746033734662 4.742006301879883 311
1746033740310 4.760754108428955 312
1746033745894 4.692232608795166 313
1746033751864 4.795799732208252 314
1746033757345 4.776585102081299 315
1746033763705 4.74179744720459 316
1746033769208 4.763746738433838 317
1746033775604 4.869925022125244 318
1746033781110 4.843212604522705 319
1746033787481 4.8547797203063965 320
1746033792960 4.803924560546875 321
1746033798856 4.822709560394287 322
1746033804575 4.800201416015625 323
1746033810078 4.815342903137207 324
1746033816318 4.861117839813232 325
1746033821821 4.843541145324707 326
1746033826946 4.847548961639404 327
