1746030321973 0.0 0
1746030328374 6.126700463937595e-05 1
1746030333840 0.0 2
1746030340228 0.00016504373343195766 3
1746030345791 0.0007588898297399282 4
1746030351799 0.006642474792897701 5
1746030357482 0.032793138176202774 6
1746030362947 0.05869535729289055 7
1746030369160 0.057978302240371704 8
1746030374668 0.06125200539827347 9
1746030381063 0.06602070480585098 10
1746030386574 0.06483381241559982 11
1746030392939 0.06354875862598419 12
1746030398446 0.06895724684000015 13
1746030404709 0.058356184512376785 14
1746030410261 0.06075216829776764 15
1746030415857 0.06289499253034592 16
1746030421824 0.06019730120897293 17
1746030427347 0.06312175840139389 18
1746030433760 0.052495911717414856 19
1746030439234 0.04802549257874489 20
1746030445645 0.05704792961478233 21
1746030451155 0.04820077121257782 22
1746030457590 0.05351361632347107 23
1746030463072 0.04972589761018753 24
1746030468993 0.056233957409858704 25
1746030474703 0.0622689463198185 26
1746030480205 0.06919980049133301 27
1746030486454 0.06043129414319992 28
1746030491991 0.05762287229299545 29
1746030498390 0.05902624875307083 30
1746030503867 0.06123036891222 31
1746030510327 0.06328000128269196 32
1746030515835 0.05503955855965614 33
1746030522061 0.050555270165205 34
1746030527630 0.05579637736082077 35
1746030533200 0.05516577139496803 36
1746030539245 0.05084635689854622 37
1746030544735 0.049445345997810364 38
1746030551158 0.052434030920267105 39
1746030556655 0.0531465969979763 40
1746030563041 0.053140945732593536 41
1746030568533 0.059928689152002335 42
1746030574885 0.062282830476760864 43
1746030580408 0.05769684165716171 44
1746030586322 0.05741514265537262 45
1746030592092 0.05833333358168602 46
1746030597581 0.06309531629085541 47
1746030603830 0.06322192400693893 48
1746030609341 0.05617259442806244 49
1746030615793 0.06328308582305908 50
1746030621274 0.06320945173501968 51
1746030627661 0.06318851560354233 52
1746030633155 0.05906333401799202 53
1746030639211 0.0648181214928627 54
1746030644867 0.06079700216650963 55
1746030650354 0.05913345143198967 56
1746030656487 0.05910302326083183 57
1746030661944 0.06495014578104019 58
1746030668405 0.0637083575129509 59
1746030673953 0.06172545254230499 60
1746030680348 0.061742715537548065 61
1746030685796 0.06306664645671844 62
1746030692116 0.06072729453444481 63
1746030697620 0.06663588434457779 64
1746030703359 0.06144250929355621 65
1746030709214 0.06237512454390526 66
1746030714699 0.06269486248493195 67
1746030721040 0.057782672345638275 68
1746030726507 0.05678839609026909 69
1746030732942 0.06511299312114716 70
1746030738420 0.05832556635141373 71
1746030744830 0.0688711628317833 72
1746030750390 0.0612700916826725 73
1746030756374 0.0656135305762291 74
1746030762040 0.06149253621697426 75
1746030767534 0.060821086168289185 76
1746030773727 0.06061185523867607 77
1746030779256 0.05877934396266937 78
1746030785686 0.05975097790360451 79
1746030791175 0.0651126354932785 80
1746030796234 0.062086280435323715 81
1746031334967 0.06116102263331413 82
1746031341381 0.06909586489200592 83
1746031346892 0.06768792122602463 84
1746031352886 0.06431334465742111 85
1746031358559 0.07029752433300018 86
1746031364050 0.07015927135944366 87
1746031370237 0.07345126569271088 88
1746031375727 0.08177860826253891 89
1746031382150 0.07115109264850616 90
1746031387631 0.08106464147567749 91
1746031394052 0.07607728242874146 92
1746031399554 0.07971116155385971 93
1746031405824 0.08181875199079514 94
1746031411390 0.08314009010791779 95
1746031417059 0.08116520196199417 96
1746031422956 0.08703847974538803 97
1746031428431 0.07903113216161728 98
1746031434778 0.07663264870643616 99
1746031440317 0.09197881817817688 100
1746031446693 0.0874401181936264 101
1746031452176 0.09292953461408615 102
1746031458600 0.09125101566314697 103
1746031464102 0.0914001315832138 104
1746031470071 0.08827359229326248 105
1746031475828 0.08724531531333923 106
1746031481319 0.0866507887840271 107
1746031487564 0.0957503691315651 108
1746031493034 0.11045536398887634 109
1746031499451 0.11431198567152023 110
1746031504922 0.1188984140753746 111
1746031511320 0.121653713285923 112
1746031516782 0.12685489654541016 113
1746031522960 0.12623073160648346 114
1746031528572 0.125640869140625 115
1746031534135 0.13395638763904572 116
1746031540135 0.1402132660150528 117
1746031545613 0.13977566361427307 118
1746031551978 0.14433205127716064 119
1746031557489 0.13998833298683167 120
1746031563886 0.13636666536331177 121
1746031569377 0.15116113424301147 122
1746031575802 0.15825247764587402 123
1746031581319 0.14690451323986053 124
1746031587192 0.1473083794116974 125
1746031592905 0.15459154546260834 126
1746031598384 0.1569327861070633 127
1746031604618 0.14952068030834198 128
1746031610092 0.1512586772441864 129
1746031616482 0.16070222854614258 130
1746031621974 0.1559954136610031 131
1746031628353 0.16341839730739594 132
1746031633876 0.16903094947338104 133
1746031640053 0.16265201568603516 134
1746031645646 0.17302988469600677 135
1746031651230 0.16449172794818878 136
1746031657239 0.16834551095962524 137
1746031662762 0.18063858151435852 138
1746031669150 0.17053551971912384 139
1746031674640 0.17339490354061127 140
1746031681069 0.16815435886383057 141
1746031686551 0.16949887573719025 142
1746031692965 0.1686064749956131 143
1746031698474 0.18352486193180084 144
1746031704331 0.18046538531780243 145
1746031710105 0.17927710711956024 146
1746031715571 0.1869880110025406 147
1746031721894 0.18653513491153717 148
1746031727400 0.1841701716184616 149
1746031733788 0.19111111760139465 150
1746031739306 0.1854318082332611 151
1746031745698 0.18123021721839905 152
1746031751199 0.1867457628250122 153
1746031757309 0.18131637573242188 154
1746031762947 0.19750237464904785 155
1746031768481 0.19336263835430145 156
1746031774562 0.2035057693719864 157
1746031780039 0.20595063269138336 158
1746031786464 0.19220250844955444 159
1746031791959 0.19140714406967163 160
1746031798440 0.19214767217636108 161
1746031803915 0.20140132308006287 162
1746031808390 0.19329111278057098 163
1746032342414 0.20782940089702606 164
1746032347957 0.20826101303100586 165
1746032354375 0.2003786712884903 166
1746032359867 0.21139401197433472 167
1746032365898 0.20525214076042175 168
1746032371625 0.211599662899971 169
1746032377114 0.20095372200012207 170
1746032383383 0.2154148817062378 171
1746032388892 0.21414099633693695 172
1746032395328 0.2047000676393509 173
1746032400830 0.20570215582847595 174
1746032407281 0.21128536760807037 175
1746032412816 0.21479438245296478 176
1746032419044 0.21359029412269592 177
1746032424669 0.21811459958553314 178
1746032430303 0.21495123207569122 179
1746032436257 0.2165299654006958 180
1746032441745 0.20974527299404144 181
1746032448217 0.2186903953552246 182
1746032453717 0.2298479974269867 183
1746032460134 0.22475427389144897 184
1746032465614 0.23909904062747955 185
1746032472039 0.231749027967453 186
1746032477544 0.22900667786598206 187
1746032483433 0.21747265756130219 188
1746032489205 0.22642765939235687 189
1746032494679 0.21906137466430664 190
1746032500943 0.22553260624408722 191
1746032506454 0.22062286734580994 192
1746032512835 0.22968043386936188 193
1746032518334 0.2207152545452118 194
1746032524755 0.23766954243183136 195
1746032530304 0.22722312808036804 196
1746032536454 0.23101644217967987 197
1746032542093 0.2184203714132309 198
1746032547669 0.23324544727802277 199
1746032553725 0.2255689799785614 200
1746032559217 0.2239331305027008 201
1746032565584 0.23258280754089355 202
1746032571073 0.2355644404888153 203
1746032577494 0.22752775251865387 204
1746032582975 0.23695240914821625 205
1746032589331 0.24180036783218384 206
1746032594857 0.2329130321741104 207
1746032600613 0.2283756285905838 208
1746032606477 0.24240431189537048 209
1746032612037 0.2407045066356659 210
1746032618339 0.2261069267988205 211
1746032623834 0.23805296421051025 212
1746032630254 0.2349778115749359 213
1746032635751 0.2281624674797058 214
1746032642204 0.23415663838386536 215
1746032647707 0.240977942943573 216
1746032653832 0.23977939784526825 217
1746032659488 0.23313963413238525 218
1746032664989 0.2420826256275177 219
1746032671097 0.2287919968366623 220
1746032676587 0.24241307377815247 221
1746032682967 0.25048208236694336 222
1746032688529 0.23321089148521423 223
1746032694962 0.23356744647026062 224
1746032700463 0.2284628003835678 225
1746032706814 0.2301284521818161 226
1746032712382 0.24293477833271027 227
1746032718232 0.23348850011825562 228
1746032724052 0.23835033178329468 229
1746032729572 0.23369865119457245 230
1746032735871 0.23865072429180145 231
1746032741373 0.23679512739181519 232
1746032747761 0.23700185120105743 233
1746032753287 0.2484639286994934 234
1746032759723 0.24103698134422302 235
1746032765222 0.2409401834011078 236
1746032771345 0.24703119695186615 237
1746032777001 0.24944333732128143 238
1746032782520 0.2475619912147522 239
1746032788706 0.25447750091552734 240
1746032794177 0.2434399127960205 241
1746032800554 0.24543756246566772 242
1746032806039 0.24526095390319824 243
1746032812441 0.2312384843826294 244
1746032816690 0.24123264849185944 245
1746033352009 0.24970561265945435 246
1746033358489 0.25114187598228455 247
1746033363975 0.24726168811321259 248
1746033370417 0.25430434942245483 249
1746033375942 0.24768489599227905 250
1746033382282 0.24457326531410217 251
1746033387808 0.24417515099048615 252
1746033393556 0.24707989394664764 253
1746033399385 0.24021512269973755 254
1746033404853 0.24576488137245178 255
1746033411177 0.23939627408981323 256
1746033416736 0.2465101182460785 257
1746033423182 0.2585858702659607 258
1746033428684 0.253017395734787 259
1746033435092 0.23897936940193176 260
1746033440581 0.25298652052879333 261
1746033446641 0.23896346986293793 262
1746033452335 0.24203166365623474 263
1746033457815 0.24684351682662964 264
1746033464000 0.2532745897769928 265
1746033469483 0.2476792186498642 266
1746033475912 0.25120311975479126 267
1746033481468 0.25541776418685913 268
1746033487876 0.256355345249176 269
1746033493370 0.24886727333068848 270
1746033499811 0.2534310519695282 271
1746033505372 0.2534622550010681 272
1746033511166 0.2471102774143219 273
1746033517002 0.2518722414970398 274
1746033522484 0.2518051266670227 275
1746033528831 0.24861223995685577 276
1746033534303 0.2462831735610962 277
1746033540768 0.24927635490894318 278
1746033546285 0.25411897897720337 279
1746033552705 0.24080947041511536 280
1746033558224 0.23592400550842285 281
1746033564214 0.2518739402294159 282
1746033569959 0.2558461129665375 283
1746033575447 0.24922119081020355 284
1746033581708 0.2493581473827362 285
1746033587210 0.2656373679637909 286
1746033593597 0.2572064995765686 287
1746033599123 0.25704818964004517 288
1746033605575 0.2639835774898529 289
1746033611073 0.2377520501613617 290
1746033617305 0.25008895993232727 291
1746033622886 0.24739840626716614 292
1746033628470 0.24817124009132385 293
1746033634498 0.25400400161743164 294
1746033640002 0.24790143966674805 295
1746033646414 0.2542043626308441 296
1746033651936 0.2426542192697525 297
1746033658430 0.2531069815158844 298
1746033663927 0.2505457103252411 299
1746033670326 0.24663828313350677 300
1746033675825 0.25667405128479004 301
1746033681788 0.25143781304359436 302
1746033687493 0.2619125247001648 303
1746033692976 0.26292645931243896 304
1746033699171 0.24444173276424408 305
1746033704642 0.25792205333709717 306
1746033711055 0.25093692541122437 307
1746033716551 0.2508543133735657 308
1746033722971 0.2601599395275116 309
1746033728464 0.25926610827445984 310
1746033734662 0.2607613205909729 311
1746033740310 0.2569616734981537 312
1746033745894 0.2703009247779846 313
1746033751864 0.255962610244751 314
1746033757345 0.25796037912368774 315
1746033763705 0.2662178575992584 316
1746033769208 0.2656630277633667 317
1746033775604 0.2523133456707001 318
1746033781110 0.2504537105560303 319
1746033787481 0.2487635612487793 320
1746033792960 0.2583395838737488 321
1746033798856 0.2570941150188446 322
1746033804575 0.2534071207046509 323
1746033810078 0.25502490997314453 324
1746033816318 0.2540229856967926 325
1746033821821 0.24587039649486542 326
1746033826946 0.24702177941799164 327
