1746030321973 0.0005263157894736842 0
1746030328374 0.0010526315789473684 1
1746030333840 0.0015789473684210526 2
1746030340228 0.002105263157894737 3
1746030345791 0.002631578947368421 4
1746030351799 0.003157894736842105 5
1746030357482 0.0036842105263157894 6
1746030362947 0.004210526315789474 7
1746030369160 0.004736842105263157 8
1746030374668 0.005263157894736842 9
1746030381063 0.005789473684210527 10
1746030386574 0.00631578947368421 11
1746030392939 0.006842105263157895 12
1746030398446 0.007368421052631579 13
1746030404709 0.007894736842105263 14
1746030410261 0.008421052631578947 15
1746030415857 0.008947368421052633 16
1746030421824 0.009473684210526315 17
1746030427347 0.01 18
1746030433760 0.009967637540453074 19
1746030439234 0.009935275080906148 20
1746030445645 0.009902912621359224 21
1746030451155 0.009870550161812298 22
1746030457590 0.009838187702265373 23
1746030463072 0.009805825242718447 24
1746030468993 0.009773462783171523 25
1746030474703 0.009741100323624595 26
1746030480205 0.00970873786407767 27
1746030486454 0.009676375404530745 28
1746030491991 0.009644012944983819 29
1746030498390 0.009611650485436893 30
1746030503867 0.009579288025889967 31
1746030510327 0.009546925566343041 32
1746030515835 0.009514563106796117 33
1746030522061 0.009482200647249191 34
1746030527630 0.009449838187702266 35
1746030533200 0.00941747572815534 36
1746030539245 0.009385113268608414 37
1746030544735 0.00935275080906149 38
1746030551158 0.009320388349514564 39
1746030556655 0.009288025889967638 40
1746030563041 0.009255663430420712 41
1746030568533 0.009223300970873786 42
1746030574885 0.00919093851132686 43
1746030580408 0.009158576051779936 44
1746030586322 0.00912621359223301 45
1746030592092 0.009093851132686084 46
1746030597581 0.009061488673139158 47
1746030603830 0.009029126213592234 48
1746030609341 0.008996763754045307 49
1746030615793 0.008964401294498383 50
1746030621274 0.008932038834951457 51
1746030627661 0.00889967637540453 52
1746030633155 0.008867313915857605 53
1746030639211 0.00883495145631068 54
1746030644867 0.008802588996763753 55
1746030650354 0.008770226537216829 56
1746030656487 0.008737864077669903 57
1746030661944 0.008705501618122977 58
1746030668405 0.008673139158576051 59
1746030673953 0.008640776699029126 60
1746030680348 0.008608414239482201 61
1746030685796 0.008576051779935276 62
1746030692116 0.00854368932038835 63
1746030697620 0.008511326860841424 64
1746030703359 0.0084789644012945 65
1746030709214 0.008446601941747572 66
1746030714699 0.008414239482200648 67
1746030721040 0.008381877022653722 68
1746030726507 0.008349514563106796 69
1746030732942 0.00831715210355987 70
1746030738420 0.008284789644012946 71
1746030744830 0.008252427184466019 72
1746030750390 0.008220064724919094 73
1746030756374 0.008187702265372169 74
1746030762040 0.008155339805825243 75
1746030767534 0.008122977346278317 76
1746030773727 0.008090614886731393 77
1746030779256 0.008058252427184467 78
1746030785686 0.00802588996763754 79
1746030791175 0.007993527508090615 80
1746030796234 0.007961165048543689 81
1746031334967 0.007928802588996763 82
1746031341381 0.007896440129449837 83
1746031346892 0.007864077669902913 84
1746031352886 0.007831715210355987 85
1746031358559 0.0077993527508090615 86
1746031364050 0.007766990291262136 87
1746031370237 0.007734627831715211 88
1746031375727 0.007702265372168285 89
1746031382150 0.00766990291262136 90
1746031387631 0.007637540453074434 91
1746031394052 0.007605177993527508 92
1746031399554 0.007572815533980583 93
1746031405824 0.007540453074433657 94
1746031411390 0.007508090614886731 95
1746031417059 0.007475728155339806 96
1746031422956 0.007443365695792881 97
1746031428431 0.007411003236245954 98
1746031434778 0.007378640776699029 99
1746031440317 0.007346278317152104 100
1746031446693 0.007313915857605178 101
1746031452176 0.007281553398058253 102
1746031458600 0.007249190938511328 103
1746031464102 0.007216828478964401 104
1746031470071 0.007184466019417476 105
1746031475828 0.007152103559870551 106
1746031481319 0.007119741100323624 107
1746031487564 0.007087378640776699 108
1746031493034 0.007055016181229773 109
1746031499451 0.007022653721682848 110
1746031504922 0.006990291262135922 111
1746031511320 0.0069579288025889965 112
1746031516782 0.0069255663430420715 113
1746031522960 0.006893203883495146 114
1746031528572 0.00686084142394822 115
1746031534135 0.006828478964401295 116
1746031540135 0.00679611650485437 117
1746031545613 0.006763754045307443 118
1746031551978 0.006731391585760518 119
1746031557489 0.006699029126213593 120
1746031563886 0.006666666666666666 121
1746031569377 0.006634304207119741 122
1746031575802 0.006601941747572816 123
1746031581319 0.0065695792880258895 124
1746031587192 0.0065372168284789645 125
1746031592905 0.0065048543689320395 126
1746031598384 0.006472491909385113 127
1746031604618 0.006440129449838188 128
1746031610092 0.006407766990291263 129
1746031616482 0.006375404530744337 130
1746031621974 0.006343042071197411 131
1746031628353 0.006310679611650486 132
1746031633876 0.00627831715210356 133
1746031640053 0.006245954692556635 134
1746031645646 0.006213592233009708 135
1746031651230 0.006181229773462783 136
1746031657239 0.006148867313915858 137
1746031662762 0.0061165048543689315 138
1746031669150 0.0060841423948220065 139
1746031674640 0.0060517799352750815 140
1746031681069 0.006019417475728155 141
1746031686551 0.00598705501618123 142
1746031692965 0.005954692556634305 143
1746031698474 0.005922330097087378 144
1746031704331 0.005889967637540453 145
1746031710105 0.005857605177993528 146
1746031715571 0.005825242718446601 147
1746031721894 0.005792880258899676 148
1746031727400 0.005760517799352751 149
1746031733788 0.005728155339805825 150
1746031739306 0.0056957928802588995 151
1746031745698 0.0056634304207119745 152
1746031751199 0.005631067961165049 153
1746031757309 0.005598705501618124 154
1746031762947 0.005566343042071198 155
1746031768481 0.005533980582524272 156
1746031774562 0.005501618122977347 157
1746031780039 0.005469255663430421 158
1746031786464 0.005436893203883495 159
1746031791959 0.00540453074433657 160
1746031798440 0.005372168284789643 161
1746031803915 0.005339805825242718 162
1746031808390 0.005307443365695793 163
1746032342414 0.005275080906148867 164
1746032347957 0.005242718446601942 165
1746032354375 0.0052103559870550166 166
1746032359867 0.005177993527508091 167
1746032365898 0.005145631067961165 168
1746032371625 0.00511326860841424 169
1746032377114 0.005080906148867314 170
1746032383383 0.005048543689320388 171
1746032388892 0.005016181229773463 172
1746032395328 0.004983818770226537 173
1746032400830 0.004951456310679612 174
1746032407281 0.004919093851132686 175
1746032412816 0.004886731391585761 176
1746032419044 0.004854368932038835 177
1746032424669 0.0048220064724919095 178
1746032430303 0.004789644012944984 179
1746032436257 0.004757281553398059 180
1746032441745 0.004724919093851133 181
1746032448217 0.004692556634304207 182
1746032453717 0.004660194174757282 183
1746032460134 0.004627831715210356 184
1746032465614 0.00459546925566343 185
1746032472039 0.004563106796116505 186
1746032477544 0.004530744336569579 187
1746032483433 0.004498381877022653 188
1746032489205 0.004466019417475728 189
1746032494679 0.0044336569579288025 190
1746032500943 0.004401294498381877 191
1746032506454 0.004368932038834952 192
1746032512835 0.004336569579288026 193
1746032518334 0.004304207119741101 194
1746032524755 0.004271844660194175 195
1746032530304 0.00423948220064725 196
1746032536454 0.004207119741100324 197
1746032542093 0.004174757281553398 198
1746032547669 0.004142394822006473 199
1746032553725 0.004110032362459547 200
1746032559217 0.004077669902912621 201
1746032565584 0.004045307443365696 202
1746032571073 0.00401294498381877 203
1746032577494 0.0039805825242718446 204
1746032582975 0.003948220064724919 205
1746032589331 0.003915857605177994 206
1746032594857 0.003883495145631068 207
1746032600613 0.0038511326860841424 208
1746032606477 0.003818770226537217 209
1746032612037 0.0037864077669902915 210
1746032618339 0.0037540453074433656 211
1746032623834 0.0037216828478964406 212
1746032630254 0.0036893203883495147 213
1746032635751 0.003656957928802589 214
1746032642204 0.003624595469255664 215
1746032647707 0.003592233009708738 216
1746032653832 0.003559870550161812 217
1746032659488 0.0035275080906148866 218
1746032664989 0.003495145631067961 219
1746032671097 0.0034627831715210357 220
1746032676587 0.00343042071197411 221
1746032682967 0.003398058252427185 222
1746032688529 0.003365695792880259 223
1746032694962 0.003333333333333333 224
1746032700463 0.003300970873786408 225
1746032706814 0.0032686084142394822 226
1746032712382 0.0032362459546925564 227
1746032718232 0.0032038834951456313 228
1746032724052 0.0031715210355987055 229
1746032729572 0.00313915857605178 230
1746032735871 0.003106796116504854 231
1746032741373 0.003074433656957929 232
1746032747761 0.0030420711974110033 233
1746032753287 0.0030097087378640774 234
1746032759723 0.0029773462783171524 235
1746032765222 0.0029449838187702265 236
1746032771345 0.0029126213592233006 237
1746032777001 0.0028802588996763756 238
1746032782520 0.0028478964401294497 239
1746032788706 0.0028155339805825243 240
1746032794177 0.002783171521035599 241
1746032800554 0.0027508090614886734 242
1746032806039 0.0027184466019417475 243
1746032812441 0.0026860841423948217 244
1746032816690 0.0026537216828478967 245
1746033352009 0.002621359223300971 246
1746033358489 0.0025889967637540453 247
1746033363975 0.00255663430420712 248
1746033370417 0.002524271844660194 249
1746033375942 0.0024919093851132686 250
1746033382282 0.002459546925566343 251
1746033387808 0.0024271844660194177 252
1746033393556 0.002394822006472492 253
1746033399385 0.0023624595469255664 254
1746033404853 0.002330097087378641 255
1746033411177 0.002297734627831715 256
1746033416736 0.0022653721682847896 257
1746033423182 0.002233009708737864 258
1746033428684 0.0022006472491909383 259
1746033435092 0.002168284789644013 260
1746033440581 0.0021359223300970874 261
1746033446641 0.002103559870550162 262
1746033452335 0.0020711974110032365 263
1746033457815 0.0020388349514563107 264
1746033464000 0.002006472491909385 265
1746033469483 0.0019741100323624593 266
1746033475912 0.001941747572815534 267
1746033481468 0.0019093851132686085 268
1746033487876 0.0018770226537216828 269
1746033493370 0.0018446601941747574 270
1746033499811 0.001812297734627832 271
1746033505372 0.001779935275080906 272
1746033511166 0.0017475728155339806 273
1746033517002 0.001715210355987055 274
1746033522484 0.0016828478964401295 275
1746033528831 0.001650485436893204 276
1746033534303 0.0016181229773462782 277
1746033540768 0.0015857605177993527 278
1746033546285 0.001553398058252427 279
1746033552705 0.0015210355987055016 280
1746033558224 0.0014886731391585762 281
1746033564214 0.0014563106796116503 282
1746033569959 0.0014239482200647249 283
1746033575447 0.0013915857605177994 284
1746033581708 0.0013592233009708738 285
1746033587210 0.0013268608414239483 286
1746033593597 0.0012944983818770227 287
1746033599123 0.001262135922330097 288
1746033605575 0.0012297734627831716 289
1746033611073 0.001197411003236246 290
1746033617305 0.0011650485436893205 291
1746033622886 0.0011326860841423948 292
1746033628470 0.0011003236245954692 293
1746033634498 0.0010679611650485437 294
1746033640002 0.0010355987055016183 295
1746033646414 0.0010032362459546926 296
1746033651936 0.000970873786407767 297
1746033658430 0.0009385113268608414 298
1746033663927 0.000906148867313916 299
1746033670326 0.0008737864077669903 300
1746033675825 0.0008414239482200647 301
1746033681788 0.0008090614886731391 302
1746033687493 0.0007766990291262135 303
1746033692976 0.0007443365695792881 304
1746033699171 0.0007119741100323624 305
1746033704642 0.0006796116504854369 306
1746033711055 0.0006472491909385113 307
1746033716551 0.0006148867313915858 308
1746033722971 0.0005825242718446602 309
1746033728464 0.0005501618122977346 310
1746033734662 0.0005177993527508091 311
1746033740310 0.0004854368932038835 312
1746033745894 0.000453074433656958 313
1746033751864 0.0004207119741100324 314
1746033757345 0.00038834951456310677 315
1746033763705 0.0003559870550161812 316
1746033769208 0.00032362459546925567 317
1746033775604 0.0002912621359223301 318
1746033781110 0.00025889967637540457 319
1746033787481 0.000226537216828479 320
1746033792960 0.00019417475728155338 321
1746033798856 0.00016181229773462783 322
1746033804575 0.00012944983818770228 323
1746033810078 9.708737864077669e-05 324
1746033816318 6.472491909385114e-05 325
1746033821821 3.236245954692557e-05 326
1746033826946 0.0 327
