1745276679930 9.405350685119629 0
1745276684295 8.876792907714844 1
1745276688644 8.156314849853516 2
1745276692975 7.6138200759887695 3
1745276697327 7.175187587738037 4
1745276701663 6.7920708656311035 5
1745276706232 6.499398231506348 6
1745276710580 6.358811378479004 7
1745276714926 6.346538066864014 8
1745276719497 6.335708141326904 9
1745276723822 6.323132514953613 10
1745276728142 6.3680243492126465 11
1745276732480 6.229613780975342 12
1745276736807 6.4253668785095215 13
1745276741168 6.239390850067139 14
1745276745536 6.165144920349121 15
1745276749869 6.20885705947876 16
1745276754355 6.156094551086426 17
1745276758696 6.061506748199463 18
1745276763038 6.026191234588623 19
1745276767494 6.022644519805908 20
1745276771863 6.059164047241211 21
1745276776193 5.996313571929932 22
1745276780569 5.974921703338623 23
1745276784929 5.862077236175537 24
1745276789268 5.854853630065918 25
1745276793618 5.857257843017578 26
1745276797949 5.795967102050781 27
1745276802404 5.701540946960449 28
1745276806758 5.663212776184082 29
1745276808388 5.663017272949219 30
1745276868612 5.589230060577393 31
1745276872935 5.505105018615723 32
1745276877302 5.518559455871582 33
1745276881629 5.356098175048828 34
1745276885960 5.427453517913818 35
1745276890318 5.363365173339844 36
1745276894634 5.370078086853027 37
1745276899227 5.277129650115967 38
1745276903589 5.31897497177124 39
1745276907934 5.293966293334961 40
1745276912496 5.285771369934082 41
1745276916848 5.207637310028076 42
1745276921210 5.197301864624023 43
1745276925557 5.1239752769470215 44
1745276929878 5.133361339569092 45
1745276934205 5.114095211029053 46
1745276938546 5.0563554763793945 47
1745276942877 5.067965507507324 48
1745276947319 4.953132152557373 49
1745276951688 5.026247024536133 50
1745276956010 5.000606060028076 51
1745276960541 5.003626823425293 52
1745276964882 4.960337162017822 53
1745276969218 4.959717750549316 54
1745276973593 4.831083297729492 55
1745276977923 4.795891761779785 56
1745276982273 4.8661322593688965 57
1745276986635 4.805102825164795 58
1745276990971 4.864956378936768 59
1745276995434 4.830658912658691 60
1745276997068 4.868814945220947 61
1745277057418 4.7081146240234375 62
1745277061765 4.688836097717285 63
1745277066079 4.671799182891846 64
1745277070581 4.68182897567749 65
1745277074928 4.612524032592773 66
1745277079253 4.593050479888916 67
1745277083623 4.63908576965332 68
1745277087969 4.608397006988525 69
1745277092529 4.643485069274902 70
1745277096874 4.543997764587402 71
1745277101204 4.49999475479126 72
1745277105769 4.531001567840576 73
1745277110110 4.549380779266357 74
1745277114454 4.576022624969482 75
1745277118788 4.457492351531982 76
1745277123111 4.520570278167725 77
1745277127461 4.494918346405029 78
1745277131808 4.486878395080566 79
1745277136145 4.4557785987854 80
1745277140712 4.417441368103027 81
1745277145087 4.556656360626221 82
1745277149408 4.462503910064697 83
1745277153893 4.462014675140381 84
1745277158224 4.497534275054932 85
1745277162551 4.43656587600708 86
1745277166914 4.523775100708008 87
1745277171271 4.413640975952148 88
1745277175632 4.4613237380981445 89
1745277180007 4.441601276397705 90
1745277184334 4.448928356170654 91
1745277185938 4.494198799133301 92
1745277246134 4.331826686859131 93
1745277250598 4.290856838226318 94
1745277254953 4.2760910987854 95
1745277259275 4.244840145111084 96
1745277263619 4.2868194580078125 97
1745277267943 4.221693515777588 98
1745277272274 4.357246398925781 99
1745277276614 4.282223224639893 100
1745277280966 4.264172077178955 101
1745277285540 4.303656578063965 102
1745277289894 4.2488837242126465 103
1745277294239 4.2826361656188965 104
1745277298822 4.165258407592773 105
1745277303180 4.265326499938965 106
1745277307512 4.239893436431885 107
1745277311898 4.184531211853027 108
1745277316235 4.2830610275268555 109
1745277320551 4.232361793518066 110
1745277324880 4.271028518676758 111
1745277329233 4.200458526611328 112
1745277333702 4.2466301918029785 113
1745277338070 4.2364702224731445 114
1745277342404 4.167256832122803 115
1745277346956 4.180707931518555 116
1745277351314 4.265970230102539 117
1745277355638 4.195193290710449 118
1745277359991 4.22671365737915 119
1745277364325 4.221242904663086 120
1745277368661 4.205605983734131 121
1745277373012 4.192501544952393 122
1745277374620 4.175250053405762 123
1745277435005 4.036828994750977 124
1745277439344 4.108523368835449 125
1745277443872 4.061577320098877 126
1745277448220 4.053826808929443 127
1745277452546 4.101420879364014 128
1745277456942 3.9923627376556396 129
1745277461287 4.035080432891846 130
1745277465649 4.051277160644531 131
1745277470016 4.072841644287109 132
1745277474345 4.126486301422119 133
1745277478927 4.109526634216309 134
1745277483264 4.003949165344238 135
1745277487601 4.110525608062744 136
1745277491984 4.057638645172119 137
1745277496313 4.063427925109863 138
1745277500665 4.099844455718994 139
1745277505027 4.032756805419922 140
1745277509371 4.101100444793701 141
1745277513724 4.054505825042725 142
1745277518098 4.052964687347412 143
1745277522417 4.094769477844238 144
1745277526983 4.073487758636475 145
1745277531337 4.085935115814209 146
1745277535685 4.084841251373291 147
1745277540202 4.060945987701416 148
1745277544550 4.132726669311523 149
1745277548884 4.032622337341309 150
1745277553220 4.082707405090332 151
1745277557552 4.098593235015869 152
1745277561885 3.9666476249694824 153
1745277563542 4.036561012268066 154
1745277624104 3.95963454246521 155
1745277628502 3.8357484340667725 156
1745277632847 3.959981918334961 157
1745277637205 3.8991010189056396 158
1745277641549 3.849027633666992 159
1745277645919 3.896196126937866 160
1745277650269 3.8976001739501953 161
1745277654623 3.9903531074523926 162
1745277659202 3.921869993209839 163
1745277663568 3.942150354385376 164
1745277667932 3.9499876499176025 165
1745277672383 3.9286868572235107 166
1745277676719 3.9488909244537354 167
1745277681034 3.9048757553100586 168
1745277685392 3.855421543121338 169
1745277689747 3.916142702102661 170
1745277694093 4.071971893310547 171
1745277698458 3.9275007247924805 172
1745277702804 3.927431106567383 173
1745277707397 3.9759762287139893 174
1745277711789 3.9615023136138916 175
1745277716121 3.88517689704895 176
1745277720711 3.9467403888702393 177
1745277725084 3.8599367141723633 178
1745277729416 3.918419599533081 179
1745277733762 3.963956832885742 180
1745277738116 3.905730724334717 181
1745277742465 3.988434076309204 182
1745277746822 3.976810932159424 183
1745277751185 4.010866165161133 184
1745277752803 3.9478845596313477 185
1745277813550 3.8214616775512695 186
1745277817909 3.8033554553985596 187
1745277822257 3.8188912868499756 188
1745277826602 3.7828519344329834 189
1745277830958 3.8718929290771484 190
1745277835347 3.8106088638305664 191
1745277839797 3.743699312210083 192
1745277844174 3.8073971271514893 193
1745277848526 3.875965118408203 194
1745277852975 3.8650805950164795 195
1745277857310 3.77372670173645 196
1745277861669 3.8400583267211914 197
1745277866044 3.850625991821289 198
1745277870385 3.8376314640045166 199
1745277874711 3.8042373657226562 200
1745277879062 3.8353869915008545 201
1745277883424 3.832481861114502 202
1745277888008 3.7929210662841797 203
1745277892380 3.823026180267334 204
1745277896727 3.797367572784424 205
1745277901299 3.8107500076293945 206
1745277905652 3.830815315246582 207
1745277909984 3.8046114444732666 208
1745277914360 3.9158079624176025 209
1745277918727 3.8224706649780273 210
1745277923073 3.777907133102417 211
1745277927435 3.814032554626465 212
1745277931803 3.821585178375244 213
1745277936319 3.8391616344451904 214
1745277940696 3.7669310569763184 215
1745277942316 3.844886302947998 216
1745278002928 3.7050654888153076 217
1745278007283 3.7230825424194336 218
1745278011633 3.653390884399414 219
1745278015981 3.729386568069458 220
1745278020420 3.7083535194396973 221
1745278024805 3.719282627105713 222
1745278029154 3.663557767868042 223
1745278033659 3.7559735774993896 224
1745278038016 3.752302885055542 225
1745278042358 3.684067487716675 226
1745278046806 3.7151129245758057 227
1745278051142 3.7745141983032227 228
1745278055476 3.7199063301086426 229
1745278059834 3.672752857208252 230
1745278064166 3.727875232696533 231
1745278068548 3.713826894760132 232
1745278072922 3.716848134994507 233
1745278077267 3.6545674800872803 234
1745278081840 3.6849937438964844 235
1745278086219 3.754931926727295 236
1745278090547 3.7608766555786133 237
1745278094958 3.723386287689209 238
1745278099306 3.7269318103790283 239
1745278103647 3.6935060024261475 240
1745278108008 3.736004590988159 241
1745278112327 3.7882561683654785 242
1745278116702 3.7389440536499023 243
1745278121058 3.7305328845977783 244
1745278125394 3.77339506149292 245
1745278129974 3.7478079795837402 246
1745278131610 3.6693568229675293 247
1745278192000 3.598350763320923 248
1745278196332 3.59546160697937 249
1745278200671 3.57210636138916 250
1745278205024 3.6062521934509277 251
1745278209395 3.652665853500366 252
1745278213964 3.602687120437622 253
1745278218320 3.5594515800476074 254
1745278222665 3.636925220489502 255
1745278227150 3.6920268535614014 256
1745278231481 3.621926784515381 257
1745278235866 3.6037397384643555 258
1745278240235 3.6789612770080566 259
1745278244581 3.5945239067077637 260
1745278248934 3.5831491947174072 261
1745278253309 3.640896797180176 262
1745278257643 3.6200144290924072 263
1745278262210 3.693777084350586 264
1745278266580 3.60604190826416 265
1745278270928 3.6880006790161133 266
1745278275511 3.6189963817596436 267
1745278279860 3.645555019378662 268
1745278284199 3.663848876953125 269
1745278288548 3.689453125 270
1745278292900 3.608785390853882 271
1745278297258 3.656590461730957 272
1745278301626 3.6890690326690674 273
1745278305960 3.620156764984131 274
1745278310553 3.5933799743652344 275
1745278314929 3.723674774169922 276
1745278319266 3.6501104831695557 277
1745278320892 3.7457029819488525 278
1745278381522 3.470075845718384 279
1745278385901 3.534759283065796 280
1745278390235 3.4802119731903076 281
1745278394661 3.4921512603759766 282
1745278399021 3.537891149520874 283
1745278403391 3.5766735076904297 284
1745278407930 3.567234754562378 285
1745278412308 3.525332450866699 286
1745278416677 3.5503504276275635 287
1745278421074 3.5255062580108643 288
1745278425431 3.5499067306518555 289
1745278429773 3.5773956775665283 290
1745278434141 3.6023902893066406 291
1745278438508 3.5271036624908447 292
1745278442932 3.558567523956299 293
1745278447294 3.563667058944702 294
1745278451633 3.4398081302642822 295
1745278456126 3.4746499061584473 296
1745278460469 3.590244770050049 297
1745278464800 3.536499261856079 298
1745278469200 3.552232027053833 299
1745278473549 3.615511894226074 300
1745278477875 3.530735969543457 301
1745278482236 3.5597193241119385 302
1745278486590 3.606297731399536 303
1745278490958 3.6629204750061035 304
1745278495307 3.507032632827759 305
1745278499651 3.6114649772644043 306
1745278504247 3.5384371280670166 307
1745278508636 3.5914719104766846 308
1745278510279 3.5027623176574707 309
1745278570833 3.3935132026672363 310
1745278575183 3.4182605743408203 311
1745278579554 3.442220449447632 312
1745278583914 3.418109893798828 313
1745278588499 3.3728346824645996 314
1745278592877 3.440211296081543 315
1745278597264 3.451478958129883 316
1745278601893 3.4580860137939453 317
1745278606253 3.4652259349823 318
1745278610615 3.4521450996398926 319
1745278614984 3.4873344898223877 320
1745278619340 3.4639334678649902 321
1745278623702 3.4654860496520996 322
1745278628103 3.476022243499756 323
1745278632449 3.49721097946167 324
1745278637033 3.5321452617645264 325
1745278641414 3.514662027359009 326
1745278645789 3.5777764320373535 327
1745278650187 3.4288594722747803 328
1745278654521 3.5389246940612793 329
1745278658904 3.5492868423461914 330
1745278663304 3.4518959522247314 331
1745278667638 3.5216519832611084 332
1745278672054 3.5733420848846436 333
1745278676401 3.5055325031280518 334
1745278680742 3.4900739192962646 335
1745278685331 3.5742146968841553 336
1745278689686 3.5466291904449463 337
1745278694046 3.501560688018799 338
1745278698429 3.5467398166656494 339
1745278700056 3.4612176418304443 340
1745278760604 3.405748128890991 341
1745278764935 3.3805062770843506 342
1745278769395 3.3144075870513916 343
1745278773759 3.4177117347717285 344
1745278778092 3.4238529205322266 345
1745278782684 3.3353655338287354 346
1745278787035 3.3998613357543945 347
1745278791405 3.365574598312378 348
1745278795761 3.4638490676879883 349
1745278800107 3.3631718158721924 350
1745278804489 3.3231306076049805 351
1745278808860 3.4277992248535156 352
1745278813207 3.4473397731781006 353
1745278817700 3.389244794845581 354
1745278822064 3.426546812057495 355
1745278826408 3.4213943481445312 356
1745278831014 3.4556400775909424 357
1745278835370 3.3726203441619873 358
1745278839748 3.3707778453826904 359
1745278844268 3.476735830307007 360
1745278848637 3.4644246101379395 361
1745278853037 3.4494762420654297 362
1745278857412 3.480912208557129 363
1745278861790 3.382718324661255 364
1745278866241 3.44271183013916 365
1745278870657 3.4723262786865234 366
1745278875012 3.430605411529541 367
1745278879439 3.4588782787323 368
1745278883809 3.4210703372955322 369
1745278888155 3.572981119155884 370
1745278889858 3.459012508392334 371
1745278950450 3.2396748065948486 372
1745278954843 3.3288280963897705 373
1745278959203 3.36562442779541 374
1745278963691 3.2306771278381348 375
1745278968063 3.303905725479126 376
1745278972435 3.304211139678955 377
1745278976800 3.3097753524780273 378
1745278981151 3.352755308151245 379
1745278985516 3.3636136054992676 380
1745278989897 3.4009971618652344 381
1745278994275 3.361307382583618 382
1745278998776 3.3261637687683105 383
1745279003139 3.3607518672943115 384
1745279007501 3.3725743293762207 385
1745279012069 3.2974727153778076 386
1745279016436 3.238079786300659 387
1745279020826 3.4303982257843018 388
1745279025192 3.380465269088745 389
1745279029557 3.4943947792053223 390
1745279033895 3.2569639682769775 391
1745279038267 3.3609464168548584 392
1745279042639 3.353818655014038 393
1745279047145 3.4035890102386475 394
1745279051556 3.394564390182495 395
1745279055924 3.4193732738494873 396
1745279060435 3.386963129043579 397
1745279064791 3.4673829078674316 398
1745279069148 3.3890016078948975 399
1745279073517 3.4127845764160156 400
1745279077844 3.433284282684326 401
1745279079468 3.3477301597595215 402
1745279140023 3.2869505882263184 403
1745279144616 3.2937686443328857 404
1745279148995 3.326724052429199 405
1745279153350 3.296757698059082 406
1745279157727 3.2481462955474854 407
1745279162078 3.295088052749634 408
1745279166449 3.263883590698242 409
1745279170800 3.3216586112976074 410
1745279175147 3.329413652420044 411
1745279179516 3.2569708824157715 412
1745279183894 3.2313625812530518 413
1745279188254 3.2331132888793945 414
1745279192728 3.3154516220092773 415
1745279197111 3.3129124641418457 416
1745279201476 3.2885684967041016 417
1745279205877 3.372492551803589 418
1745279210240 3.293227434158325 419
1745279214620 3.2779223918914795 420
1745279218985 3.340165615081787 421
1745279223341 3.3016140460968018 422
1745279227683 3.3447930812835693 423
1745279232075 3.3618276119232178 424
1745279236430 3.2891693115234375 425
1745279240958 3.3352348804473877 426
1745279245311 3.323158025741577 427
1745279249646 3.3592681884765625 428
1745279254160 3.3362178802490234 429
1745279258514 3.250899314880371 430
1745279262860 3.3092753887176514 431
1745279267208 3.367166519165039 432
1745279268821 3.331879138946533 433
1745279329529 3.1627731323242188 434
1745279333877 3.172544002532959 435
1745279338438 3.191725492477417 436
1745279342776 3.18485689163208 437
1745279347140 3.2154381275177 438
1745279351497 3.1673386096954346 439
1745279355861 3.1942174434661865 440
1745279360236 3.229994535446167 441
1745279364609 3.2584519386291504 442
1745279369094 3.2271440029144287 443
1745279373608 3.2189598083496094 444
1745279377960 3.2398180961608887 445
1745279382314 3.2890868186950684 446
1745279386868 3.170525312423706 447
1745279391241 3.3407578468322754 448
1745279395596 3.252877712249756 449
1745279399959 3.2855095863342285 450
1745279404311 3.3258941173553467 451
1745279408658 3.2361884117126465 452
1745279413000 3.258033037185669 453
1745279417371 3.329545497894287 454
1745279421773 3.345440626144409 455
1745279426167 3.2266030311584473 456
1745279430534 3.2974636554718018 457
1745279435098 3.2835869789123535 458
1745279439489 3.303696870803833 459
1745279443823 3.2790613174438477 460
1745279448185 3.3118224143981934 461
1745279452520 3.283041477203369 462
1745279456896 3.3212544918060303 463
1745279458564 3.3093855381011963 464
