1745276679930 0.00011669519153656438 0
1745276684295 0.058943089097738266 1
1745276688644 0.0726483017206192 2
1745276692975 0.07394947111606598 3
1745276697327 0.069261334836483 4
1745276701663 0.07398102432489395 5
1745276706232 0.07552487403154373 6
1745276710580 0.0717659741640091 7
1745276714926 0.06866861879825592 8
1745276719497 0.08549764007329941 9
1745276723822 0.08537574112415314 10
1745276728142 0.04698997363448143 11
1745276732480 0.09153367578983307 12
1745276736807 0.08724526315927505 13
1745276741168 0.08605851978063583 14
1745276745536 0.09204988926649094 15
1745276749869 0.07811445742845535 16
1745276754355 0.09128248691558838 17
1745276758696 0.1031774953007698 18
1745276763038 0.10902183502912521 19
1745276767494 0.1108202412724495 20
1745276771863 0.10424458235502243 21
1745276776193 0.11687055975198746 22
1745276780569 0.12206623703241348 23
1745276784929 0.13341858983039856 24
1745276789268 0.1306394636631012 25
1745276793618 0.13272085785865784 26
1745276797949 0.13471278548240662 27
1745276802404 0.14647532999515533 28
1745276806758 0.14743950963020325 29
1745276808388 0.1465817540884018 30
1745276868612 0.15200404822826385 31
1745276872935 0.162546306848526 32
1745276877302 0.15615931153297424 33
1745276881629 0.16893838346004486 34
1745276885960 0.16449733078479767 35
1745276890318 0.16878803074359894 36
1745276894634 0.16938012838363647 37
1745276899227 0.17539000511169434 38
1745276903589 0.17766934633255005 39
1745276907934 0.1822873204946518 40
1745276912496 0.17639122903347015 41
1745276916848 0.18405285477638245 42
1745276921210 0.1840852051973343 43
1745276925557 0.1932256519794464 44
1745276929878 0.19465066492557526 45
1745276934205 0.19427180290222168 46
1745276938546 0.19729535281658173 47
1745276942877 0.20006060600280762 48
1745276947319 0.2088770866394043 49
1745276951688 0.2076335847377777 50
1745276956010 0.20328187942504883 51
1745276960541 0.2007102370262146 52
1745276964882 0.20949074625968933 53
1745276969218 0.21412257850170135 54
1745276973593 0.22499383985996246 55
1745276977923 0.23110519349575043 56
1745276982273 0.2235480695962906 57
1745276986635 0.23156610131263733 58
1745276990971 0.2198595553636551 59
1745276995434 0.2224704772233963 60
1745276997068 0.2181214541196823 61
1745277057418 0.23271889984607697 62
1745277061765 0.23160479962825775 63
1745277066079 0.2308489829301834 64
1745277070581 0.23793481290340424 65
1745277074928 0.24108293652534485 66
1745277079253 0.24346348643302917 67
1745277083623 0.24359482526779175 68
1745277087969 0.23744156956672668 69
1745277092529 0.23896068334579468 70
1745277096874 0.24744769930839539 71
1745277101204 0.25181904435157776 72
1745277105769 0.2555643916130066 73
1745277110110 0.24615119397640228 74
1745277114454 0.24754999577999115 75
1745277118788 0.26583775877952576 76
1745277123111 0.2530195713043213 77
1745277127461 0.25340160727500916 78
1745277131808 0.25279802083969116 79
1745277136145 0.25842785835266113 80
1745277140712 0.2607584595680237 81
1745277145087 0.2495681494474411 82
1745277149408 0.2551406919956207 83
1745277153893 0.25962206721305847 84
1745277158224 0.2568358778953552 85
1745277162551 0.2641063332557678 86
1745277166914 0.2575584053993225 87
1745277171271 0.26333606243133545 88
1745277175632 0.262538343667984 89
1745277180007 0.26535719633102417 90
1745277184334 0.2581391930580139 91
1745277185938 0.25838497281074524 92
1745277246134 0.2627564072608948 93
1745277250598 0.2704387903213501 94
1745277254953 0.2709168493747711 95
1745277259275 0.2732009291648865 96
1745277263619 0.278402179479599 97
1745277267943 0.28020957112312317 98
1745277272274 0.2694706618785858 99
1745277276614 0.2716658413410187 100
1745277280966 0.27153027057647705 101
1745277285540 0.2651216983795166 102
1745277289894 0.27583563327789307 103
1745277294239 0.27404719591140747 104
1745277298822 0.28695446252822876 105
1745277303180 0.27245843410491943 106
1745277307512 0.27627697587013245 107
1745277311898 0.2764160633087158 108
1745277316235 0.2751197814941406 109
1745277320551 0.28032246232032776 110
1745277324880 0.2738029956817627 111
1745277329233 0.2866680324077606 112
1745277333702 0.2786913514137268 113
1745277338070 0.2757662236690521 114
1745277342404 0.2898780405521393 115
1745277346956 0.2829929292201996 116
1745277351314 0.2750157117843628 117
1745277355638 0.27638864517211914 118
1745277359991 0.2778698205947876 119
1745277364325 0.2801857590675354 120
1745277368661 0.2777867019176483 121
1745277373012 0.28676116466522217 122
1745277374620 0.28899937868118286 123
1745277435005 0.28915366530418396 124
1745277439344 0.28213176131248474 125
1745277443872 0.2928580939769745 126
1745277448220 0.2952073812484741 127
1745277452546 0.28412893414497375 128
1745277456942 0.29840776324272156 129
1745277461287 0.29641932249069214 130
1745277465649 0.2935646176338196 131
1745277470016 0.2884342074394226 132
1745277474345 0.2874039113521576 133
1745277478927 0.2900597155094147 134
1745277483264 0.2973114252090454 135
1745277487601 0.2880900800228119 136
1745277491984 0.29440897703170776 137
1745277496313 0.29231590032577515 138
1745277500665 0.29205548763275146 139
1745277505027 0.29618191719055176 140
1745277509371 0.28222742676734924 141
1745277513724 0.2925080955028534 142
1745277518098 0.2920325994491577 143
1745277522417 0.2865452170372009 144
1745277526983 0.2854997515678406 145
1745277531337 0.28924983739852905 146
1745277535685 0.29657673835754395 147
1745277540202 0.28924742341041565 148
1745277544550 0.285608172416687 149
1745277548884 0.2913980484008789 150
1745277553220 0.2902945578098297 151
1745277557552 0.28917235136032104 152
1745277561885 0.29937878251075745 153
1745277563542 0.3013245165348053 154
1745277624104 0.29879194498062134 155
1745277628502 0.3136758804321289 156
1745277632847 0.29111120104789734 157
1745277637205 0.3002607226371765 158
1745277641549 0.3124314844608307 159
1745277645919 0.3027098774909973 160
1745277650269 0.3076004683971405 161
1745277654623 0.2940976321697235 162
1745277659202 0.30149373412132263 163
1745277663568 0.30047911405563354 164
1745277667932 0.29805615544319153 165
1745277672383 0.30319127440452576 166
1745277676719 0.29716065526008606 167
1745277681034 0.3011132478713989 168
1745277685392 0.3095813989639282 169
1745277689747 0.3055435121059418 170
1745277694093 0.28964394330978394 171
1745277698458 0.3015921413898468 172
1745277702804 0.30421653389930725 173
1745277707397 0.2970271110534668 174
1745277711789 0.29966554045677185 175
1745277716121 0.3091132640838623 176
1745277720711 0.3046250641345978 177
1745277725084 0.3078012764453888 178
1745277729416 0.29579979181289673 179
1745277733762 0.29846206307411194 180
1745277738116 0.3081790506839752 181
1745277742465 0.29794642329216003 182
1745277746822 0.3034636974334717 183
1745277751185 0.30018118023872375 184
1745277752803 0.3019395172595978 185
1745277813550 0.3100062310695648 186
1745277817909 0.30971261858940125 187
1745277822257 0.3095334470272064 188
1745277826602 0.31176453828811646 189
1745277830958 0.3067883551120758 190
1745277835347 0.31027570366859436 191
1745277839797 0.32025057077407837 192
1745277844174 0.311177134513855 193
1745277848526 0.3069915175437927 194
1745277852975 0.3004605174064636 195
1745277857310 0.31484323740005493 196
1745277861669 0.30544498562812805 197
1745277866044 0.30713170766830444 198
1745277870385 0.3082178235054016 199
1745277874711 0.315571129322052 200
1745277879062 0.3107796907424927 201
1745277883424 0.3106258809566498 202
1745277888008 0.3110845685005188 203
1745277892380 0.3092833161354065 204
1745277896727 0.31314972043037415 205
1745277901299 0.3092220425605774 206
1745277905652 0.31085607409477234 207
1745277909984 0.3195689618587494 208
1745277914360 0.30483344197273254 209
1745277918727 0.30884209275245667 210
1745277923073 0.3162013292312622 211
1745277927435 0.31838440895080566 212
1745277931803 0.31103116273880005 213
1745277936319 0.31010451912879944 214
1745277940696 0.3171774744987488 215
1745277942316 0.3164701759815216 216
1745278002928 0.32127565145492554 217
1745278007283 0.3276726305484772 218
1745278011633 0.32510289549827576 219
1745278015981 0.32041510939598083 220
1745278020420 0.3198254108428955 221
1745278024805 0.31868258118629456 222
1745278029154 0.3214961290359497 223
1745278033659 0.3105127215385437 224
1745278038016 0.31931206583976746 225
1745278042358 0.32247933745384216 226
1745278046806 0.31925147771835327 227
1745278051142 0.3148276209831238 228
1745278055476 0.3179691731929779 229
1745278059834 0.3257487416267395 230
1745278064166 0.3192022740840912 231
1745278068548 0.31754788756370544 232
1745278072922 0.32003965973854065 233
1745278077267 0.3272612988948822 234
1745278081840 0.3253149688243866 235
1745278086219 0.3068704903125763 236
1745278090547 0.3166617751121521 237
1745278094958 0.31779399514198303 238
1745278099306 0.3156094253063202 239
1745278103647 0.3237523138523102 240
1745278108008 0.31944742798805237 241
1745278112327 0.3103325068950653 242
1745278116702 0.31943655014038086 243
1745278121058 0.31904977560043335 244
1745278125394 0.32290807366371155 245
1745278129974 0.3202242851257324 246
1745278131610 0.3214768171310425 247
1745278192000 0.33126869797706604 248
1745278196332 0.338156133890152 249
1745278200671 0.33366870880126953 250
1745278205024 0.3271544873714447 251
1745278209395 0.3203594982624054 252
1745278213964 0.331424742937088 253
1745278218320 0.3373469412326813 254
1745278222665 0.3211206793785095 255
1745278227150 0.32024040818214417 256
1745278231481 0.3283216059207916 257
1745278235866 0.3297432065010071 258
1745278240235 0.3221254348754883 259
1745278244581 0.32976189255714417 260
1745278248934 0.33013561367988586 261
1745278253309 0.32520630955696106 262
1745278257643 0.32352423667907715 263
1745278262210 0.3189801573753357 264
1745278266580 0.3314695656299591 265
1745278270928 0.31499311327934265 266
1745278275511 0.326510488986969 267
1745278279860 0.32421639561653137 268
1745278284199 0.32331353425979614 269
1745278288548 0.32570454478263855 270
1745278292900 0.33127573132514954 271
1745278297258 0.3243870139122009 272
1745278301626 0.3266933858394623 273
1745278305960 0.33072441816329956 274
1745278310553 0.3370319604873657 275
1745278314929 0.3188452124595642 276
1745278319266 0.3268175721168518 277
1745278320892 0.3203369975090027 278
1745278381522 0.33790579438209534 279
1745278385901 0.3349936902523041 280
1745278390235 0.3380459249019623 281
1745278394661 0.33458685874938965 282
1745278399021 0.33481964468955994 283
1745278403391 0.3328307569026947 284
1745278407930 0.3316957652568817 285
1745278412308 0.3380002975463867 286
1745278416677 0.33382877707481384 287
1745278421074 0.3360117971897125 288
1745278425431 0.33209288120269775 289
1745278429773 0.32741788029670715 290
1745278434141 0.3307865560054779 291
1745278438508 0.33665168285369873 292
1745278442932 0.3351646363735199 293
1745278447294 0.33278194069862366 294
1745278451633 0.35016119480133057 295
1745278456126 0.34549689292907715 296
1745278460469 0.332171767950058 297
1745278464800 0.33329880237579346 298
1745278469200 0.3333725929260254 299
1745278473549 0.322500079870224 300
1745278477875 0.3391561508178711 301
1745278482236 0.3322702944278717 302
1745278486590 0.3334166705608368 303
1745278490958 0.3222736716270447 304
1745278495307 0.3402172029018402 305
1745278499651 0.32863232493400574 306
1745278504247 0.3385328948497772 307
1745278508636 0.32896921038627625 308
1745278510279 0.3471321761608124 309
1745278570833 0.3460776209831238 310
1745278575183 0.34795472025871277 311
1745278579554 0.3485046625137329 312
1745278583914 0.3437396287918091 313
1745278588499 0.34927406907081604 314
1745278592877 0.3397584855556488 315
1745278597264 0.3419785499572754 316
1745278601893 0.34120070934295654 317
1745278606253 0.3415963649749756 318
1745278610615 0.3404344320297241 319
1745278614984 0.3405083417892456 320
1745278619340 0.3430010974407196 321
1745278623702 0.3387937545776367 322
1745278628103 0.34238699078559875 323
1745278632449 0.3388700783252716 324
1745278637033 0.3348623812198639 325
1745278641414 0.33566299080848694 326
1745278645789 0.329792320728302 327
1745278650187 0.3525341749191284 328
1745278654521 0.33130398392677307 329
1745278658904 0.3356567621231079 330
1745278663304 0.34374308586120605 331
1745278667638 0.33630555868148804 332
1745278672054 0.3334893584251404 333
1745278676401 0.3357184827327728 334
1745278680742 0.3394165635108948 335
1745278685331 0.33007094264030457 336
1745278689686 0.3272460103034973 337
1745278694046 0.3399646580219269 338
1745278698429 0.33521923422813416 339
1745278700056 0.3372918963432312 340
1745278760604 0.3424282371997833 341
1745278764935 0.34541380405426025 342
1745278769395 0.3625181019306183 343
1745278773759 0.34377601742744446 344
1745278778092 0.33996856212615967 345
1745278782684 0.35300594568252563 346
1745278787035 0.34345123171806335 347
1745278791405 0.3527614176273346 348
1745278795761 0.33966514468193054 349
1745278800107 0.35613110661506653 350
1745278804489 0.3536146283149719 351
1745278808860 0.34924861788749695 352
1745278813207 0.3459297716617584 353
1745278817700 0.3469387888908386 354
1745278822064 0.35053563117980957 355
1745278826408 0.34976819157600403 356
1745278831014 0.34186363220214844 357
1745278835370 0.3513246476650238 358
1745278839748 0.3507527709007263 359
1745278844268 0.33469080924987793 360
1745278848637 0.3386436402797699 361
1745278853037 0.3369393050670624 362
1745278857412 0.3402651846408844 363
1745278861790 0.35574159026145935 364
1745278866241 0.34031805396080017 365
1745278870657 0.34062811732292175 366
1745278875012 0.3395780324935913 367
1745278879439 0.34349730610847473 368
1745278883809 0.34733083844184875 369
1745278888155 0.32763007283210754 370
1745278889858 0.34493765234947205 371
1745278950450 0.36201274394989014 372
1745278954843 0.3509606420993805 373
1745278959203 0.34577178955078125 374
1745278963691 0.36714017391204834 375
1745278968063 0.3516983389854431 376
1745278972435 0.3636643588542938 377
1745278976800 0.3508179187774658 378
1745278981151 0.34921833872795105 379
1745278985516 0.3473565876483917 380
1745278989897 0.3486488461494446 381
1745278994275 0.3507307767868042 382
1745278998776 0.35310113430023193 383
1745279003139 0.34842684864997864 384
1745279007501 0.3508894145488739 385
1745279012069 0.3536664545536041 386
1745279016436 0.3648134469985962 387
1745279020826 0.3447303771972656 388
1745279025192 0.3496810793876648 389
1745279029557 0.33320432901382446 390
1745279033895 0.36040574312210083 391
1745279038267 0.3472777009010315 392
1745279042639 0.3521116077899933 393
1745279047145 0.3462928533554077 394
1745279051556 0.3544846773147583 395
1745279055924 0.3458530902862549 396
1745279060435 0.3505784273147583 397
1745279064791 0.3402199149131775 398
1745279069148 0.34939199686050415 399
1745279073517 0.34463387727737427 400
1745279077844 0.34220176935195923 401
1745279079468 0.3599088788032532 402
1745279140023 0.35499757528305054 403
1745279144616 0.35282739996910095 404
1745279148995 0.35234323143959045 405
1745279153350 0.3509041368961334 406
1745279157727 0.36457395553588867 407
1745279162078 0.3531045913696289 408
1745279166449 0.3588089048862457 409
1745279170800 0.35094401240348816 410
1745279175147 0.35214948654174805 411
1745279179516 0.35937929153442383 412
1745279183894 0.3639048635959625 413
1745279188254 0.36108607053756714 414
1745279192728 0.3489009141921997 415
1745279197111 0.34671980142593384 416
1745279201476 0.355540931224823 417
1745279205877 0.3536861538887024 418
1745279210240 0.3537449836730957 419
1745279214620 0.3605087101459503 420
1745279218985 0.35418859124183655 421
1745279223341 0.35523638129234314 422
1745279227683 0.3508093059062958 423
1745279232075 0.35025346279144287 424
1745279236430 0.3553835153579712 425
1745279240958 0.35606515407562256 426
1745279245311 0.3539471924304962 427
1745279249646 0.34767138957977295 428
1745279254160 0.3534890413284302 429
1745279258514 0.3665555417537689 430
1745279262860 0.3614405393600464 431
1745279267208 0.35400310158729553 432
1745279268821 0.3513944149017334 433
1745279329529 0.3728116750717163 434
1745279333877 0.3686020076274872 435
1745279338438 0.36806240677833557 436
1745279342776 0.3662925064563751 437
1745279347140 0.36427968740463257 438
1745279351497 0.3707609474658966 439
1745279355861 0.36925008893013 440
1745279360236 0.36514201760292053 441
1745279364609 0.3605809807777405 442
1745279369094 0.36493176221847534 443
1745279373608 0.3692302405834198 444
1745279377960 0.36176690459251404 445
1745279382314 0.353177011013031 446
1745279386868 0.3713231682777405 447
1745279391241 0.3507005572319031 448
1745279395596 0.36106303334236145 449
1745279399959 0.35596781969070435 450
1745279404311 0.3481837511062622 451
1745279408658 0.36710143089294434 452
1745279413000 0.36083412170410156 453
1745279417371 0.3545302152633667 454
1745279421773 0.3532768785953522 455
1745279426167 0.3608189821243286 456
1745279430534 0.3564061224460602 457
1745279435098 0.3570254147052765 458
1745279439489 0.353772908449173 459
1745279443823 0.35808247327804565 460
1745279448185 0.35705479979515076 461
1745279452520 0.3553749918937683 462
1745279456896 0.35018500685691833 463
1745279458564 0.3499903082847595 464
