1745276864265 6.458525657653809 0
1745277052894 5.128152370452881 1
1745277241771 4.534817218780518 2
1745277430638 4.243432521820068 3
1745277619679 4.066977500915527 4
1745277809191 3.933032274246216 5
1745277998573 3.8205690383911133 6
1745278187642 3.7199606895446777 7
1745278377163 3.6371703147888184 8
1745278566478 3.547065019607544 9
1745278756244 3.4844064712524414 10
1745278945896 3.4198837280273438 11
1745279135657 3.357679843902588 12
1745279325150 3.306292772293091 13
1745279514714 3.2552592754364014 14
