1745276864265 0.09507083892822266 0
1745277052894 0.19411209225654602 1
1745277241771 0.25100046396255493 2
1745277430638 0.27683714032173157 3
1745277619679 0.2912643849849701 4
1745277809191 0.3018372356891632 5
1745277998573 0.3111543357372284 6
1745278187642 0.3195968270301819 7
1745278377163 0.3268018960952759 8
1745278566478 0.33468443155288696 9
1745278756244 0.33943089842796326 10
1745278945896 0.3454611897468567 11
1745279135657 0.35096433758735657 12
1745279325150 0.35498592257499695 13
1745279514714 0.36053481698036194 14
