1745961051571 0.0009472686797380447 0
1745961055660 0.00023223408788908273 1
1745961059606 0.0006840880960226059 2
1745961064254 0.00033426182926632464 3
1745961068168 0.0006505026831291616 4
1745961072115 0.0003590449341572821 5
1745961076833 0.0004417611635290086 6
1745961080761 0.0008501593838445842 7
1745961084683 0.0019566831178963184 8
1745961089468 0.001494865515269339 9
1745961093406 0.0033173842821270227 10
1745961097323 0.0022187347058206797 11
1745961102160 0.011400965973734856 12
1745961106102 0.013487056829035282 13
1745961110031 0.0116120595484972 14
1745961114866 0.01120796985924244 15
1745961118786 0.04689815267920494 16
1745961122717 0.048677392303943634 17
1745961127339 0.044310808181762695 18
1745961131323 0.04194751754403114 19
1745961135281 0.061523113399744034 20
1745961139693 0.05678437277674675 21
1745961143826 0.06445121020078659 22
1745961147759 0.0584346204996109 23
1745961151879 0.06665818393230438 24
1745961156233 0.06803741306066513 25
1745961160133 0.06438621878623962 26
1745961164079 0.0688481554389 27
1745961168710 0.06509899348020554 28
1745961172628 0.059324610978364944 29
1745961176551 0.06583427637815475 30
1745961181309 0.06445343047380447 31
1745961185225 0.0627814382314682 32
1745961189168 0.06992922723293304 33
1745961193970 0.06166398525238037 34
1745961197935 0.06479094922542572 35
1745961201886 0.06231500953435898 36
1745961206731 0.0628918781876564 37
1745961210680 0.06034427881240845 38
1745961214614 0.06008799374103546 39
1745961219366 0.06353550404310226 40
1745961223293 0.0648062452673912 41
1745961227236 0.06248866766691208 42
1745961231853 0.06635776907205582 43
1745961235897 0.059072356671094894 44
1745961239826 0.06442825496196747 45
1745961244189 0.0625503808259964 46
1745961248323 0.06377348303794861 47
1745961252247 0.0581776387989521 48
1745961256398 0.06262283772230148 49
1745961260806 0.06142663583159447 50
1745961264740 0.06304079294204712 51
1745961268677 0.05672283098101616 52
1745961273266 0.06257569789886475 53
1745961277209 0.05703192949295044 54
1745961281146 0.057364676147699356 55
1745961285898 0.05567727982997894 56
1745961289817 0.055392730981111526 57
1745961293777 0.05440988764166832 58
1745961298604 0.05708976835012436 59
1745961302527 0.05638166144490242 60
1745961306477 0.05771469697356224 61
1745961311320 0.059089481830596924 62
1745961315291 0.056432824581861496 63
1745961319272 0.055651742964982986 64
1745961324096 0.05795266851782799 65
1745961328011 0.05476374179124832 66
1745961331947 0.05687151476740837 67
1745961336720 0.058502621948719025 68
1745961340644 0.0588165819644928 69
1745961344585 0.05843311548233032 70
1745961349151 0.056266650557518005 71
1745961353203 0.057784177362918854 72
1745961357127 0.05442081764340401 73
1745961361370 0.059890858829021454 74
1745961365573 0.05345683544874191 75
1745961369490 0.0602811835706234 76
1745961373476 0.05831218138337135 77
1745961378009 0.0638473778963089 78
1745961381985 0.06591495126485825 79
1745961384260 0.05972922593355179 80
1745962609692 0.060561954975128174 81
1745962614595 0.0590626485645771 82
1745962618606 0.06206125393509865 83
1745962622568 0.06582817435264587 84
1745962627410 0.058171745389699936 85
1745962631376 0.060830455273389816 86
1745962635312 0.05758589506149292 87
1745962640122 0.060878243297338486 88
1745962644107 0.06299592554569244 89
1745962648038 0.06118129566311836 90
1745962652695 0.058907750993967056 91
1745962656719 0.06020530313253403 92
1745962660667 0.05958238244056702 93
1745962665073 0.05969122424721718 94
1745962669209 0.06085053086280823 95
1745962673186 0.05866087228059769 96
1745962677375 0.06049162894487381 97
1745962681736 0.061446379870176315 98
1745962685689 0.0577068068087101 99
1745962689657 0.062477558851242065 100
1745962694280 0.06172505393624306 101
1745962698230 0.06157797574996948 102
1745962702180 0.0618116557598114 103
1745962706909 0.06548560410737991 104
1745962710896 0.06097306311130524 105
1745962714882 0.05748330429196358 106
1745962719716 0.06228397786617279 107
1745962723658 0.06272697448730469 108
1745962727610 0.0654699057340622 109
1745962732452 0.062182169407606125 110
1745962736423 0.05925591662526131 111
1745962740401 0.060895565897226334 112
1745962745256 0.06212756037712097 113
1745962749198 0.06396245956420898 114
1745962753119 0.06120689585804939 115
1745962757933 0.06289461255073547 116
1745962761862 0.05710526183247566 117
1745962765821 0.058549948036670685 118
1745962770428 0.06332214176654816 119
1745962774442 0.062280405312776566 120
1745962778368 0.06208440661430359 121
1745962782748 0.06252825260162354 122
1745962786883 0.06483234465122223 123
1745962790816 0.06525719165802002 124
1745962794967 0.06792806088924408 125
1745962799330 0.06559158116579056 126
1745962803275 0.0627923384308815 127
1745962807239 0.06420502811670303 128
1745962811849 0.06474767625331879 129
1745962815801 0.06296531111001968 130
1745962819724 0.06478141993284225 131
1745962824515 0.06723465770483017 132
1745962828429 0.06068798899650574 133
1745962832365 0.0668025016784668 134
1745962837233 0.06531103700399399 135
1745962841173 0.06389499455690384 136
1745962845097 0.06881236284971237 137
1745962849940 0.06756856292486191 138
1745962853894 0.06912504136562347 139
1745962857851 0.06717754155397415 140
1745962862711 0.0788499116897583 141
1745962866705 0.07468577474355698 142
1745962870670 0.07431276887655258 143
1745962875381 0.07894736528396606 144
1745962879349 0.08392220735549927 145
1745962883381 0.08414091169834137 146
1745962887953 0.08722630143165588 147
1745962892008 0.08035514503717422 148
1745962895978 0.09010077267885208 149
1745962900305 0.08760810643434525 150
1745962904504 0.09170575439929962 151
1745962908451 0.08595260977745056 152
1745962912575 0.09201885014772415 153
1745962917042 0.10540759563446045 154
1745962920978 0.09478867799043655 155
1745962924932 0.09797323495149612 156
1745962929588 0.10678888857364655 157
1745962933534 0.093569815158844 158
1745962937508 0.10036598145961761 159
1745962942236 0.10383915901184082 160
1745962944548 0.10274694114923477 161
1745964170686 0.10866574943065643 162
1745964174667 0.11425570398569107 163
1745964178632 0.11250395327806473 164
1745964183462 0.10953240841627121 165
1745964187435 0.11847182363271713 166
1745964191371 0.11385787278413773 167
1745964196164 0.11148687452077866 168
1745964200128 0.11120165884494781 169
1745964204066 0.11412086337804794 170
1745964208845 0.11606103926897049 171
1745964212815 0.11599519848823547 172
1745964216762 0.12061818689107895 173
1745964221435 0.11868984997272491 174
1745964225414 0.11886069923639297 175
1745964229360 0.11862752586603165 176
1745964233888 0.12371473759412766 177
1745964237935 0.11947639286518097 178
1745964241899 0.12455307692289352 179
1745964246230 0.12274498492479324 180
1745964250354 0.12824179232120514 181
1745964254302 0.12743769586086273 182
1745964258461 0.12311071157455444 183
1745964262747 0.12841007113456726 184
1745964266747 0.13224747776985168 185
1745964270765 0.12905365228652954 186
1745964275248 0.12413232773542404 187
1745964279187 0.12699547410011292 188
1745964283134 0.1292547732591629 189
1745964287732 0.13236141204833984 190
1745964291669 0.13282828032970428 191
1745964295637 0.12587131559848785 192
1745964300376 0.13172079622745514 193
1745964304307 0.12457599490880966 194
1745964308248 0.12580382823944092 195
1745964313004 0.13496209681034088 196
1745964316942 0.13051193952560425 197
1745964320892 0.13557548820972443 198
1745964325704 0.1392585188150406 199
1745964329636 0.13601912558078766 200
1745964333580 0.12790532410144806 201
1745964338368 0.13084518909454346 202
1745964342296 0.14014479517936707 203
1745964346258 0.14209872484207153 204
1745964351074 0.1351546049118042 205
1745964355068 0.14185115694999695 206
1745964359014 0.1349344402551651 207
1745964363812 0.13509385287761688 208
1745964367752 0.14236994087696075 209
1745964371695 0.14468711614608765 210
1745964376451 0.1410939246416092 211
1745964380390 0.14277543127536774 212
1745964384355 0.13688813149929047 213
1745964389003 0.13366097211837769 214
1745964393021 0.144169420003891 215
1745964396978 0.14448264241218567 216
1745964401486 0.1343231201171875 217
1745964405550 0.14792118966579437 218
1745964409496 0.15316878259181976 219
1745964413857 0.1443224847316742 220
1745964418018 0.14010809361934662 221
1745964422011 0.14621073007583618 222
1745964426256 0.14523015916347504 223
1745964430538 0.14557231962680817 224
1745964434479 0.14171506464481354 225
1745964438487 0.14712166786193848 226
1745964442929 0.14499910175800323 227
1745964446894 0.14968335628509521 228
1745964450859 0.14153794944286346 229
1745964455458 0.15231050550937653 230
1745964459419 0.14960630238056183 231
1745964463358 0.1444457620382309 232
1745964468031 0.14362733066082 233
1745964471973 0.15331034362316132 234
1745964475915 0.14711730182170868 235
1745964480697 0.1420745551586151 236
1745964484633 0.14724469184875488 237
1745964488585 0.15010975301265717 238
1745964493396 0.14470502734184265 239
1745964497367 0.15033946931362152 240
1745964501360 0.15299475193023682 241
1745964504034 0.13771452009677887 242
1745965731469 0.14802077412605286 243
1745965736351 0.15554141998291016 244
1745965740309 0.15132105350494385 245
1745965744241 0.15459653735160828 246
1745965748986 0.1476987898349762 247
1745965752934 0.15258540213108063 248
1745965756907 0.1592816561460495 249
1745965761565 0.15538577735424042 250
1745965765531 0.15422481298446655 251
1745965769499 0.14993931353092194 252
1745965774016 0.15833333134651184 253
1745965778090 0.16053149104118347 254
1745965782036 0.15509600937366486 255
1745965786383 0.14704540371894836 256
1745965790499 0.15158051252365112 257
1745965794450 0.14540323615074158 258
1745965798600 0.15446002781391144 259
1745965802923 0.15697446465492249 260
1745965806908 0.1534358263015747 261
1745965810916 0.1492966115474701 262
1745965815401 0.1551724076271057 263
1745965819337 0.1594333052635193 264
1745965823273 0.15609292685985565 265
1745965827871 0.15189960598945618 266
1745965831811 0.15705753862857819 267
1745965835760 0.15813954174518585 268
1745965840458 0.15222440659999847 269
1745965844441 0.1609615683555603 270
1745965848379 0.16207517683506012 271
1745965853154 0.15740199387073517 272
1745965857100 0.1567697376012802 273
1745965861087 0.15736663341522217 274
1745965865849 0.15700529515743256 275
1745965869798 0.1583624929189682 276
1745965873734 0.1685672104358673 277
1745965878501 0.1610233634710312 278
1745965882437 0.15373598039150238 279
1745965886386 0.15495643019676208 280
1745965891151 0.15562133491039276 281
1745965895088 0.15963560342788696 282
1745965899038 0.15871895849704742 283
1745965903814 0.15932326018810272 284
1745965907773 0.15531660616397858 285
1745965911724 0.1527320146560669 286
1745965916498 0.15918388962745667 287
1745965920451 0.1543278843164444 288
1745965924385 0.1553889513015747 289
1745965929074 0.15347285568714142 290
1745965933039 0.15916672348976135 291
1745965936990 0.15739542245864868 292
1745965941494 0.1509293168783188 293
1745965945573 0.15661050379276276 294
1745965949537 0.15756924450397491 295
1745965953890 0.16470961272716522 296
1745965958042 0.16293565928936005 297
1745965962001 0.16393733024597168 298
1745965966250 0.15436534583568573 299
1745965970460 0.15908823907375336 300
1745965974473 0.16342581808567047 301
1745965978571 0.1534465104341507 302
1745965982978 0.1693282276391983 303
1745965986954 0.15611937642097473 304
1745965990904 0.15699778497219086 305
1745965995456 0.1573621779680252 306
1745965999408 0.16355173289775848 307
1745966003342 0.15883488953113556 308
1745966008013 0.1635836809873581 309
1745966011961 0.15893664956092834 310
1745966015899 0.15760968625545502 311
1745966020617 0.15169060230255127 312
1745966024565 0.16199149191379547 313
1745966028534 0.1636052429676056 314
1745966033282 0.15687188506126404 315
1745966037225 0.1588931828737259 316
1745966041197 0.16283084452152252 317
1745966045992 0.16084717214107513 318
1745966049935 0.16084016859531403 319
1745966053873 0.16025055944919586 320
1745966058672 0.16213834285736084 321
1745966062622 0.16144756972789764 322
1745966064876 0.16591928899288177 323
1745967298832 0.1693481057882309 324
1745967302877 0.16583403944969177 325
1745967306827 0.16108174622058868 326
1745967311232 0.16550785303115845 327
1745967315336 0.1594359427690506 328
1745967319264 0.16740740835666656 329
1745967323570 0.16664811968803406 330
1745967327754 0.1628125160932541 331
1745967331733 0.16367699205875397 332
1745967335811 0.1615058034658432 333
1745967340196 0.16037999093532562 334
1745967344186 0.16430436074733734 335
1745967348140 0.16321879625320435 336
1745967352688 0.1657715141773224 337
1745967356663 0.16179324686527252 338
1745967360618 0.1611066460609436 339
1745967365259 0.16551341116428375 340
1745967369208 0.17135433852672577 341
1745967373150 0.16067062318325043 342
1745967377871 0.16744276881217957 343
1745967381828 0.1637372225522995 344
1745967385783 0.16689997911453247 345
1745967390545 0.16825169324874878 346
1745967394497 0.1798105090856552 347
1745967398429 0.16660518944263458 348
1745967403231 0.1653437316417694 349
1745967407198 0.16594353318214417 350
1745967411160 0.16656629741191864 351
1745967415954 0.17042143642902374 352
1745967419910 0.16510111093521118 353
1745967423865 0.16574585437774658 354
1745967428664 0.16897840797901154 355
1745967432617 0.16298523545265198 356
1745967436552 0.16221438348293304 357
1745967441323 0.16390545666217804 358
1745967445297 0.16992101073265076 359
1745967449249 0.1672956794500351 360
1745967454027 0.16855710744857788 361
1745967457977 0.1658724546432495 362
1745967461933 0.17144212126731873 363
1745967466702 0.17426855862140656 364
1745967470666 0.1696041077375412 365
1745967474639 0.16362595558166504 366
1745967479318 0.176478311419487 367
1745967483273 0.17318829894065857 368
1745967487213 0.16745181381702423 369
1745967491722 0.167698934674263 370
1745967495791 0.16896918416023254 371
1745967499747 0.1688336282968521 372
1745967504094 0.17150849103927612 373
1745967508206 0.1704752892255783 374
1745967512174 0.1698635369539261 375
1745967516358 0.17097753286361694 376
1745967520635 0.16753585636615753 377
1745967524648 0.1729244440793991 378
1745967528718 0.16860970854759216 379
1745967533169 0.16636894643306732 380
1745967537106 0.1781373918056488 381
1745967541057 0.1739489883184433 382
1745967545643 0.1684679388999939 383
1745967549574 0.17447547614574432 384
1745967553517 0.16899153590202332 385
1745967558233 0.17163710296154022 386
1745967562175 0.17270679771900177 387
1745967566128 0.16907140612602234 388
1745967570855 0.17078201472759247 389
1745967574811 0.17103663086891174 390
1745967578759 0.17045049369335175 391
1745967583537 0.1787402182817459 392
1745967587512 0.1694270819425583 393
1745967591478 0.16496339440345764 394
1745967596292 0.16871283948421478 395
1745967600275 0.16672074794769287 396
1745967604218 0.17756260931491852 397
1745967608988 0.1747926026582718 398
1745967612932 0.17878347635269165 399
1745967616889 0.17199043929576874 400
1745967621671 0.17625495791435242 401
1745967625632 0.1745053082704544 402
1745967629588 0.18855063617229462 403
1745967632036 0.17610131204128265 404
1745968864496 0.17833608388900757 405
1745968868488 0.16638866066932678 406
1745968872460 0.17430537939071655 407
1745968877094 0.17819905281066895 408
1745968881058 0.17613109946250916 409
1745968884995 0.17662183940410614 410
1745968889715 0.16808472573757172 411
1745968893655 0.17091886699199677 412
1745968897591 0.17277514934539795 413
1745968902368 0.17133808135986328 414
1745968906309 0.1763562113046646 415
1745968910254 0.17093782126903534 416
1745968915056 0.1771235167980194 417
1745968919020 0.17312462627887726 418
1745968922949 0.16573867201805115 419
1745968927723 0.17609158158302307 420
1745968931680 0.17550797760486603 421
1745968935618 0.17108766734600067 422
1745968940403 0.17068375647068024 423
1745968944363 0.17217497527599335 424
1745968948321 0.18148456513881683 425
1745968953172 0.17491066455841064 426
1745968957180 0.17577864229679108 427
1745968961180 0.1796453297138214 428
1745968966193 0.1761300265789032 429
1745968970342 0.1797986775636673 430
1745968974587 0.16606013476848602 431
1745968979674 0.1732623428106308 432
1745968983635 0.16629120707511902 433
1745968987622 0.18975000083446503 434
1745968992479 0.1731843501329422 435
1745968996574 0.17615669965744019 436
1745969000829 0.17202278971672058 437
1745969006022 0.1688796430826187 438
1745969010079 0.16861769556999207 439
1745969014131 0.17430748045444489 440
1745969019051 0.17444975674152374 441
1745969023085 0.17861449718475342 442
1745969027107 0.18481066823005676 443
1745969031926 0.1694374680519104 444
1745969035939 0.17362238466739655 445
1745969039914 0.17395414412021637 446
1745969044736 0.18006283044815063 447
1745969048720 0.17939020693302155 448
1745969052673 0.17499856650829315 449
1745969057461 0.16852344572544098 450
1745969061437 0.1727711409330368 451
1745969065415 0.17636896669864655 452
1745969070252 0.16984817385673523 453
1745969074329 0.17841506004333496 454
1745969078345 0.17379237711429596 455
1745969083215 0.1784730851650238 456
1745969087221 0.16948698461055756 457
1745969091273 0.18009328842163086 458
1745969096156 0.1772785484790802 459
1745969100209 0.1711309552192688 460
1745969104304 0.18081772327423096 461
1745969109205 0.17710411548614502 462
1745969113221 0.17563973367214203 463
1745969117262 0.1784708946943283 464
1745969122100 0.17707477509975433 465
1745969126055 0.18015433847904205 466
1745969130114 0.1764315962791443 467
1745969135001 0.17830781638622284 468
1745969139041 0.17845262587070465 469
1745969143045 0.17310118675231934 470
1745969147913 0.17562176287174225 471
1745969151994 0.1778002679347992 472
1745969155997 0.17975497245788574 473
1745969160864 0.17855794727802277 474
1745969164960 0.17550168931484222 475
1745969168982 0.1728159785270691 476
1745969173889 0.17496906220912933 477
1745969177883 0.18351034820079803 478
1745969181888 0.17462095618247986 479
1745969186773 0.17008443176746368 480
1745969190764 0.17863185703754425 481
1745969194741 0.18411797285079956 482
1745969199561 0.1782599687576294 483
1745969203560 0.18313218653202057 484
1745969205890 0.16452014446258545 485
