1745961051571 2.2813236713409424 0
1745961055660 2.2803828716278076 1
1745961059606 2.278829336166382 2
1745961064254 2.2793354988098145 3
1745961068168 2.278226375579834 4
1745961072115 2.2805657386779785 5
1745961076833 2.280586004257202 6
1745961080761 2.2793843746185303 7
1745961084683 2.2588772773742676 8
1745961089468 2.2632076740264893 9
1745961093406 2.2566611766815186 10
1745961097323 2.2633965015411377 11
1745961102160 2.2206525802612305 12
1745961106102 2.2215399742126465 13
1745961110031 2.219975709915161 14
1745961114866 2.225811243057251 15
1745961118786 2.1643905639648438 16
1745961122717 2.1633615493774414 17
1745961127339 2.173060894012451 18
1745961131323 2.171341896057129 19
1745961135281 2.115859031677246 20
1745961139693 2.124040365219116 21
1745961143826 2.112755298614502 22
1745961147759 2.1182641983032227 23
1745961151879 2.0635130405426025 24
1745961156233 2.06760835647583 25
1745961160133 2.0694541931152344 26
1745961164079 2.0609805583953857 27
1745961168710 2.0229127407073975 28
1745961172628 2.0287420749664307 29
1745961176551 2.020057201385498 30
1745961181309 2.0246810913085938 31
1745961185225 1.9844987392425537 32
1745961189168 1.9773378372192383 33
1745961193970 1.9831876754760742 34
1745961197935 1.9871635437011719 35
1745961201886 1.960693597793579 36
1745961206731 1.9538569450378418 37
1745961210680 1.9561026096343994 38
1745961214614 1.9540613889694214 39
1745961219366 1.9252136945724487 40
1745961223293 1.9313304424285889 41
1745961227236 1.9262359142303467 42
1745961231853 1.9288612604141235 43
1745961235897 1.9070603847503662 44
1745961239826 1.8997536897659302 45
1745961244189 1.906148076057434 46
1745961248323 1.9004913568496704 47
1745961252247 1.8840588331222534 48
1745961256398 1.8783514499664307 49
1745961260806 1.8805838823318481 50
1745961264740 1.8801685571670532 51
1745961268677 1.8535500764846802 52
1745961273266 1.8538254499435425 53
1745961277209 1.8627575635910034 54
1745961281146 1.8535380363464355 55
1745961285898 1.8279170989990234 56
1745961289817 1.8357219696044922 57
1745961293777 1.8279445171356201 58
1745961298604 1.8216273784637451 59
1745961302527 1.8062654733657837 60
1745961306477 1.8094464540481567 61
1745961311320 1.8063616752624512 62
1745961315291 1.8188563585281372 63
1745961319272 1.7915165424346924 64
1745961324096 1.7862368822097778 65
1745961328011 1.7804545164108276 66
1745961331947 1.7916820049285889 67
1745961336720 1.7664231061935425 68
1745961340644 1.7572221755981445 69
1745961344585 1.7658220529556274 70
1745961349151 1.7699717283248901 71
1745961353203 1.757849931716919 72
1745961357127 1.752745270729065 73
1745961361370 1.7467172145843506 74
1745961365573 1.7562615871429443 75
1745961369490 1.7287609577178955 76
1745961373476 1.734419584274292 77
1745961378009 1.724608063697815 78
1745961381985 1.723557949066162 79
1745961384260 1.724226474761963 80
1745962609692 1.7046799659729004 81
1745962614595 1.6932196617126465 82
1745962618606 1.7072755098342896 83
1745962622568 1.6973003149032593 84
1745962627410 1.6960091590881348 85
1745962631376 1.6882303953170776 86
1745962635312 1.6914631128311157 87
1745962640122 1.6926579475402832 88
1745962644107 1.6747922897338867 89
1745962648038 1.6801636219024658 90
1745962652695 1.6826516389846802 91
1745962656719 1.6788322925567627 92
1745962660667 1.661208987236023 93
1745962665073 1.6744730472564697 94
1745962669209 1.6704723834991455 95
1745962673186 1.6799402236938477 96
1745962677375 1.657835602760315 97
1745962681736 1.6551403999328613 98
1745962685689 1.6680195331573486 99
1745962689657 1.6674145460128784 100
1745962694280 1.653932809829712 101
1745962698230 1.6523609161376953 102
1745962702180 1.645853042602539 103
1745962706909 1.648610234260559 104
1745962710896 1.6499885320663452 105
1745962714882 1.6493492126464844 106
1745962719716 1.6472649574279785 107
1745962723658 1.6415029764175415 108
1745962727610 1.6466094255447388 109
1745962732452 1.6342649459838867 110
1745962736423 1.6334726810455322 111
1745962740401 1.6362512111663818 112
1745962745256 1.6349146366119385 113
1745962749198 1.6233460903167725 114
1745962753119 1.6465003490447998 115
1745962757933 1.6410523653030396 116
1745962761862 1.644986629486084 117
1745962765821 1.6291711330413818 118
1745962770428 1.633087396621704 119
1745962774442 1.633524775505066 120
1745962778368 1.622987151145935 121
1745962782748 1.6226396560668945 122
1745962786883 1.6330865621566772 123
1745962790816 1.6261789798736572 124
1745962794967 1.6289176940917969 125
1745962799330 1.6242873668670654 126
1745962803275 1.6342586278915405 127
1745962807239 1.6308141946792603 128
1745962811849 1.6170473098754883 129
1745962815801 1.6285462379455566 130
1745962819724 1.6162681579589844 131
1745962824515 1.615307092666626 132
1745962828429 1.634310007095337 133
1745962832365 1.6247682571411133 134
1745962837233 1.6165622472763062 135
1745962841173 1.6148340702056885 136
1745962845097 1.6211001873016357 137
1745962849940 1.6207637786865234 138
1745962853894 1.6211631298065186 139
1745962857851 1.6288573741912842 140
1745962862711 1.606654405593872 141
1745962866705 1.6100642681121826 142
1745962870670 1.6155924797058105 143
1745962875381 1.6082537174224854 144
1745962879349 1.6088429689407349 145
1745962883381 1.5894917249679565 146
1745962887953 1.5968101024627686 147
1745962892008 1.6099812984466553 148
1745962895978 1.585164189338684 149
1745962900305 1.5956015586853027 150
1745962904504 1.599021077156067 151
1745962908451 1.6068897247314453 152
1745962912575 1.5961841344833374 153
1745962917042 1.5836306810379028 154
1745962920978 1.5948765277862549 155
1745962924932 1.5961003303527832 156
1745962929588 1.5890541076660156 157
1745962933534 1.610183596611023 158
1745962937508 1.5905529260635376 159
1745962942236 1.5899168252944946 160
1745962944548 1.5904799699783325 161
1745964170686 1.58204984664917 162
1745964174667 1.568652868270874 163
1745964178632 1.5764820575714111 164
1745964183462 1.5855095386505127 165
1745964187435 1.567521095275879 166
1745964191371 1.5826435089111328 167
1745964196164 1.5838234424591064 168
1745964200128 1.5817562341690063 169
1745964204066 1.5709589719772339 170
1745964208845 1.568453311920166 171
1745964212815 1.5678813457489014 172
1745964216762 1.561645269393921 173
1745964221435 1.5755817890167236 174
1745964225414 1.5600090026855469 175
1745964229360 1.571363925933838 176
1745964233888 1.5486245155334473 177
1745964237935 1.5609800815582275 178
1745964241899 1.5524804592132568 179
1745964246230 1.558958888053894 180
1745964250354 1.5516091585159302 181
1745964254302 1.552711844444275 182
1745964258461 1.5563645362854004 183
1745964262747 1.546644687652588 184
1745964266747 1.5409550666809082 185
1745964270765 1.5533663034439087 186
1745964275248 1.5558193922042847 187
1745964279187 1.5470592975616455 188
1745964283134 1.5450801849365234 189
1745964287732 1.5319390296936035 190
1745964291669 1.5309629440307617 191
1745964295637 1.550968050956726 192
1745964300376 1.546868920326233 193
1745964304307 1.552833080291748 194
1745964308248 1.5453567504882812 195
1745964313004 1.5375458002090454 196
1745964316942 1.5453100204467773 197
1745964320892 1.5345473289489746 198
1745964325704 1.530299186706543 199
1745964329636 1.5258948802947998 200
1745964333580 1.547424077987671 201
1745964338368 1.5375747680664062 202
1745964342296 1.5262486934661865 203
1745964346258 1.518411636352539 204
1745964351074 1.5247536897659302 205
1745964355068 1.517837643623352 206
1745964359014 1.5341832637786865 207
1745964363812 1.53263521194458 208
1745964367752 1.5206077098846436 209
1745964371695 1.5278749465942383 210
1745964376451 1.5189940929412842 211
1745964380390 1.5211288928985596 212
1745964384355 1.534883737564087 213
1745964389003 1.5362207889556885 214
1745964393021 1.5129679441452026 215
1745964396978 1.5154922008514404 216
1745964401486 1.5228757858276367 217
1745964405550 1.507960557937622 218
1745964409496 1.510661005973816 219
1745964413857 1.5232306718826294 220
1745964418018 1.5234812498092651 221
1745964422011 1.5187839269638062 222
1745964426256 1.5160832405090332 223
1745964430538 1.5065512657165527 224
1745964434479 1.5247176885604858 225
1745964438487 1.5163193941116333 226
1745964442929 1.5201808214187622 227
1745964446894 1.5184847116470337 228
1745964450859 1.5186647176742554 229
1745964455458 1.4970933198928833 230
1745964459419 1.5068554878234863 231
1745964463358 1.5035340785980225 232
1745964468031 1.515989899635315 233
1745964471973 1.4863932132720947 234
1745964475915 1.5011234283447266 235
1745964480697 1.5161635875701904 236
1745964484633 1.4988386631011963 237
1745964488585 1.4955778121948242 238
1745964493396 1.5096375942230225 239
1745964497367 1.4884669780731201 240
1745964501360 1.4794490337371826 241
1745964504034 1.5305707454681396 242
1745965731469 1.4963579177856445 243
1745965736351 1.4781427383422852 244
1745965740309 1.5041404962539673 245
1745965744241 1.4855457544326782 246
1745965748986 1.4852471351623535 247
1745965752934 1.4851884841918945 248
1745965756907 1.4798678159713745 249
1745965761565 1.4868898391723633 250
1745965765531 1.4685710668563843 251
1745965769499 1.4832590818405151 252
1745965774016 1.4756031036376953 253
1745965778090 1.4825587272644043 254
1745965782036 1.4833083152770996 255
1745965786383 1.500226616859436 256
1745965790499 1.4909515380859375 257
1745965794450 1.501062035560608 258
1745965798600 1.4833426475524902 259
1745965802923 1.4781255722045898 260
1745965806908 1.4764361381530762 261
1745965810916 1.490163803100586 262
1745965815401 1.4744324684143066 263
1745965819337 1.4660686254501343 264
1745965823273 1.474331021308899 265
1745965827871 1.48131263256073 266
1745965831811 1.4798400402069092 267
1745965835760 1.4794776439666748 268
1745965840458 1.4808651208877563 269
1745965844441 1.47738516330719 270
1745965848379 1.4597822427749634 271
1745965853154 1.4659396409988403 272
1745965857100 1.4770245552062988 273
1745965861087 1.4764809608459473 274
1745965865849 1.4613838195800781 275
1745965869798 1.4661180973052979 276
1745965873734 1.4572316408157349 277
1745965878501 1.4621853828430176 278
1745965882437 1.459916591644287 279
1745965886386 1.47805655002594 280
1745965891151 1.4703582525253296 281
1745965895088 1.4650485515594482 282
1745965899038 1.4659154415130615 283
1745965903814 1.4610469341278076 284
1745965907773 1.474771499633789 285
1745965911724 1.4751532077789307 286
1745965916498 1.4634329080581665 287
1745965920451 1.472806453704834 288
1745965924385 1.4656869173049927 289
1745965929074 1.459757685661316 290
1745965933039 1.459742546081543 291
1745965936990 1.4730089902877808 292
1745965941494 1.4748704433441162 293
1745965945573 1.4642508029937744 294
1745965949537 1.454659342765808 295
1745965953890 1.45442795753479 296
1745965958042 1.4527581930160522 297
1745965962001 1.449310064315796 298
1745965966250 1.458486557006836 299
1745965970460 1.4556853771209717 300
1745965974473 1.4594167470932007 301
1745965978571 1.4733245372772217 302
1745965982978 1.4257315397262573 303
1745965986954 1.4665005207061768 304
1745965990904 1.4645200967788696 305
1745965995456 1.4477524757385254 306
1745965999408 1.4395051002502441 307
1745966003342 1.4645085334777832 308
1745966008013 1.4484719038009644 309
1745966011961 1.4589108228683472 310
1745966015899 1.458904504776001 311
1745966020617 1.4710572957992554 312
1745966024565 1.4471803903579712 313
1745966028534 1.4416955709457397 314
1745966033282 1.4490573406219482 315
1745966037225 1.4723199605941772 316
1745966041197 1.4464738368988037 317
1745966045992 1.4480457305908203 318
1745966049935 1.4408073425292969 319
1745966053873 1.4586988687515259 320
1745966058672 1.4562491178512573 321
1745966062622 1.4521092176437378 322
1745966064876 1.4408576488494873 323
1745967298832 1.435720682144165 324
1745967302877 1.44828200340271 325
1745967306827 1.4568361043930054 326
1745967311232 1.4358701705932617 327
1745967315336 1.4425544738769531 328
1745967319264 1.4330850839614868 329
1745967323570 1.4295368194580078 330
1745967327754 1.425163745880127 331
1745967331733 1.4373438358306885 332
1745967335811 1.4536577463150024 333
1745967340196 1.465143084526062 334
1745967344186 1.4494786262512207 335
1745967348140 1.4470804929733276 336
1745967352688 1.4477425813674927 337
1745967356663 1.4444997310638428 338
1745967360618 1.4479610919952393 339
1745967365259 1.4428205490112305 340
1745967369208 1.4335417747497559 341
1745967373150 1.4417470693588257 342
1745967377871 1.4271408319473267 343
1745967381828 1.4359090328216553 344
1745967385783 1.4318106174468994 345
1745967390545 1.428673505783081 346
1745967394497 1.4116283655166626 347
1745967398429 1.4313043355941772 348
1745967403231 1.4297147989273071 349
1745967407198 1.4391281604766846 350
1745967411160 1.4535057544708252 351
1745967415954 1.4277167320251465 352
1745967419910 1.4383360147476196 353
1745967423865 1.435041069984436 354
1745967428664 1.4310057163238525 355
1745967432617 1.4525151252746582 356
1745967436552 1.440123200416565 357
1745967441323 1.4308803081512451 358
1745967445297 1.435688853263855 359
1745967449249 1.4178828001022339 360
1745967454027 1.4349727630615234 361
1745967457977 1.4260623455047607 362
1745967461933 1.4269057512283325 363
1745967466702 1.4089181423187256 364
1745967470666 1.4299836158752441 365
1745967474639 1.4343819618225098 366
1745967479318 1.4272661209106445 367
1745967483273 1.418219804763794 368
1745967487213 1.424950122833252 369
1745967491722 1.4401583671569824 370
1745967495791 1.4302562475204468 371
1745967499747 1.421297311782837 372
1745967504094 1.4309269189834595 373
1745967508206 1.4277845621109009 374
1745967512174 1.4236176013946533 375
1745967516358 1.4230355024337769 376
1745967520635 1.4352519512176514 377
1745967524648 1.424229383468628 378
1745967528718 1.4367775917053223 379
1745967533169 1.4350485801696777 380
1745967537106 1.4083213806152344 381
1745967541057 1.4062048196792603 382
1745967545643 1.4322657585144043 383
1745967549574 1.4161465167999268 384
1745967553517 1.4158438444137573 385
1745967558233 1.4183642864227295 386
1745967562175 1.4330068826675415 387
1745967566128 1.4168736934661865 388
1745967570855 1.419601321220398 389
1745967574811 1.4162706136703491 390
1745967578759 1.422001838684082 391
1745967583537 1.4134514331817627 392
1745967587512 1.431869387626648 393
1745967591478 1.439473032951355 394
1745967596292 1.4173864126205444 395
1745967600275 1.4297841787338257 396
1745967604218 1.4122772216796875 397
1745967608988 1.4022272825241089 398
1745967612932 1.4186172485351562 399
1745967616889 1.4151968955993652 400
1745967621671 1.416024923324585 401
1745967625632 1.3965340852737427 402
1745967629588 1.393579363822937 403
1745967632036 1.4118132591247559 404
1745968864496 1.4208288192749023 405
1745968868488 1.426802396774292 406
1745968872460 1.413550853729248 407
1745968877094 1.4091906547546387 408
1745968881058 1.4130353927612305 409
1745968884995 1.4123328924179077 410
1745968889715 1.42716383934021 411
1745968893655 1.414517879486084 412
1745968897591 1.4194307327270508 413
1745968902368 1.4212403297424316 414
1745968906309 1.4204357862472534 415
1745968910254 1.4144785404205322 416
1745968915056 1.419055461883545 417
1745968919020 1.4115593433380127 418
1745968922949 1.4416570663452148 419
1745968927723 1.4052354097366333 420
1745968931680 1.4172030687332153 421
1745968935618 1.4212223291397095 422
1745968940403 1.40955650806427 423
1745968944363 1.4250811338424683 424
1745968948321 1.3924922943115234 425
1745968953172 1.4219896793365479 426
1745968957180 1.4153172969818115 427
1745968961180 1.3944950103759766 428
1745968966193 1.4130812883377075 429
1745968970342 1.4025377035140991 430
1745968974587 1.4204808473587036 431
1745968979674 1.4119980335235596 432
1745968983635 1.4255536794662476 433
1745968987622 1.3893183469772339 434
1745968992479 1.4172253608703613 435
1745968996574 1.3875091075897217 436
1745969000829 1.420950174331665 437
1745969006022 1.418684959411621 438
1745969010079 1.4240055084228516 439
1745969014131 1.4037656784057617 440
1745969019051 1.4245274066925049 441
1745969023085 1.413063883781433 442
1745969027107 1.4014052152633667 443
1745969031926 1.4295716285705566 444
1745969035939 1.4159743785858154 445
1745969039914 1.4156526327133179 446
1745969044736 1.4042448997497559 447
1745969048720 1.4179264307022095 448
1745969052673 1.3949278593063354 449
1745969057461 1.4209644794464111 450
1745969061437 1.42337965965271 451
1745969065415 1.40478515625 452
1745969070252 1.409183144569397 453
1745969074329 1.3975703716278076 454
1745969078345 1.4235492944717407 455
1745969083215 1.414853811264038 456
1745969087221 1.4220693111419678 457
1745969091273 1.4085707664489746 458
1745969096156 1.4134035110473633 459
1745969100209 1.4267339706420898 460
1745969104304 1.3977752923965454 461
1745969109205 1.3936761617660522 462
1745969113221 1.4009579420089722 463
1745969117262 1.4146153926849365 464
1745969122100 1.4108216762542725 465
1745969126055 1.4060399532318115 466
1745969130114 1.4038738012313843 467
1745969135001 1.3994710445404053 468
1745969139041 1.4034119844436646 469
1745969143045 1.4192899465560913 470
1745969147913 1.4060612916946411 471
1745969151994 1.3913263082504272 472
1745969155997 1.3960473537445068 473
1745969160864 1.4025273323059082 474
1745969164960 1.4179673194885254 475
1745969168982 1.4202628135681152 476
1745969173889 1.405746579170227 477
1745969177883 1.396743893623352 478
1745969181888 1.405392050743103 479
1745969186773 1.4028204679489136 480
1745969190764 1.40390944480896 481
1745969194741 1.3933199644088745 482
1745969199561 1.390088677406311 483
1745969203560 1.3848693370819092 484
1745969205890 1.4208778142929077 485
