1745961051571 0.0 0
1745961055660 0.0 1
1745961059606 0.0 2
1745961064254 7.142857142857142e-05 3
1745961068168 7.142857142857142e-05 4
1745961072115 7.142857142857142e-05 5
1745961076833 7.142857142857142e-05 6
1745961080761 0.00014285714285714284 7
1745961084683 0.00014285714285714284 8
1745961089468 0.00014285714285714284 9
1745961093406 0.00014285714285714284 10
1745961097323 0.00021428571428571427 11
1745961102160 0.00021428571428571427 12
1745961106102 0.00021428571428571427 13
1745961110031 0.00021428571428571427 14
1745961114866 0.0002857142857142857 15
1745961118786 0.0002857142857142857 16
1745961122717 0.0002857142857142857 17
1745961127339 0.0002857142857142857 18
1745961131323 0.00035714285714285714 19
1745961135281 0.00035714285714285714 20
1745961139693 0.00035714285714285714 21
1745961143826 0.00035714285714285714 22
1745961147759 0.00042857142857142855 23
1745961151879 0.00042857142857142855 24
1745961156233 0.00042857142857142855 25
1745961160133 0.00042857142857142855 26
1745961164079 0.0005 27
1745961168710 0.0005 28
1745961172628 0.0005 29
1745961176551 0.0005 30
1745961181309 0.0004957983193277311 31
1745961185225 0.0004957983193277311 32
1745961189168 0.0004957983193277311 33
1745961193970 0.0004957983193277311 34
1745961197935 0.0004915966386554621 35
1745961201886 0.0004915966386554621 36
1745961206731 0.0004915966386554621 37
1745961210680 0.0004915966386554621 38
1745961214614 0.00048739495798319325 39
1745961219366 0.00048739495798319325 40
1745961223293 0.00048739495798319325 41
1745961227236 0.00048739495798319325 42
1745961231853 0.00048319327731092437 43
1745961235897 0.00048319327731092437 44
1745961239826 0.00048319327731092437 45
1745961244189 0.00048319327731092437 46
1745961248323 0.0004789915966386555 47
1745961252247 0.0004789915966386555 48
1745961256398 0.0004789915966386555 49
1745961260806 0.0004789915966386555 50
1745961264740 0.00047478991596638654 51
1745961268677 0.00047478991596638654 52
1745961273266 0.00047478991596638654 53
1745961277209 0.00047478991596638654 54
1745961281146 0.00047058823529411766 55
1745961285898 0.00047058823529411766 56
1745961289817 0.00047058823529411766 57
1745961293777 0.00047058823529411766 58
1745961298604 0.0004663865546218488 59
1745961302527 0.0004663865546218488 60
1745961306477 0.0004663865546218488 61
1745961311320 0.0004663865546218488 62
1745961315291 0.00046218487394957984 63
1745961319272 0.00046218487394957984 64
1745961324096 0.00046218487394957984 65
1745961328011 0.00046218487394957984 66
1745961331947 0.0004579831932773109 67
1745961336720 0.0004579831932773109 68
1745961340644 0.0004579831932773109 69
1745961344585 0.0004579831932773109 70
1745961349151 0.000453781512605042 71
1745961353203 0.000453781512605042 72
1745961357127 0.000453781512605042 73
1745961361370 0.000453781512605042 74
1745961365573 0.00044957983193277313 75
1745961369490 0.00044957983193277313 76
1745961373476 0.00044957983193277313 77
1745961378009 0.00044957983193277313 78
1745961381985 0.00044537815126050425 79
1745961384260 0.0004411764705882353 80
1745962609692 0.0004411764705882353 81
1745962614595 0.0004411764705882353 82
1745962618606 0.0004411764705882353 83
1745962622568 0.00043697478991596637 84
1745962627410 0.00043697478991596637 85
1745962631376 0.00043697478991596637 86
1745962635312 0.00043697478991596637 87
1745962640122 0.0004327731092436975 88
1745962644107 0.0004327731092436975 89
1745962648038 0.0004327731092436975 90
1745962652695 0.0004327731092436975 91
1745962656719 0.00042857142857142855 92
1745962660667 0.00042857142857142855 93
1745962665073 0.00042857142857142855 94
1745962669209 0.00042857142857142855 95
1745962673186 0.00042436974789915967 96
1745962677375 0.00042436974789915967 97
1745962681736 0.00042436974789915967 98
1745962685689 0.00042436974789915967 99
1745962689657 0.0004201680672268908 100
1745962694280 0.0004201680672268908 101
1745962698230 0.0004201680672268908 102
1745962702180 0.0004201680672268908 103
1745962706909 0.0004159663865546219 104
1745962710896 0.0004159663865546219 105
1745962714882 0.0004159663865546219 106
1745962719716 0.0004159663865546219 107
1745962723658 0.0004117647058823529 108
1745962727610 0.0004117647058823529 109
1745962732452 0.0004117647058823529 110
1745962736423 0.0004117647058823529 111
1745962740401 0.000407563025210084 112
1745962745256 0.000407563025210084 113
1745962749198 0.000407563025210084 114
1745962753119 0.000407563025210084 115
1745962757933 0.00040336134453781514 116
1745962761862 0.00040336134453781514 117
1745962765821 0.00040336134453781514 118
1745962770428 0.00040336134453781514 119
1745962774442 0.00039915966386554625 120
1745962778368 0.00039915966386554625 121
1745962782748 0.00039915966386554625 122
1745962786883 0.00039915966386554625 123
1745962790816 0.0003949579831932773 124
1745962794967 0.0003949579831932773 125
1745962799330 0.0003949579831932773 126
1745962803275 0.0003949579831932773 127
1745962807239 0.00039075630252100843 128
1745962811849 0.00039075630252100843 129
1745962815801 0.00039075630252100843 130
1745962819724 0.00039075630252100843 131
1745962824515 0.0003865546218487395 132
1745962828429 0.0003865546218487395 133
1745962832365 0.0003865546218487395 134
1745962837233 0.0003865546218487395 135
1745962841173 0.00038235294117647055 136
1745962845097 0.00038235294117647055 137
1745962849940 0.00038235294117647055 138
1745962853894 0.00038235294117647055 139
1745962857851 0.00037815126050420167 140
1745962862711 0.00037815126050420167 141
1745962866705 0.00037815126050420167 142
1745962870670 0.00037815126050420167 143
1745962875381 0.0003739495798319328 144
1745962879349 0.0003739495798319328 145
1745962883381 0.0003739495798319328 146
1745962887953 0.0003739495798319328 147
1745962892008 0.0003697478991596639 148
1745962895978 0.0003697478991596639 149
1745962900305 0.0003697478991596639 150
1745962904504 0.0003697478991596639 151
1745962908451 0.00036554621848739496 152
1745962912575 0.00036554621848739496 153
1745962917042 0.00036554621848739496 154
1745962920978 0.00036554621848739496 155
1745962924932 0.000361344537815126 156
1745962929588 0.000361344537815126 157
1745962933534 0.000361344537815126 158
1745962937508 0.000361344537815126 159
1745962942236 0.00035714285714285714 160
1745962944548 0.00035294117647058826 161
1745964170686 0.00035294117647058826 162
1745964174667 0.00035294117647058826 163
1745964178632 0.00035294117647058826 164
1745964183462 0.0003487394957983193 165
1745964187435 0.0003487394957983193 166
1745964191371 0.0003487394957983193 167
1745964196164 0.0003487394957983193 168
1745964200128 0.00034453781512605044 169
1745964204066 0.00034453781512605044 170
1745964208845 0.00034453781512605044 171
1745964212815 0.00034453781512605044 172
1745964216762 0.00034033613445378155 173
1745964221435 0.00034033613445378155 174
1745964225414 0.00034033613445378155 175
1745964229360 0.00034033613445378155 176
1745964233888 0.0003361344537815126 177
1745964237935 0.0003361344537815126 178
1745964241899 0.0003361344537815126 179
1745964246230 0.0003361344537815126 180
1745964250354 0.0003319327731092437 181
1745964254302 0.0003319327731092437 182
1745964258461 0.0003319327731092437 183
1745964262747 0.0003319327731092437 184
1745964266747 0.0003277310924369748 185
1745964270765 0.0003277310924369748 186
1745964275248 0.0003277310924369748 187
1745964279187 0.0003277310924369748 188
1745964283134 0.0003235294117647059 189
1745964287732 0.0003235294117647059 190
1745964291669 0.0003235294117647059 191
1745964295637 0.0003235294117647059 192
1745964300376 0.00031932773109243697 193
1745964304307 0.00031932773109243697 194
1745964308248 0.00031932773109243697 195
1745964313004 0.00031932773109243697 196
1745964316942 0.0003151260504201681 197
1745964320892 0.0003151260504201681 198
1745964325704 0.0003151260504201681 199
1745964329636 0.0003151260504201681 200
1745964333580 0.00031092436974789915 201
1745964338368 0.00031092436974789915 202
1745964342296 0.00031092436974789915 203
1745964346258 0.00031092436974789915 204
1745964351074 0.00030672268907563026 205
1745964355068 0.00030672268907563026 206
1745964359014 0.00030672268907563026 207
1745964363812 0.00030672268907563026 208
1745964367752 0.0003025210084033613 209
1745964371695 0.0003025210084033613 210
1745964376451 0.0003025210084033613 211
1745964380390 0.0003025210084033613 212
1745964384355 0.00029831932773109244 213
1745964389003 0.00029831932773109244 214
1745964393021 0.00029831932773109244 215
1745964396978 0.00029831932773109244 216
1745964401486 0.00029411764705882356 217
1745964405550 0.00029411764705882356 218
1745964409496 0.00029411764705882356 219
1745964413857 0.00029411764705882356 220
1745964418018 0.0002899159663865547 221
1745964422011 0.0002899159663865547 222
1745964426256 0.0002899159663865547 223
1745964430538 0.0002899159663865547 224
1745964434479 0.0002857142857142857 225
1745964438487 0.0002857142857142857 226
1745964442929 0.0002857142857142857 227
1745964446894 0.0002857142857142857 228
1745964450859 0.0002815126050420168 229
1745964455458 0.0002815126050420168 230
1745964459419 0.0002815126050420168 231
1745964463358 0.0002815126050420168 232
1745964468031 0.0002773109243697479 233
1745964471973 0.0002773109243697479 234
1745964475915 0.0002773109243697479 235
1745964480697 0.0002773109243697479 236
1745964484633 0.000273109243697479 237
1745964488585 0.000273109243697479 238
1745964493396 0.000273109243697479 239
1745964497367 0.000273109243697479 240
1745964501360 0.0002689075630252101 241
1745964504034 0.0002647058823529412 242
1745965731469 0.0002647058823529412 243
1745965736351 0.0002647058823529412 244
1745965740309 0.0002647058823529412 245
1745965744241 0.00026050420168067227 246
1745965748986 0.00026050420168067227 247
1745965752934 0.00026050420168067227 248
1745965756907 0.00026050420168067227 249
1745965761565 0.00025630252100840333 250
1745965765531 0.00025630252100840333 251
1745965769499 0.00025630252100840333 252
1745965774016 0.00025630252100840333 253
1745965778090 0.00025210084033613445 254
1745965782036 0.00025210084033613445 255
1745965786383 0.00025210084033613445 256
1745965790499 0.00025210084033613445 257
1745965794450 0.00024789915966386556 258
1745965798600 0.00024789915966386556 259
1745965802923 0.00024789915966386556 260
1745965806908 0.00024789915966386556 261
1745965810916 0.00024369747899159663 262
1745965815401 0.00024369747899159663 263
1745965819337 0.00024369747899159663 264
1745965823273 0.00024369747899159663 265
1745965827871 0.00023949579831932774 266
1745965831811 0.00023949579831932774 267
1745965835760 0.00023949579831932774 268
1745965840458 0.00023949579831932774 269
1745965844441 0.00023529411764705883 270
1745965848379 0.00023529411764705883 271
1745965853154 0.00023529411764705883 272
1745965857100 0.00023529411764705883 273
1745965861087 0.00023109243697478992 274
1745965865849 0.00023109243697478992 275
1745965869798 0.00023109243697478992 276
1745965873734 0.00023109243697478992 277
1745965878501 0.000226890756302521 278
1745965882437 0.000226890756302521 279
1745965886386 0.000226890756302521 280
1745965891151 0.000226890756302521 281
1745965895088 0.00022268907563025212 282
1745965899038 0.00022268907563025212 283
1745965903814 0.00022268907563025212 284
1745965907773 0.00022268907563025212 285
1745965911724 0.00021848739495798319 286
1745965916498 0.00021848739495798319 287
1745965920451 0.00021848739495798319 288
1745965924385 0.00021848739495798319 289
1745965929074 0.00021428571428571427 290
1745965933039 0.00021428571428571427 291
1745965936990 0.00021428571428571427 292
1745965941494 0.00021428571428571427 293
1745965945573 0.0002100840336134454 294
1745965949537 0.0002100840336134454 295
1745965953890 0.0002100840336134454 296
1745965958042 0.0002100840336134454 297
1745965962001 0.00020588235294117645 298
1745965966250 0.00020588235294117645 299
1745965970460 0.00020588235294117645 300
1745965974473 0.00020588235294117645 301
1745965978571 0.00020168067226890757 302
1745965982978 0.00020168067226890757 303
1745965986954 0.00020168067226890757 304
1745965990904 0.00020168067226890757 305
1745965995456 0.00019747899159663866 306
1745965999408 0.00019747899159663866 307
1745966003342 0.00019747899159663866 308
1745966008013 0.00019747899159663866 309
1745966011961 0.00019327731092436975 310
1745966015899 0.00019327731092436975 311
1745966020617 0.00019327731092436975 312
1745966024565 0.00019327731092436975 313
1745966028534 0.00018907563025210084 314
1745966033282 0.00018907563025210084 315
1745966037225 0.00018907563025210084 316
1745966041197 0.00018907563025210084 317
1745966045992 0.00018487394957983195 318
1745966049935 0.00018487394957983195 319
1745966053873 0.00018487394957983195 320
1745966058672 0.00018487394957983195 321
1745966062622 0.000180672268907563 322
1745966064876 0.00017647058823529413 323
1745967298832 0.00017647058823529413 324
1745967302877 0.00017647058823529413 325
1745967306827 0.00017647058823529413 326
1745967311232 0.00017226890756302522 327
1745967315336 0.00017226890756302522 328
1745967319264 0.00017226890756302522 329
1745967323570 0.00017226890756302522 330
1745967327754 0.0001680672268907563 331
1745967331733 0.0001680672268907563 332
1745967335811 0.0001680672268907563 333
1745967340196 0.0001680672268907563 334
1745967344186 0.0001638655462184874 335
1745967348140 0.0001638655462184874 336
1745967352688 0.0001638655462184874 337
1745967356663 0.0001638655462184874 338
1745967360618 0.00015966386554621849 339
1745967365259 0.00015966386554621849 340
1745967369208 0.00015966386554621849 341
1745967373150 0.00015966386554621849 342
1745967377871 0.00015546218487394957 343
1745967381828 0.00015546218487394957 344
1745967385783 0.00015546218487394957 345
1745967390545 0.00015546218487394957 346
1745967394497 0.00015126050420168066 347
1745967398429 0.00015126050420168066 348
1745967403231 0.00015126050420168066 349
1745967407198 0.00015126050420168066 350
1745967411160 0.00014705882352941178 351
1745967415954 0.00014705882352941178 352
1745967419910 0.00014705882352941178 353
1745967423865 0.00014705882352941178 354
1745967428664 0.00014285714285714284 355
1745967432617 0.00014285714285714284 356
1745967436552 0.00014285714285714284 357
1745967441323 0.00014285714285714284 358
1745967445297 0.00013865546218487396 359
1745967449249 0.00013865546218487396 360
1745967454027 0.00013865546218487396 361
1745967457977 0.00013865546218487396 362
1745967461933 0.00013445378151260505 363
1745967466702 0.00013445378151260505 364
1745967470666 0.00013445378151260505 365
1745967474639 0.00013445378151260505 366
1745967479318 0.00013025210084033613 367
1745967483273 0.00013025210084033613 368
1745967487213 0.00013025210084033613 369
1745967491722 0.00013025210084033613 370
1745967495791 0.00012605042016806722 371
1745967499747 0.00012605042016806722 372
1745967504094 0.00012605042016806722 373
1745967508206 0.00012605042016806722 374
1745967512174 0.00012184873949579831 375
1745967516358 0.00012184873949579831 376
1745967520635 0.00012184873949579831 377
1745967524648 0.00012184873949579831 378
1745967528718 0.00011764705882352942 379
1745967533169 0.00011764705882352942 380
1745967537106 0.00011764705882352942 381
1745967541057 0.00011764705882352942 382
1745967545643 0.0001134453781512605 383
1745967549574 0.0001134453781512605 384
1745967553517 0.0001134453781512605 385
1745967558233 0.0001134453781512605 386
1745967562175 0.00010924369747899159 387
1745967566128 0.00010924369747899159 388
1745967570855 0.00010924369747899159 389
1745967574811 0.00010924369747899159 390
1745967578759 0.0001050420168067227 391
1745967583537 0.0001050420168067227 392
1745967587512 0.0001050420168067227 393
1745967591478 0.0001050420168067227 394
1745967596292 0.00010084033613445378 395
1745967600275 0.00010084033613445378 396
1745967604218 0.00010084033613445378 397
1745967608988 0.00010084033613445378 398
1745967612932 9.663865546218487e-05 399
1745967616889 9.663865546218487e-05 400
1745967621671 9.663865546218487e-05 401
1745967625632 9.663865546218487e-05 402
1745967629588 9.243697478991598e-05 403
1745967632036 8.823529411764706e-05 404
1745968864496 8.823529411764706e-05 405
1745968868488 8.823529411764706e-05 406
1745968872460 8.823529411764706e-05 407
1745968877094 8.403361344537815e-05 408
1745968881058 8.403361344537815e-05 409
1745968884995 8.403361344537815e-05 410
1745968889715 8.403361344537815e-05 411
1745968893655 7.983193277310924e-05 412
1745968897591 7.983193277310924e-05 413
1745968902368 7.983193277310924e-05 414
1745968906309 7.983193277310924e-05 415
1745968910254 7.563025210084033e-05 416
1745968915056 7.563025210084033e-05 417
1745968919020 7.563025210084033e-05 418
1745968922949 7.563025210084033e-05 419
1745968927723 7.142857142857142e-05 420
1745968931680 7.142857142857142e-05 421
1745968935618 7.142857142857142e-05 422
1745968940403 7.142857142857142e-05 423
1745968944363 6.722689075630252e-05 424
1745968948321 6.722689075630252e-05 425
1745968953172 6.722689075630252e-05 426
1745968957180 6.722689075630252e-05 427
1745968961180 6.302521008403361e-05 428
1745968966193 6.302521008403361e-05 429
1745968970342 6.302521008403361e-05 430
1745968974587 6.302521008403361e-05 431
1745968979674 5.882352941176471e-05 432
1745968983635 5.882352941176471e-05 433
1745968987622 5.882352941176471e-05 434
1745968992479 5.882352941176471e-05 435
1745968996574 5.4621848739495796e-05 436
1745969000829 5.4621848739495796e-05 437
1745969006022 5.4621848739495796e-05 438
1745969010079 5.4621848739495796e-05 439
1745969014131 5.042016806722689e-05 440
1745969019051 5.042016806722689e-05 441
1745969023085 5.042016806722689e-05 442
1745969027107 5.042016806722689e-05 443
1745969031926 4.621848739495799e-05 444
1745969035939 4.621848739495799e-05 445
1745969039914 4.621848739495799e-05 446
1745969044736 4.621848739495799e-05 447
1745969048720 4.201680672268908e-05 448
1745969052673 4.201680672268908e-05 449
1745969057461 4.201680672268908e-05 450
1745969061437 4.201680672268908e-05 451
1745969065415 3.7815126050420166e-05 452
1745969070252 3.7815126050420166e-05 453
1745969074329 3.7815126050420166e-05 454
1745969078345 3.7815126050420166e-05 455
1745969083215 3.361344537815126e-05 456
1745969087221 3.361344537815126e-05 457
1745969091273 3.361344537815126e-05 458
1745969096156 3.361344537815126e-05 459
1745969100209 2.9411764705882354e-05 460
1745969104304 2.9411764705882354e-05 461
1745969109205 2.9411764705882354e-05 462
1745969113221 2.9411764705882354e-05 463
1745969117262 2.5210084033613446e-05 464
1745969122100 2.5210084033613446e-05 465
1745969126055 2.5210084033613446e-05 466
1745969130114 2.5210084033613446e-05 467
1745969135001 2.100840336134454e-05 468
1745969139041 2.100840336134454e-05 469
1745969143045 2.100840336134454e-05 470
1745969147913 2.100840336134454e-05 471
1745969151994 1.680672268907563e-05 472
1745969155997 1.680672268907563e-05 473
1745969160864 1.680672268907563e-05 474
1745969164960 1.680672268907563e-05 475
1745969168982 1.2605042016806723e-05 476
1745969173889 1.2605042016806723e-05 477
1745969177883 1.2605042016806723e-05 478
1745969181888 1.2605042016806723e-05 479
1745969186773 8.403361344537815e-06 480
1745969190764 8.403361344537815e-06 481
1745969194741 8.403361344537815e-06 482
1745969199561 8.403361344537815e-06 483
1745969203560 4.201680672268908e-06 484
1745969205890 0.0 485
