1745973073569 0.00019764147873502225 0
1745973075426 0.00012172854621894658 1
1745973077299 0.00028360748547129333 2
1745973079576 0.00029934741905890405 3
1745973081452 0.0002919068792834878 4
1745973083305 0.00019295085803605616 5
1745973085153 6.277857755776495e-05 6
1745973087019 0.000165416844538413 7
1745973088871 0.020953163504600525 8
1745973090734 0.02155085653066635 9
1745973092797 0.01817493326961994 10
1745973094670 0.017556097358465195 11
1745973096525 0.04852621629834175 12
1745973098378 0.048837609589099884 13
1745973100232 0.04637370631098747 14
1745973102123 0.05155615881085396 15
1745973104073 0.05778270959854126 16
1745973105952 0.058228589594364166 17
1745973107805 0.06040448695421219 18
1745973109685 0.057687073945999146 19
1745973111552 0.06052668020129204 20
1745973113414 0.058962684124708176 21
1745973115277 0.06000315025448799 22
1745973117355 0.061123285442590714 23
1745973119221 0.0624597892165184 24
1745973121075 0.058099839836359024 25
1745973122942 0.054881609976291656 26
1745973124815 0.05943604186177254 27
1745973126690 0.06529850512742996 28
1745973128638 0.05944974347949028 29
1745973130507 0.057789817452430725 30
1745973132376 0.06013745814561844 31
1745973134242 0.06086461991071701 32
1745973136104 0.06603272259235382 33
1745973137963 0.056399282068014145 34
1745973139852 0.06154593080282211 35
1745973141924 0.061829812824726105 36
1745973143790 0.06328171491622925 37
1745973145652 0.05969274789094925 38
1745973147523 0.060192883014678955 39
1745973149380 0.0576125904917717 40
1745973151250 0.060879677534103394 41
1745973153322 0.05664002522826195 42
1745973155203 0.061833932995796204 43
1745973157058 0.06259606033563614 44
1745973158917 0.05843588337302208 45
1745973160780 0.06221448630094528 46
1745973162648 0.05762609466910362 47
1745973164688 0.06063783913850784 48
1745973166599 0.05615491047501564 49
1745973168471 0.05912398546934128 50
1745973170358 0.05261416360735893 51
1745973172229 0.05677591264247894 52
1745973174089 0.06358838826417923 53
1745973175948 0.05561504513025284 54
1745973178016 0.05484709516167641 55
1745973179899 0.06163613870739937 56
1745973181758 0.057761307805776596 57
1745973183642 0.05545904114842415 58
1745973185524 0.05874193459749222 59
1745973187385 0.0612945519387722 60
1745973189350 0.06191054731607437 61
1745973191216 0.05685806646943092 62
1745973193088 0.06333944946527481 63
1745973194949 0.05692906305193901 64
1745973196812 0.06165690720081329 65
1745973198671 0.05762016400694847 66
1745973200556 0.06236403062939644 67
1745973202633 0.05732385814189911 68
1745973204529 0.05871400982141495 69
1745973206399 0.05795768275856972 70
1745973208275 0.06476284563541412 71
1745973210133 0.05548567324876785 72
1745973211992 0.0668853372335434 73
1745973213964 0.056776680052280426 74
1745973215840 0.06204356625676155 75
1745973217700 0.05924088880419731 76
1745973219556 0.06313669681549072 77
1745973221413 0.05988103896379471 78
1745973223284 0.060342393815517426 79
1745973224348 0.061361201107501984 80
1745975051388 0.058162298053503036 81
1745975053247 0.056714605540037155 82
1745975055232 0.0571872852742672 83
1745975057245 0.055909413844347 84
1745975059123 0.05087023228406906 85
1745975061012 0.05740540474653244 86
1745975062881 0.06176411360502243 87
1745975064772 0.05894686281681061 88
1745975066632 0.05928296968340874 89
1745975068716 0.057151179760694504 90
1745975070588 0.05799906700849533 91
1745975072465 0.05695309862494469 92
1745975074332 0.06406787782907486 93
1745975076200 0.05758196860551834 94
1745975078070 0.05415065214037895 95
1745975080156 0.05708746239542961 96
1745975082009 0.061491064727306366 97
1745975083871 0.058949705213308334 98
1745975085758 0.05956040695309639 99
1745975087632 0.06003430485725403 100
1745975089491 0.059115491807460785 101
1745975091411 0.06263411045074463 102
1745975093472 0.05748118832707405 103
1745975095350 0.059151992201805115 104
1745975097226 0.061634521931409836 105
1745975099097 0.05794743448495865 106
1745975100962 0.06028606370091438 107
1745975102838 0.056437984108924866 108
1745975104831 0.06145833432674408 109
1745975106706 0.06236717477440834 110
1745975108583 0.057508427649736404 111
1745975110467 0.06245448812842369 112
1745975112333 0.058841556310653687 113
1745975114204 0.06058325618505478 114
1745975116277 0.06198227033019066 115
1745975118172 0.06069326400756836 116
1745975120038 0.06057268753647804 117
1745975121900 0.05968928709626198 118
1745975123766 0.05825835093855858 119
1745975125649 0.058043625205755234 120
1745975127520 0.05751664936542511 121
1745975129624 0.05908872187137604 122
1745975131503 0.057998962700366974 123
1745975133383 0.05607111006975174 124
1745975135251 0.05657492205500603 125
1745975137137 0.052671998739242554 126
1745975139030 0.054145168513059616 127
1745975141129 0.05956825986504555 128
1745975143000 0.06027090921998024 129
1745975144880 0.05971607193350792 130
1745975146746 0.05681014060974121 131
1745975148624 0.05650181323289871 132
1745975150508 0.06308456510305405 133
1745975152558 0.05974573642015457 134
1745975154451 0.05668700858950615 135
1745975156348 0.05943268910050392 136
1745975158215 0.06202021613717079 137
1745975160085 0.05680980905890465 138
1745975161970 0.0656728446483612 139
1745975163886 0.058568075299263 140
1745975165963 0.06182950735092163 141
1745975167850 0.06657072901725769 142
1745975169720 0.06067279353737831 143
1745975171601 0.0660332515835762 144
1745975173476 0.058668699115514755 145
1745975175348 0.05813045799732208 146
1745975177350 0.05904439091682434 147
1745975179252 0.06294196844100952 148
1745975181125 0.05773000791668892 149
1745975183011 0.061325058341026306 150
1745975184879 0.05795462056994438 151
1745975186767 0.059573713690042496 152
1745975188714 0.05960407480597496 153
1745975190628 0.059686001390218735 154
1745975192494 0.060006365180015564 155
1745975194385 0.06408382207155228 156
1745975196253 0.05937325209379196 157
1745975198126 0.061427220702171326 158
1745975200000 0.05891349911689758 159
1745975202002 0.05892722308635712 160
1745975203116 0.06692478060722351 161
1745977032055 0.06172279641032219 162
1745977033947 0.06047786772251129 163
1745977035820 0.05956587567925453 164
1745977037716 0.06529165804386139 165
1745977039594 0.061566006392240524 166
1745977041474 0.06326793879270554 167
1745977043506 0.06416671723127365 168
1745977045393 0.06625980883836746 169
1745977047268 0.0795067772269249 170
1745977049133 0.07870444655418396 171
1745977050998 0.0809442549943924 172
1745977052886 0.07673085480928421 173
1745977054958 0.05794167518615723 174
1745977056839 0.06264243274927139 175
1745977058718 0.06295155733823776 176
1745977060594 0.055689457803964615 177
1745977062460 0.09056895226240158 178
1745977064337 0.09607341885566711 179
1745977066201 0.09084770828485489 180
1745977068321 0.09967845678329468 181
1745977070185 0.07623092830181122 182
1745977072052 0.07123307138681412 183
1745977073925 0.07437631487846375 184
1745977075799 0.08134002238512039 185
1745977077668 0.0629582405090332 186
1745977079752 0.06948982179164886 187
1745977081657 0.06558015942573547 188
1745977083531 0.06573143601417542 189
1745977085400 0.06556940078735352 190
1745977087273 0.06027282029390335 191
1745977089157 0.060126785188913345 192
1745977091281 0.06283315271139145 193
1745977093159 0.05815006420016289 194
1745977095037 0.061537619680166245 195
1745977096925 0.06052723899483681 196
1745977098811 0.056747402995824814 197
1745977100691 0.06293130666017532 198
1745977102580 0.05514030158519745 199
1745977104509 0.05816122889518738 200
1745977106410 0.06025703251361847 201
1745977108272 0.06220580264925957 202
1745977110145 0.06306306272745132 203
1745977112026 0.06211612746119499 204
1745977113908 0.058877188712358475 205
1745977115973 0.05915207043290138 206
1745977117867 0.06285373866558075 207
1745977119739 0.06581858545541763 208
1745977121624 0.05811531841754913 209
1745977123510 0.06162508949637413 210
1745977125379 0.062000758945941925 211
1745977127364 0.06271728873252869 212
1745977129269 0.06154048070311546 213
1745977131133 0.0598834864795208 214
1745977132992 0.06517679244279861 215
1745977134867 0.06359679251909256 216
1745977136744 0.0663536936044693 217
1745977138615 0.05965925008058548 218
1745977140682 0.06580433249473572 219
1745977142564 0.0625133365392685 220
1745977144457 0.06664441525936127 221
1745977146319 0.0784432515501976 222
1745977148188 0.07653170824050903 223
1745977150057 0.07561229914426804 224
1745977152126 0.07875839620828629 225
1745977154013 0.09167975187301636 226
1745977155895 0.08656447380781174 227
1745977157765 0.09126443415880203 228
1745977159653 0.09025730192661285 229
1745977161529 0.0973208025097847 230
1745977163441 0.10205575823783875 231
1745977165540 0.10227932780981064 232
1745977167434 0.103740394115448 233
1745977169299 0.11340473592281342 234
1745977171171 0.11387314647436142 235
1745977173041 0.11103858798742294 236
1745977174931 0.11882679164409637 237
1745977176960 0.11289039999246597 238
1745977178833 0.11628212779760361 239
1745977180706 0.11317893862724304 240
1745977182600 0.11438671499490738 241
1745977183668 0.12560215592384338 242
1745979027134 0.13429130613803864 243
1745979028997 0.12520641088485718 244
1745979031074 0.13016395270824432 245
1745979033004 0.12486109137535095 246
1745979034886 0.1315804421901703 247
1745979036748 0.13514086604118347 248
1745979038630 0.13295240700244904 249
1745979040512 0.125 250
1745979042425 0.136996790766716 251
1745979044355 0.13356506824493408 252
1745979046241 0.13657265901565552 253
1745979048124 0.13121001422405243 254
1745979049992 0.13068267703056335 255
1745979051859 0.1384960561990738 256
1745979053730 0.1380222886800766 257
1745979055729 0.13942795991897583 258
1745979057612 0.1373153030872345 259
1745979059488 0.13410469889640808 260
1745979061363 0.13171587884426117 261
1745979063245 0.14278952777385712 262
1745979065116 0.14300504326820374 263
1745979067055 0.1505456119775772 264
1745979068992 0.1500052958726883 265
1745979070891 0.15050989389419556 266
1745979072762 0.14735496044158936 267
1745979074652 0.14721055328845978 268
1745979076521 0.15199308097362518 269
1745979078417 0.14921671152114868 270
1745979080495 0.14239835739135742 271
1745979082369 0.146607905626297 272
1745979084255 0.14725840091705322 273
1745979086144 0.15052269399166107 274
1745979088028 0.14568977057933807 275
1745979089899 0.14794208109378815 276
1745979091886 0.1395551711320877 277
1745979093805 0.14797832071781158 278
1745979095687 0.150395929813385 279
1745979097554 0.16080190241336823 280
1745979099441 0.15794003009796143 281
1745979101337 0.15756893157958984 282
1745979103208 0.15840435028076172 283
1745979105235 0.15891973674297333 284
1745979107118 0.15338949859142303 285
1745979108995 0.15969954431056976 286
1745979110867 0.1623173952102661 287
1745979112732 0.16444535553455353 288
1745979114599 0.15698137879371643 289
1745979116697 0.15821470320224762 290
1745979118577 0.16010357439517975 291
1745979120458 0.15879450738430023 292
1745979122328 0.1574140191078186 293
1745979124203 0.16052265465259552 294
1745979126065 0.15999096632003784 295
1745979128008 0.15596051514148712 296
1745979130061 0.16626641154289246 297
1745979131978 0.161932572722435 298
1745979133842 0.1582341343164444 299
1745979135707 0.164646178483963 300
1745979137574 0.1644638329744339 301
1745979139457 0.16352291405200958 302
1745979141541 0.15892384946346283 303
1745979143434 0.16807658970355988 304
1745979145307 0.15619365870952606 305
1745979147193 0.15858209133148193 306
1745979149065 0.16193023324012756 307
1745979150932 0.1686340570449829 308
1745979152925 0.169592946767807 309
1745979154816 0.16292023658752441 310
1745979156708 0.16266612708568573 311
1745979158589 0.16619551181793213 312
1745979160479 0.16101932525634766 313
1745979162366 0.16167421638965607 314
1745979164292 0.1644384115934372 315
1745979166323 0.16297580301761627 316
1745979168191 0.1565292626619339 317
1745979170081 0.1735801249742508 318
1745979171948 0.17140476405620575 319
1745979173828 0.16551759839057922 320
1745979175705 0.17098446190357208 321
1745979177790 0.1679762452840805 322
1745979178880 0.18362779915332794 323
1745981025912 0.1668955236673355 324
1745981027787 0.16823065280914307 325
1745981029656 0.16331452131271362 326
1745981031557 0.17366185784339905 327
1745981033634 0.17312391102313995 328
1745981035528 0.1705600470304489 329
1745981037403 0.16574817895889282 330
1745981039293 0.16477128863334656 331
1745981041178 0.16820187866687775 332
1745981043044 0.17910361289978027 333
1745981044920 0.1763744056224823 334
1745981047037 0.1710309088230133 335
1745981048926 0.17553293704986572 336
1745981050826 0.17112867534160614 337
1745981052709 0.17490820586681366 338
1745981054612 0.17793594300746918 339
1745981056483 0.17446808516979218 340
1745981058496 0.18018069863319397 341
1745981060574 0.18162254989147186 342
1745981062671 0.16637666523456573 343
1745981064745 0.16971567273139954 344
1745981066714 0.1743837594985962 345
1745981068601 0.17944179475307465 346
1745981070698 0.17747041583061218 347
1745981072584 0.1731318086385727 348
1745981074465 0.17981843650341034 349
1745981076354 0.17613250017166138 350
1745981078238 0.17838844656944275 351
1745981080108 0.1826380342245102 352
1745981082086 0.17646710574626923 353
1745981084123 0.1758534014225006 354
1745981086023 0.17832128703594208 355
1745981087910 0.1699172407388687 356
1745981089803 0.17723096907138824 357
1745981091707 0.18630029261112213 358
1745981093613 0.17642556130886078 359
1745981095730 0.17731453478336334 360
1745981097633 0.18405571579933167 361
1745981099525 0.17480839788913727 362
1745981101422 0.18551094830036163 363
1745981103310 0.18489854037761688 364
1745981105207 0.1831732988357544 365
1745981107183 0.17639721930027008 366
1745981109103 0.1899845451116562 367
1745981110983 0.18134206533432007 368
1745981112907 0.1890893578529358 369
1745981114796 0.17980645596981049 370
1745981116714 0.18559402227401733 371
1745981118692 0.18799732625484467 372
1745981120777 0.18582278490066528 373
1745981122665 0.19055980443954468 374
1745981124570 0.19181440770626068 375
1745981126458 0.18441839516162872 376
1745981128356 0.18369929492473602 377
1745981130249 0.18365328013896942 378
1745981132313 0.19436989724636078 379
1745981134219 0.18320779502391815 380
1745981136113 0.18259462714195251 381
1745981138008 0.19161783158779144 382
1745981139919 0.19063566625118256 383
1745981141807 0.18933787941932678 384
1745981143929 0.19224417209625244 385
1745981145833 0.18981100618839264 386
1745981147743 0.19150014221668243 387
1745981149671 0.18221089243888855 388
1745981151570 0.1821988821029663 389
1745981153454 0.18479041755199432 390
1745981155429 0.19015204906463623 391
1745981157483 0.1868414580821991 392
1745981159382 0.18161074817180634 393
1745981161299 0.19586579501628876 394
1745981163201 0.193701833486557 395
1745981165087 0.18565981090068817 396
1745981166978 0.20550215244293213 397
1745981169054 0.1844521313905716 398
1745981170963 0.18452207744121552 399
1745981172879 0.18723861873149872 400
1745981174781 0.19143648445606232 401
1745981176680 0.19312675297260284 402
1745981178571 0.1905749887228012 403
1745981179659 0.19106870889663696 404
1745983027002 0.18412770330905914 405
1745983028897 0.19965523481369019 406
1745983030774 0.19080805778503418 407
1745983032670 0.19735187292099 408
1745983034556 0.18597102165222168 409
1745983036531 0.18972960114479065 410
1745983038427 0.20367169380187988 411
1745983040303 0.19696630537509918 412
1745983042173 0.19893938302993774 413
1745983044046 0.20244769752025604 414
1745983045924 0.1829068511724472 415
1745983047846 0.19406434893608093 416
1745983049780 0.18966595828533173 417
1745983051651 0.19036471843719482 418
1745983053529 0.1920793503522873 419
1745983055418 0.19371068477630615 420
1745983057294 0.1975516527891159 421
1745983059176 0.20980624854564667 422
1745983061256 0.19324134290218353 423
1745983063153 0.18933753669261932 424
1745983065026 0.19329272210597992 425
1745983066907 0.20061418414115906 426
1745983068788 0.19632136821746826 427
1745983070691 0.19983015954494476 428
1745983072711 0.19656622409820557 429
1745983074629 0.20395873486995697 430
1745983076501 0.18867924809455872 431
1745983078394 0.19817610085010529 432
1745983080273 0.19147823750972748 433
1745983082163 0.1966836154460907 434
1745983084040 0.1914665848016739 435
1745983086033 0.20092757046222687 436
1745983087919 0.19968381524085999 437
1745983089787 0.18713770806789398 438
1745983091664 0.1968456357717514 439
1745983093546 0.20793817937374115 440
1745983095424 0.1914808601140976 441
1745983097498 0.19858907163143158 442
1745983099374 0.19659942388534546 443
1745983101260 0.1935616135597229 444
1745983103146 0.19694676995277405 445
1745983105016 0.20020367205142975 446
1745983106893 0.19558165967464447 447
1745983108775 0.20348401367664337 448
1745983110874 0.20096798241138458 449
1745983112761 0.1920473277568817 450
1745983114663 0.20220504701137543 451
1745983116546 0.18964573740959167 452
1745983118414 0.19457073509693146 453
1745983120284 0.19131256639957428 454
1745983122295 0.2081066519021988 455
1745983124194 0.20528770983219147 456
1745983126076 0.19530019164085388 457
1745983127965 0.1893102377653122 458
1745983129841 0.20344994962215424 459
1745983131723 0.19898049533367157 460
1745983133708 0.20323431491851807 461
1745983135745 0.2037735879421234 462
1745983137621 0.1959836184978485 463
1745983139528 0.20658937096595764 464
1745983141404 0.19358281791210175 465
1745983143285 0.20098403096199036 466
1745983145165 0.20848922431468964 467
1745983147244 0.20606990158557892 468
1745983149123 0.19456176459789276 469
1745983150990 0.1986464411020279 470
1745983152860 0.2020239531993866 471
1745983154737 0.19874361157417297 472
1745983156604 0.205094575881958 473
1745983158664 0.20975548028945923 474
1745983160547 0.19254173338413239 475
1745983162426 0.2021920084953308 476
1745983164290 0.19248276948928833 477
1745983166157 0.19526296854019165 478
1745983168044 0.19803525507450104 479
1745983169928 0.19439385831356049 480
1745983171938 0.1928633749485016 481
1745983173810 0.20273937284946442 482
1745983175694 0.19277171790599823 483
1745983177577 0.20388592779636383 484
1745983178674 0.2063533067703247 485
