1745973073569 2.276390552520752 0
1745973075426 2.2788095474243164 1
1745973077299 2.2805306911468506 2
1745973079576 2.2792606353759766 3
1745973081452 2.281127452850342 4
1745973083305 2.2804861068725586 5
1745973085153 2.279554843902588 6
1745973087019 2.281649112701416 7
1745973088871 2.201162576675415 8
1745973090734 2.2002382278442383 9
1745973092797 2.197193145751953 10
1745973094670 2.2002127170562744 11
1745973096525 2.0984013080596924 12
1745973098378 2.09725284576416 13
1745973100232 2.105841875076294 14
1745973102123 2.104172945022583 15
1745973104073 2.033186674118042 16
1745973105952 2.0340495109558105 17
1745973107805 2.0342111587524414 18
1745973109685 2.0290091037750244 19
1745973111552 1.9801613092422485 20
1745973113414 1.9755092859268188 21
1745973115277 1.979728102684021 22
1745973117355 1.9730745553970337 23
1745973119221 1.932162880897522 24
1745973121075 1.9360162019729614 25
1745973122942 1.9439383745193481 26
1745973124815 1.933311939239502 27
1745973126690 1.8878453969955444 28
1745973128638 1.8923003673553467 29
1745973130507 1.902788519859314 30
1745973132376 1.898476004600525 31
1745973134242 1.8587766885757446 32
1745973136104 1.8500795364379883 33
1745973137963 1.8629709482192993 34
1745973139852 1.863340139389038 35
1745973141924 1.8254547119140625 36
1745973143790 1.81890070438385 37
1745973145652 1.8295210599899292 38
1745973147523 1.8241143226623535 39
1745973149380 1.7892932891845703 40
1745973151250 1.7921333312988281 41
1745973153322 1.7909355163574219 42
1745973155203 1.7778527736663818 43
1745973157058 1.749647617340088 44
1745973158917 1.756219506263733 45
1745973160780 1.7517378330230713 46
1745973162648 1.7517379522323608 47
1745973164688 1.7305468320846558 48
1745973166599 1.7300927639007568 49
1745973168471 1.73369562625885 50
1745973170358 1.7398933172225952 51
1745973172229 1.7115871906280518 52
1745973174089 1.7119035720825195 53
1745973175948 1.7187809944152832 54
1745973178016 1.713370442390442 55
1745973179899 1.7020529508590698 56
1745973181758 1.685161828994751 57
1745973183642 1.7025173902511597 58
1745973185524 1.7023426294326782 59
1745973187385 1.6841933727264404 60
1745973189350 1.68822181224823 61
1745973191216 1.6881320476531982 62
1745973193088 1.679847002029419 63
1745973194949 1.6913743019104004 64
1745973196812 1.682472825050354 65
1745973198671 1.684436321258545 66
1745973200556 1.6803109645843506 67
1745973202633 1.6945431232452393 68
1745973204529 1.6932122707366943 69
1745973206399 1.6798573732376099 70
1745973208275 1.6753973960876465 71
1745973210133 1.6814653873443604 72
1745973211992 1.6763397455215454 73
1745973213964 1.6806761026382446 74
1745973215840 1.6878554821014404 75
1745973217700 1.6930385828018188 76
1745973219556 1.6818815469741821 77
1745973221413 1.6841936111450195 78
1745973223284 1.6880501508712769 79
1745973224348 1.693505048751831 80
1745975051388 1.6913329362869263 81
1745975053247 1.6928043365478516 82
1745975055232 1.6843152046203613 83
1745975057245 1.6855175495147705 84
1745975059123 1.6918095350265503 85
1745975061012 1.693030595779419 86
1745975062881 1.6930369138717651 87
1745975064772 1.6731524467468262 88
1745975066632 1.6794304847717285 89
1745975068716 1.6852706670761108 90
1745975070588 1.6860501766204834 91
1745975072465 1.690738558769226 92
1745975074332 1.6911969184875488 93
1745975076200 1.679750919342041 94
1745975078070 1.6858047246932983 95
1745975080156 1.6929579973220825 96
1745975082009 1.685629963874817 97
1745975083871 1.6918326616287231 98
1745975085758 1.6746110916137695 99
1745975087632 1.6832252740859985 100
1745975089491 1.6754493713378906 101
1745975091411 1.6858196258544922 102
1745975093472 1.6919806003570557 103
1745975095350 1.6788569688796997 104
1745975097226 1.679716944694519 105
1745975099097 1.6779509782791138 106
1745975100962 1.6749625205993652 107
1745975102838 1.6807591915130615 108
1745975104831 1.6815221309661865 109
1745975106706 1.672945261001587 110
1745975108583 1.6831636428833008 111
1745975110467 1.6776293516159058 112
1745975112333 1.6712106466293335 113
1745975114204 1.680330753326416 114
1745975116277 1.6713144779205322 115
1745975118172 1.6861742734909058 116
1745975120038 1.6907117366790771 117
1745975121900 1.6808583736419678 118
1745975123766 1.6713426113128662 119
1745975125649 1.6807003021240234 120
1745975127520 1.6862103939056396 121
1745975129624 1.6863152980804443 122
1745975131503 1.6769425868988037 123
1745975133383 1.687482237815857 124
1745975135251 1.686655044555664 125
1745975137137 1.6788389682769775 126
1745975139030 1.6890976428985596 127
1745975141129 1.6792540550231934 128
1745975143000 1.668091058731079 129
1745975144880 1.680182695388794 130
1745975146746 1.6812177896499634 131
1745975148624 1.676021933555603 132
1745975150508 1.6734223365783691 133
1745975152558 1.6864326000213623 134
1745975154451 1.674424648284912 135
1745975156348 1.6707359552383423 136
1745975158215 1.6873464584350586 137
1745975160085 1.6762620210647583 138
1745975161970 1.6647411584854126 139
1745975163886 1.684365153312683 140
1745975165963 1.6769063472747803 141
1745975167850 1.6673327684402466 142
1745975169720 1.6823140382766724 143
1745975171601 1.6659016609191895 144
1745975173476 1.6802191734313965 145
1745975175348 1.6845676898956299 146
1745975177350 1.6820673942565918 147
1745975179252 1.675214409828186 148
1745975181125 1.6932228803634644 149
1745975183011 1.6828854084014893 150
1745975184879 1.680131435394287 151
1745975186767 1.6777147054672241 152
1745975188714 1.6693516969680786 153
1745975190628 1.6777825355529785 154
1745975192494 1.6764132976531982 155
1745975194385 1.676300048828125 156
1745975196253 1.6737563610076904 157
1745975198126 1.6679694652557373 158
1745975200000 1.6694836616516113 159
1745975202002 1.6768581867218018 160
1745975203116 1.6678880453109741 161
1745977032055 1.6803789138793945 162
1745977033947 1.6688098907470703 163
1745977035820 1.6660791635513306 164
1745977037716 1.6667556762695312 165
1745977039594 1.675114631652832 166
1745977041474 1.6674292087554932 167
1745977043506 1.6648893356323242 168
1745977045393 1.665769338607788 169
1745977047268 1.6533795595169067 170
1745977049133 1.6600009202957153 171
1745977050998 1.6733734607696533 172
1745977052886 1.653019666671753 173
1745977054958 1.670295238494873 174
1745977056839 1.6605310440063477 175
1745977058718 1.6670398712158203 176
1745977060594 1.659018874168396 177
1745977062460 1.6437594890594482 178
1745977064337 1.6398811340332031 179
1745977066201 1.6521925926208496 180
1745977068321 1.6511988639831543 181
1745977070185 1.6702550649642944 182
1745977072052 1.673808217048645 183
1745977073925 1.6762621402740479 184
1745977075799 1.6667759418487549 185
1745977077668 1.675177812576294 186
1745977079752 1.6623839139938354 187
1745977081657 1.6737890243530273 188
1745977083531 1.6643279790878296 189
1745977085400 1.6755447387695312 190
1745977087273 1.6751617193222046 191
1745977089157 1.677331566810608 192
1745977091281 1.6756091117858887 193
1745977093159 1.6796127557754517 194
1745977095037 1.675102949142456 195
1745977096925 1.686249852180481 196
1745977098811 1.677159309387207 197
1745977100691 1.6667423248291016 198
1745977102580 1.6858409643173218 199
1745977104509 1.6777087450027466 200
1745977106410 1.667464017868042 201
1745977108272 1.6588289737701416 202
1745977110145 1.6679327487945557 203
1745977112026 1.6666182279586792 204
1745977113908 1.6668908596038818 205
1745977115973 1.677769660949707 206
1745977117867 1.6707878112792969 207
1745977119739 1.6665890216827393 208
1745977121624 1.6761589050292969 209
1745977123510 1.6735906600952148 210
1745977125379 1.6824986934661865 211
1745977127364 1.6732686758041382 212
1745977129269 1.6724207401275635 213
1745977131133 1.675217628479004 214
1745977132992 1.6750850677490234 215
1745977134867 1.6670527458190918 216
1745977136744 1.6698555946350098 217
1745977138615 1.6680855751037598 218
1745977140682 1.659102201461792 219
1745977142564 1.6733694076538086 220
1745977144457 1.6670386791229248 221
1745977146319 1.662121057510376 222
1745977148188 1.6570062637329102 223
1745977150057 1.6674444675445557 224
1745977152126 1.6650993824005127 225
1745977154013 1.647737979888916 226
1745977155895 1.6453397274017334 227
1745977157765 1.649996042251587 228
1745977159653 1.6347296237945557 229
1745977161529 1.6377711296081543 230
1745977163441 1.6302260160446167 231
1745977165540 1.6360270977020264 232
1745977167434 1.6302788257598877 233
1745977169299 1.629278302192688 234
1745977171171 1.6262664794921875 235
1745977173041 1.6396054029464722 236
1745977174931 1.6158536672592163 237
1745977176960 1.6323771476745605 238
1745977178833 1.6345224380493164 239
1745977180706 1.6421465873718262 240
1745977182600 1.638763189315796 241
1745977183668 1.6024956703186035 242
1745979027134 1.6034492254257202 243
1745979028997 1.6221363544464111 244
1745979031074 1.6065218448638916 245
1745979033004 1.6062971353530884 246
1745979034886 1.6021140813827515 247
1745979036748 1.5935076475143433 248
1745979038630 1.590287208557129 249
1745979040512 1.6015464067459106 250
1745979042425 1.5773223638534546 251
1745979044355 1.5846269130706787 252
1745979046241 1.5760257244110107 253
1745979048124 1.586122989654541 254
1745979049992 1.5881203413009644 255
1745979051859 1.5823802947998047 256
1745979053730 1.5880510807037354 257
1745979055729 1.5856283903121948 258
1745979057612 1.5735470056533813 259
1745979059488 1.590122103691101 260
1745979061363 1.5882182121276855 261
1745979063245 1.568730115890503 262
1745979065116 1.5709481239318848 263
1745979067055 1.5707950592041016 264
1745979068992 1.5637919902801514 265
1745979070891 1.5559234619140625 266
1745979072762 1.5736587047576904 267
1745979074652 1.5674809217453003 268
1745979076521 1.5562623739242554 269
1745979078417 1.5601576566696167 270
1745979080495 1.5791840553283691 271
1745979082369 1.5590133666992188 272
1745979084255 1.560915231704712 273
1745979086144 1.5462173223495483 274
1745979088028 1.5633821487426758 275
1745979089899 1.5477384328842163 276
1745979091886 1.5719462633132935 277
1745979093805 1.5565569400787354 278
1745979095687 1.5600666999816895 279
1745979097554 1.5421946048736572 280
1745979099441 1.5439578294754028 281
1745979101337 1.5455940961837769 282
1745979103208 1.5344687700271606 283
1745979105235 1.529381275177002 284
1745979107118 1.547961950302124 285
1745979108995 1.5247372388839722 286
1745979110867 1.539430856704712 287
1745979112732 1.5189905166625977 288
1745979114599 1.5338836908340454 289
1745979116697 1.5392791032791138 290
1745979118577 1.5247989892959595 291
1745979120458 1.5310395956039429 292
1745979122328 1.536590814590454 293
1745979124203 1.5298442840576172 294
1745979126065 1.5360627174377441 295
1745979128008 1.5410739183425903 296
1745979130061 1.5165523290634155 297
1745979131978 1.529596209526062 298
1745979133842 1.5223840475082397 299
1745979135707 1.5186097621917725 300
1745979137574 1.5181972980499268 301
1745979139457 1.5069921016693115 302
1745979141541 1.536763072013855 303
1745979143434 1.5180777311325073 304
1745979145307 1.5243098735809326 305
1745979147193 1.523672342300415 306
1745979149065 1.5211615562438965 307
1745979150932 1.5069435834884644 308
1745979152925 1.4945515394210815 309
1745979154816 1.5232449769973755 310
1745979156708 1.5054974555969238 311
1745979158589 1.508926272392273 312
1745979160479 1.5136702060699463 313
1745979162366 1.5063965320587158 314
1745979164292 1.508734941482544 315
1745979166323 1.5062814950942993 316
1745979168191 1.5243630409240723 317
1745979170081 1.495978832244873 318
1745979171948 1.4985754489898682 319
1745979173828 1.4930763244628906 320
1745979175705 1.4847893714904785 321
1745979177790 1.504709243774414 322
1745979178880 1.4725728034973145 323
1745981025912 1.5069997310638428 324
1745981027787 1.482489824295044 325
1745981029656 1.5068793296813965 326
1745981031557 1.5012307167053223 327
1745981033634 1.4846965074539185 328
1745981035528 1.4788787364959717 329
1745981037403 1.4934537410736084 330
1745981039293 1.5104488134384155 331
1745981041178 1.496631383895874 332
1745981043044 1.4687738418579102 333
1745981044920 1.479547381401062 334
1745981047037 1.4824899435043335 335
1745981048926 1.482956051826477 336
1745981050826 1.485790729522705 337
1745981052709 1.472541093826294 338
1745981054612 1.4759994745254517 339
1745981056483 1.47575044631958 340
1745981058496 1.4677635431289673 341
1745981060574 1.4736030101776123 342
1745981062671 1.486446499824524 343
1745981064745 1.4967522621154785 344
1745981066714 1.4787089824676514 345
1745981068601 1.4618470668792725 346
1745981070698 1.4700565338134766 347
1745981072584 1.468724250793457 348
1745981074465 1.4605128765106201 349
1745981076354 1.478284478187561 350
1745981078238 1.4665101766586304 351
1745981080108 1.4649155139923096 352
1745981082086 1.4830043315887451 353
1745981084123 1.4846099615097046 354
1745981086023 1.4706571102142334 355
1745981087910 1.476407527923584 356
1745981089803 1.4797258377075195 357
1745981091707 1.4570057392120361 358
1745981093613 1.4787333011627197 359
1745981095730 1.4628244638442993 360
1745981097633 1.4680463075637817 361
1745981099525 1.4731159210205078 362
1745981101422 1.454615592956543 363
1745981103310 1.4592279195785522 364
1745981105207 1.4607652425765991 365
1745981107183 1.4700664281845093 366
1745981109103 1.4483003616333008 367
1745981110983 1.4634910821914673 368
1745981112907 1.4492628574371338 369
1745981114796 1.4570727348327637 370
1745981116714 1.467126727104187 371
1745981118692 1.450533151626587 372
1745981120777 1.4738669395446777 373
1745981122665 1.4373098611831665 374
1745981124570 1.4481475353240967 375
1745981126458 1.4647620916366577 376
1745981128356 1.4569754600524902 377
1745981130249 1.4613755941390991 378
1745981132313 1.442559838294983 379
1745981134219 1.4514776468276978 380
1745981136113 1.4641740322113037 381
1745981138008 1.450791835784912 382
1745981139919 1.4541014432907104 383
1745981141807 1.4413464069366455 384
1745981143929 1.4477945566177368 385
1745981145833 1.4539682865142822 386
1745981147743 1.4508718252182007 387
1745981149671 1.4657753705978394 388
1745981151570 1.4558048248291016 389
1745981153454 1.455910563468933 390
1745981155429 1.4481433629989624 391
1745981157483 1.4465396404266357 392
1745981159382 1.4678211212158203 393
1745981161299 1.4369491338729858 394
1745981163201 1.4463481903076172 395
1745981165087 1.44722318649292 396
1745981166978 1.4219213724136353 397
1745981169054 1.4454435110092163 398
1745981170963 1.4646286964416504 399
1745981172879 1.4529329538345337 400
1745981174781 1.4399908781051636 401
1745981176680 1.4443440437316895 402
1745981178571 1.451689600944519 403
1745981179659 1.447990894317627 404
1745983027002 1.4537255764007568 405
1745983028897 1.4255942106246948 406
1745983030774 1.4279299974441528 407
1745983032670 1.4238479137420654 408
1745983034556 1.4462662935256958 409
1745983036531 1.436689019203186 410
1745983038427 1.4246089458465576 411
1745983040303 1.423545241355896 412
1745983042173 1.4226776361465454 413
1745983044046 1.4130737781524658 414
1745983045924 1.4585566520690918 415
1745983047846 1.4459176063537598 416
1745983049780 1.4534544944763184 417
1745983051651 1.4364993572235107 418
1745983053529 1.4499330520629883 419
1745983055418 1.434804081916809 420
1745983057294 1.4383600950241089 421
1745983059176 1.4100275039672852 422
1745983061256 1.4337860345840454 423
1745983063153 1.4415379762649536 424
1745983065026 1.433695912361145 425
1745983066907 1.4268231391906738 426
1745983068788 1.4314788579940796 427
1745983070691 1.4333043098449707 428
1745983072711 1.4389917850494385 429
1745983074629 1.4192283153533936 430
1745983076501 1.4524544477462769 431
1745983078394 1.4182841777801514 432
1745983080273 1.4345273971557617 433
1745983082163 1.430314064025879 434
1745983084040 1.4419794082641602 435
1745983086033 1.4248509407043457 436
1745983087919 1.4322670698165894 437
1745983089787 1.4503488540649414 438
1745983091664 1.4347695112228394 439
1745983093546 1.408323049545288 440
1745983095424 1.4352164268493652 441
1745983097498 1.4297810792922974 442
1745983099374 1.4341570138931274 443
1745983101260 1.431786060333252 444
1745983103146 1.4338960647583008 445
1745983105016 1.418326497077942 446
1745983106893 1.4383795261383057 447
1745983108775 1.4237661361694336 448
1745983110874 1.423235297203064 449
1745983112761 1.435823678970337 450
1745983114663 1.411980390548706 451
1745983116546 1.4361324310302734 452
1745983118414 1.4343620538711548 453
1745983120284 1.4438602924346924 454
1745983122295 1.4103047847747803 455
1745983124194 1.4059114456176758 456
1745983126076 1.4297831058502197 457
1745983127965 1.4496434926986694 458
1745983129841 1.4163202047348022 459
1745983131723 1.43314528465271 460
1745983133708 1.4112868309020996 461
1745983135745 1.4119068384170532 462
1745983137621 1.428208589553833 463
1745983139528 1.4109883308410645 464
1745983141404 1.4354816675186157 465
1745983143285 1.4250273704528809 466
1745983145165 1.4031705856323242 467
1745983147244 1.422202229499817 468
1745983149123 1.4408468008041382 469
1745983150990 1.4343584775924683 470
1745983152860 1.4241209030151367 471
1745983154737 1.4246717691421509 472
1745983156604 1.4198777675628662 473
1745983158664 1.409386396408081 474
1745983160547 1.4232107400894165 475
1745983162426 1.4253435134887695 476
1745983164290 1.444584846496582 477
1745983166157 1.4373438358306885 478
1745983168044 1.4176105260849 479
1745983169928 1.4330323934555054 480
1745983171938 1.4346046447753906 481
1745983173810 1.4161533117294312 482
1745983175694 1.4365910291671753 483
1745983177577 1.4212945699691772 484
1745983178674 1.4062142372131348 485
