1745973073569 0.0 0
1745973075426 0.0 1
1745973077299 0.0 2
1745973079576 7.142857142857142e-05 3
1745973081452 7.142857142857142e-05 4
1745973083305 7.142857142857142e-05 5
1745973085153 7.142857142857142e-05 6
1745973087019 0.00014285714285714284 7
1745973088871 0.00014285714285714284 8
1745973090734 0.00014285714285714284 9
1745973092797 0.00014285714285714284 10
1745973094670 0.00021428571428571427 11
1745973096525 0.00021428571428571427 12
1745973098378 0.00021428571428571427 13
1745973100232 0.00021428571428571427 14
1745973102123 0.0002857142857142857 15
1745973104073 0.0002857142857142857 16
1745973105952 0.0002857142857142857 17
1745973107805 0.0002857142857142857 18
1745973109685 0.00035714285714285714 19
1745973111552 0.00035714285714285714 20
1745973113414 0.00035714285714285714 21
1745973115277 0.00035714285714285714 22
1745973117355 0.00042857142857142855 23
1745973119221 0.00042857142857142855 24
1745973121075 0.00042857142857142855 25
1745973122942 0.00042857142857142855 26
1745973124815 0.0005 27
1745973126690 0.0005 28
1745973128638 0.0005 29
1745973130507 0.0005 30
1745973132376 0.0004957983193277311 31
1745973134242 0.0004957983193277311 32
1745973136104 0.0004957983193277311 33
1745973137963 0.0004957983193277311 34
1745973139852 0.0004915966386554621 35
1745973141924 0.0004915966386554621 36
1745973143790 0.0004915966386554621 37
1745973145652 0.0004915966386554621 38
1745973147523 0.00048739495798319325 39
1745973149380 0.00048739495798319325 40
1745973151250 0.00048739495798319325 41
1745973153322 0.00048739495798319325 42
1745973155203 0.00048319327731092437 43
1745973157058 0.00048319327731092437 44
1745973158917 0.00048319327731092437 45
1745973160780 0.00048319327731092437 46
1745973162648 0.0004789915966386555 47
1745973164688 0.0004789915966386555 48
1745973166599 0.0004789915966386555 49
1745973168471 0.0004789915966386555 50
1745973170358 0.00047478991596638654 51
1745973172229 0.00047478991596638654 52
1745973174089 0.00047478991596638654 53
1745973175948 0.00047478991596638654 54
1745973178016 0.00047058823529411766 55
1745973179899 0.00047058823529411766 56
1745973181758 0.00047058823529411766 57
1745973183642 0.00047058823529411766 58
1745973185524 0.0004663865546218488 59
1745973187385 0.0004663865546218488 60
1745973189350 0.0004663865546218488 61
1745973191216 0.0004663865546218488 62
1745973193088 0.00046218487394957984 63
1745973194949 0.00046218487394957984 64
1745973196812 0.00046218487394957984 65
1745973198671 0.00046218487394957984 66
1745973200556 0.0004579831932773109 67
1745973202633 0.0004579831932773109 68
1745973204529 0.0004579831932773109 69
1745973206399 0.0004579831932773109 70
1745973208275 0.000453781512605042 71
1745973210133 0.000453781512605042 72
1745973211992 0.000453781512605042 73
1745973213964 0.000453781512605042 74
1745973215840 0.00044957983193277313 75
1745973217700 0.00044957983193277313 76
1745973219556 0.00044957983193277313 77
1745973221413 0.00044957983193277313 78
1745973223284 0.00044537815126050425 79
1745973224348 0.0004411764705882353 80
1745975051388 0.0004411764705882353 81
1745975053247 0.0004411764705882353 82
1745975055232 0.0004411764705882353 83
1745975057245 0.00043697478991596637 84
1745975059123 0.00043697478991596637 85
1745975061012 0.00043697478991596637 86
1745975062881 0.00043697478991596637 87
1745975064772 0.0004327731092436975 88
1745975066632 0.0004327731092436975 89
1745975068716 0.0004327731092436975 90
1745975070588 0.0004327731092436975 91
1745975072465 0.00042857142857142855 92
1745975074332 0.00042857142857142855 93
1745975076200 0.00042857142857142855 94
1745975078070 0.00042857142857142855 95
1745975080156 0.00042436974789915967 96
1745975082009 0.00042436974789915967 97
1745975083871 0.00042436974789915967 98
1745975085758 0.00042436974789915967 99
1745975087632 0.0004201680672268908 100
1745975089491 0.0004201680672268908 101
1745975091411 0.0004201680672268908 102
1745975093472 0.0004201680672268908 103
1745975095350 0.0004159663865546219 104
1745975097226 0.0004159663865546219 105
1745975099097 0.0004159663865546219 106
1745975100962 0.0004159663865546219 107
1745975102838 0.0004117647058823529 108
1745975104831 0.0004117647058823529 109
1745975106706 0.0004117647058823529 110
1745975108583 0.0004117647058823529 111
1745975110467 0.000407563025210084 112
1745975112333 0.000407563025210084 113
1745975114204 0.000407563025210084 114
1745975116277 0.000407563025210084 115
1745975118172 0.00040336134453781514 116
1745975120038 0.00040336134453781514 117
1745975121900 0.00040336134453781514 118
1745975123766 0.00040336134453781514 119
1745975125649 0.00039915966386554625 120
1745975127520 0.00039915966386554625 121
1745975129624 0.00039915966386554625 122
1745975131503 0.00039915966386554625 123
1745975133383 0.0003949579831932773 124
1745975135251 0.0003949579831932773 125
1745975137137 0.0003949579831932773 126
1745975139030 0.0003949579831932773 127
1745975141129 0.00039075630252100843 128
1745975143000 0.00039075630252100843 129
1745975144880 0.00039075630252100843 130
1745975146746 0.00039075630252100843 131
1745975148624 0.0003865546218487395 132
1745975150508 0.0003865546218487395 133
1745975152558 0.0003865546218487395 134
1745975154451 0.0003865546218487395 135
1745975156348 0.00038235294117647055 136
1745975158215 0.00038235294117647055 137
1745975160085 0.00038235294117647055 138
1745975161970 0.00038235294117647055 139
1745975163886 0.00037815126050420167 140
1745975165963 0.00037815126050420167 141
1745975167850 0.00037815126050420167 142
1745975169720 0.00037815126050420167 143
1745975171601 0.0003739495798319328 144
1745975173476 0.0003739495798319328 145
1745975175348 0.0003739495798319328 146
1745975177350 0.0003739495798319328 147
1745975179252 0.0003697478991596639 148
1745975181125 0.0003697478991596639 149
1745975183011 0.0003697478991596639 150
1745975184879 0.0003697478991596639 151
1745975186767 0.00036554621848739496 152
1745975188714 0.00036554621848739496 153
1745975190628 0.00036554621848739496 154
1745975192494 0.00036554621848739496 155
1745975194385 0.000361344537815126 156
1745975196253 0.000361344537815126 157
1745975198126 0.000361344537815126 158
1745975200000 0.000361344537815126 159
1745975202002 0.00035714285714285714 160
1745975203116 0.00035294117647058826 161
1745977032055 0.00035294117647058826 162
1745977033947 0.00035294117647058826 163
1745977035820 0.00035294117647058826 164
1745977037716 0.0003487394957983193 165
1745977039594 0.0003487394957983193 166
1745977041474 0.0003487394957983193 167
1745977043506 0.0003487394957983193 168
1745977045393 0.00034453781512605044 169
1745977047268 0.00034453781512605044 170
1745977049133 0.00034453781512605044 171
1745977050998 0.00034453781512605044 172
1745977052886 0.00034033613445378155 173
1745977054958 0.00034033613445378155 174
1745977056839 0.00034033613445378155 175
1745977058718 0.00034033613445378155 176
1745977060594 0.0003361344537815126 177
1745977062460 0.0003361344537815126 178
1745977064337 0.0003361344537815126 179
1745977066201 0.0003361344537815126 180
1745977068321 0.0003319327731092437 181
1745977070185 0.0003319327731092437 182
1745977072052 0.0003319327731092437 183
1745977073925 0.0003319327731092437 184
1745977075799 0.0003277310924369748 185
1745977077668 0.0003277310924369748 186
1745977079752 0.0003277310924369748 187
1745977081657 0.0003277310924369748 188
1745977083531 0.0003235294117647059 189
1745977085400 0.0003235294117647059 190
1745977087273 0.0003235294117647059 191
1745977089157 0.0003235294117647059 192
1745977091281 0.00031932773109243697 193
1745977093159 0.00031932773109243697 194
1745977095037 0.00031932773109243697 195
1745977096925 0.00031932773109243697 196
1745977098811 0.0003151260504201681 197
1745977100691 0.0003151260504201681 198
1745977102580 0.0003151260504201681 199
1745977104509 0.0003151260504201681 200
1745977106410 0.00031092436974789915 201
1745977108272 0.00031092436974789915 202
1745977110145 0.00031092436974789915 203
1745977112026 0.00031092436974789915 204
1745977113908 0.00030672268907563026 205
1745977115973 0.00030672268907563026 206
1745977117867 0.00030672268907563026 207
1745977119739 0.00030672268907563026 208
1745977121624 0.0003025210084033613 209
1745977123510 0.0003025210084033613 210
1745977125379 0.0003025210084033613 211
1745977127364 0.0003025210084033613 212
1745977129269 0.00029831932773109244 213
1745977131133 0.00029831932773109244 214
1745977132992 0.00029831932773109244 215
1745977134867 0.00029831932773109244 216
1745977136744 0.00029411764705882356 217
1745977138615 0.00029411764705882356 218
1745977140682 0.00029411764705882356 219
1745977142564 0.00029411764705882356 220
1745977144457 0.0002899159663865547 221
1745977146319 0.0002899159663865547 222
1745977148188 0.0002899159663865547 223
1745977150057 0.0002899159663865547 224
1745977152126 0.0002857142857142857 225
1745977154013 0.0002857142857142857 226
1745977155895 0.0002857142857142857 227
1745977157765 0.0002857142857142857 228
1745977159653 0.0002815126050420168 229
1745977161529 0.0002815126050420168 230
1745977163441 0.0002815126050420168 231
1745977165540 0.0002815126050420168 232
1745977167434 0.0002773109243697479 233
1745977169299 0.0002773109243697479 234
1745977171171 0.0002773109243697479 235
1745977173041 0.0002773109243697479 236
1745977174931 0.000273109243697479 237
1745977176960 0.000273109243697479 238
1745977178833 0.000273109243697479 239
1745977180706 0.000273109243697479 240
1745977182600 0.0002689075630252101 241
1745977183668 0.0002647058823529412 242
1745979027134 0.0002647058823529412 243
1745979028997 0.0002647058823529412 244
1745979031074 0.0002647058823529412 245
1745979033004 0.00026050420168067227 246
1745979034886 0.00026050420168067227 247
1745979036748 0.00026050420168067227 248
1745979038630 0.00026050420168067227 249
1745979040512 0.00025630252100840333 250
1745979042425 0.00025630252100840333 251
1745979044355 0.00025630252100840333 252
1745979046241 0.00025630252100840333 253
1745979048124 0.00025210084033613445 254
1745979049992 0.00025210084033613445 255
1745979051859 0.00025210084033613445 256
1745979053730 0.00025210084033613445 257
1745979055729 0.00024789915966386556 258
1745979057612 0.00024789915966386556 259
1745979059488 0.00024789915966386556 260
1745979061363 0.00024789915966386556 261
1745979063245 0.00024369747899159663 262
1745979065116 0.00024369747899159663 263
1745979067055 0.00024369747899159663 264
1745979068992 0.00024369747899159663 265
1745979070891 0.00023949579831932774 266
1745979072762 0.00023949579831932774 267
1745979074652 0.00023949579831932774 268
1745979076521 0.00023949579831932774 269
1745979078417 0.00023529411764705883 270
1745979080495 0.00023529411764705883 271
1745979082369 0.00023529411764705883 272
1745979084255 0.00023529411764705883 273
1745979086144 0.00023109243697478992 274
1745979088028 0.00023109243697478992 275
1745979089899 0.00023109243697478992 276
1745979091886 0.00023109243697478992 277
1745979093805 0.000226890756302521 278
1745979095687 0.000226890756302521 279
1745979097554 0.000226890756302521 280
1745979099441 0.000226890756302521 281
1745979101337 0.00022268907563025212 282
1745979103208 0.00022268907563025212 283
1745979105235 0.00022268907563025212 284
1745979107118 0.00022268907563025212 285
1745979108995 0.00021848739495798319 286
1745979110867 0.00021848739495798319 287
1745979112732 0.00021848739495798319 288
1745979114599 0.00021848739495798319 289
1745979116697 0.00021428571428571427 290
1745979118577 0.00021428571428571427 291
1745979120458 0.00021428571428571427 292
1745979122328 0.00021428571428571427 293
1745979124203 0.0002100840336134454 294
1745979126065 0.0002100840336134454 295
1745979128008 0.0002100840336134454 296
1745979130061 0.0002100840336134454 297
1745979131978 0.00020588235294117645 298
1745979133842 0.00020588235294117645 299
1745979135707 0.00020588235294117645 300
1745979137574 0.00020588235294117645 301
1745979139457 0.00020168067226890757 302
1745979141541 0.00020168067226890757 303
1745979143434 0.00020168067226890757 304
1745979145307 0.00020168067226890757 305
1745979147193 0.00019747899159663866 306
1745979149065 0.00019747899159663866 307
1745979150932 0.00019747899159663866 308
1745979152925 0.00019747899159663866 309
1745979154816 0.00019327731092436975 310
1745979156708 0.00019327731092436975 311
1745979158589 0.00019327731092436975 312
1745979160479 0.00019327731092436975 313
1745979162366 0.00018907563025210084 314
1745979164292 0.00018907563025210084 315
1745979166323 0.00018907563025210084 316
1745979168191 0.00018907563025210084 317
1745979170081 0.00018487394957983195 318
1745979171948 0.00018487394957983195 319
1745979173828 0.00018487394957983195 320
1745979175705 0.00018487394957983195 321
1745979177790 0.000180672268907563 322
1745979178880 0.00017647058823529413 323
1745981025912 0.00017647058823529413 324
1745981027787 0.00017647058823529413 325
1745981029656 0.00017647058823529413 326
1745981031557 0.00017226890756302522 327
1745981033634 0.00017226890756302522 328
1745981035528 0.00017226890756302522 329
1745981037403 0.00017226890756302522 330
1745981039293 0.0001680672268907563 331
1745981041178 0.0001680672268907563 332
1745981043044 0.0001680672268907563 333
1745981044920 0.0001680672268907563 334
1745981047037 0.0001638655462184874 335
1745981048926 0.0001638655462184874 336
1745981050826 0.0001638655462184874 337
1745981052709 0.0001638655462184874 338
1745981054612 0.00015966386554621849 339
1745981056483 0.00015966386554621849 340
1745981058496 0.00015966386554621849 341
1745981060574 0.00015966386554621849 342
1745981062671 0.00015546218487394957 343
1745981064745 0.00015546218487394957 344
1745981066714 0.00015546218487394957 345
1745981068601 0.00015546218487394957 346
1745981070698 0.00015126050420168066 347
1745981072584 0.00015126050420168066 348
1745981074465 0.00015126050420168066 349
1745981076354 0.00015126050420168066 350
1745981078238 0.00014705882352941178 351
1745981080108 0.00014705882352941178 352
1745981082086 0.00014705882352941178 353
1745981084123 0.00014705882352941178 354
1745981086023 0.00014285714285714284 355
1745981087910 0.00014285714285714284 356
1745981089803 0.00014285714285714284 357
1745981091707 0.00014285714285714284 358
1745981093613 0.00013865546218487396 359
1745981095730 0.00013865546218487396 360
1745981097633 0.00013865546218487396 361
1745981099525 0.00013865546218487396 362
1745981101422 0.00013445378151260505 363
1745981103310 0.00013445378151260505 364
1745981105207 0.00013445378151260505 365
1745981107183 0.00013445378151260505 366
1745981109103 0.00013025210084033613 367
1745981110983 0.00013025210084033613 368
1745981112907 0.00013025210084033613 369
1745981114796 0.00013025210084033613 370
1745981116714 0.00012605042016806722 371
1745981118692 0.00012605042016806722 372
1745981120777 0.00012605042016806722 373
1745981122665 0.00012605042016806722 374
1745981124570 0.00012184873949579831 375
1745981126458 0.00012184873949579831 376
1745981128356 0.00012184873949579831 377
1745981130249 0.00012184873949579831 378
1745981132313 0.00011764705882352942 379
1745981134219 0.00011764705882352942 380
1745981136113 0.00011764705882352942 381
1745981138008 0.00011764705882352942 382
1745981139919 0.0001134453781512605 383
1745981141807 0.0001134453781512605 384
1745981143929 0.0001134453781512605 385
1745981145833 0.0001134453781512605 386
1745981147743 0.00010924369747899159 387
1745981149671 0.00010924369747899159 388
1745981151570 0.00010924369747899159 389
1745981153454 0.00010924369747899159 390
1745981155429 0.0001050420168067227 391
1745981157483 0.0001050420168067227 392
1745981159382 0.0001050420168067227 393
1745981161299 0.0001050420168067227 394
1745981163201 0.00010084033613445378 395
1745981165087 0.00010084033613445378 396
1745981166978 0.00010084033613445378 397
1745981169054 0.00010084033613445378 398
1745981170963 9.663865546218487e-05 399
1745981172879 9.663865546218487e-05 400
1745981174781 9.663865546218487e-05 401
1745981176680 9.663865546218487e-05 402
1745981178571 9.243697478991598e-05 403
1745981179659 8.823529411764706e-05 404
1745983027002 8.823529411764706e-05 405
1745983028897 8.823529411764706e-05 406
1745983030774 8.823529411764706e-05 407
1745983032670 8.403361344537815e-05 408
1745983034556 8.403361344537815e-05 409
1745983036531 8.403361344537815e-05 410
1745983038427 8.403361344537815e-05 411
1745983040303 7.983193277310924e-05 412
1745983042173 7.983193277310924e-05 413
1745983044046 7.983193277310924e-05 414
1745983045924 7.983193277310924e-05 415
1745983047846 7.563025210084033e-05 416
1745983049780 7.563025210084033e-05 417
1745983051651 7.563025210084033e-05 418
1745983053529 7.563025210084033e-05 419
1745983055418 7.142857142857142e-05 420
1745983057294 7.142857142857142e-05 421
1745983059176 7.142857142857142e-05 422
1745983061256 7.142857142857142e-05 423
1745983063153 6.722689075630252e-05 424
1745983065026 6.722689075630252e-05 425
1745983066907 6.722689075630252e-05 426
1745983068788 6.722689075630252e-05 427
1745983070691 6.302521008403361e-05 428
1745983072711 6.302521008403361e-05 429
1745983074629 6.302521008403361e-05 430
1745983076501 6.302521008403361e-05 431
1745983078394 5.882352941176471e-05 432
1745983080273 5.882352941176471e-05 433
1745983082163 5.882352941176471e-05 434
1745983084040 5.882352941176471e-05 435
1745983086033 5.4621848739495796e-05 436
1745983087919 5.4621848739495796e-05 437
1745983089787 5.4621848739495796e-05 438
1745983091664 5.4621848739495796e-05 439
1745983093546 5.042016806722689e-05 440
1745983095424 5.042016806722689e-05 441
1745983097498 5.042016806722689e-05 442
1745983099374 5.042016806722689e-05 443
1745983101260 4.621848739495799e-05 444
1745983103146 4.621848739495799e-05 445
1745983105016 4.621848739495799e-05 446
1745983106893 4.621848739495799e-05 447
1745983108775 4.201680672268908e-05 448
1745983110874 4.201680672268908e-05 449
1745983112761 4.201680672268908e-05 450
1745983114663 4.201680672268908e-05 451
1745983116546 3.7815126050420166e-05 452
1745983118414 3.7815126050420166e-05 453
1745983120284 3.7815126050420166e-05 454
1745983122295 3.7815126050420166e-05 455
1745983124194 3.361344537815126e-05 456
1745983126076 3.361344537815126e-05 457
1745983127965 3.361344537815126e-05 458
1745983129841 3.361344537815126e-05 459
1745983131723 2.9411764705882354e-05 460
1745983133708 2.9411764705882354e-05 461
1745983135745 2.9411764705882354e-05 462
1745983137621 2.9411764705882354e-05 463
1745983139528 2.5210084033613446e-05 464
1745983141404 2.5210084033613446e-05 465
1745983143285 2.5210084033613446e-05 466
1745983145165 2.5210084033613446e-05 467
1745983147244 2.100840336134454e-05 468
1745983149123 2.100840336134454e-05 469
1745983150990 2.100840336134454e-05 470
1745983152860 2.100840336134454e-05 471
1745983154737 1.680672268907563e-05 472
1745983156604 1.680672268907563e-05 473
1745983158664 1.680672268907563e-05 474
1745983160547 1.680672268907563e-05 475
1745983162426 1.2605042016806723e-05 476
1745983164290 1.2605042016806723e-05 477
1745983166157 1.2605042016806723e-05 478
1745983168044 1.2605042016806723e-05 479
1745983169928 8.403361344537815e-06 480
1745983171938 8.403361344537815e-06 481
1745983173810 8.403361344537815e-06 482
1745983175694 8.403361344537815e-06 483
1745983177577 4.201680672268908e-06 484
1745983178674 0.0 485
