1745986807885 9.752592086791992 0
1745986815232 9.755693435668945 1
1745986822999 9.651765823364258 2
1745986829815 9.455713272094727 3
1745986837564 9.151747703552246 4
1745986844445 8.797755241394043 5
1745986852199 8.393701553344727 6
1745986859025 7.967071533203125 7
1745986866543 7.519623279571533 8
1745986873844 7.1267828941345215 9
1745986880881 6.7328948974609375 10
1745986888621 6.587973594665527 11
1745986895421 6.471833229064941 12
1745986903190 6.44537878036499 13
1745986910005 6.509713172912598 14
1745986917791 6.574981689453125 15
1745986924607 6.589996337890625 16
1745986932035 6.544517517089844 17
1745986939406 6.449982643127441 18
1745986946406 6.506231307983398 19
1745986954137 6.36284875869751 20
1745986960987 6.378701210021973 21
1745986968749 6.346159934997559 22
1745986975593 6.447129726409912 23
1745986983355 6.400741100311279 24
1745986990202 6.417298316955566 25
1745986997583 6.403921604156494 26
1745987005005 6.416293621063232 27
1745987011992 6.416056156158447 28
1745987019736 6.361800670623779 29
1745987026566 6.38750696182251 30
1745987034298 6.39327335357666 31
1745987041085 6.412384033203125 32
1745987048800 6.352440357208252 33
1745987055676 6.3872904777526855 34
1745987063026 6.362395286560059 35
1745987070429 6.324969291687012 36
1745987077384 6.387418746948242 37
1745987085111 6.306881427764893 38
1745987091934 6.377033233642578 39
1745987099673 6.31283712387085 40
1745987106494 6.302786350250244 41
1745987114237 6.3398518562316895 42
1745987121135 6.373713970184326 43
1745987128412 6.305547714233398 44
1745987135807 6.346034049987793 45
1745987142774 6.324832439422607 46
1745987150549 6.325754642486572 47
1745987157382 6.325044631958008 48
1745987165153 6.239180564880371 49
1745987171982 6.331493854522705 50
1745987179749 6.285460948944092 51
1745987186627 6.287814140319824 52
1745987193910 6.358044624328613 53
1745987201388 6.309847831726074 54
1745987208357 6.289591312408447 55
1745987216314 6.305103778839111 56
1745987223181 6.297590732574463 57
1745987231026 6.345876693725586 58
1745987237841 6.302888870239258 59
1745987245529 6.2201690673828125 60
1745987252497 6.263047695159912 61
1745987259711 6.215154647827148 62
1745987267351 6.145710468292236 63
1745987274269 6.175271034240723 64
1745987282003 6.19749641418457 65
1745987288891 6.215997695922852 66
1745987296681 6.215479850769043 67
1745987303532 6.1770548820495605 68
1745987311131 6.235206127166748 69
1745987318397 6.117599010467529 70
1745987325589 6.175170421600342 71
1745987333382 6.144931793212891 72
1745987340241 6.198471546173096 73
1745987348080 6.14049768447876 74
1745987354921 6.170632839202881 75
1745987362746 6.143871307373047 76
1745987369612 6.131481170654297 77
1745987377067 6.121078968048096 78
1745987384492 6.060219764709473 79
1745987391559 6.020657062530518 80
1745987399302 6.046133995056152 81
1745987401586 5.986386775970459 82
1745987988967 5.996112823486328 83
1745987995914 5.986778259277344 84
1745988003332 5.977588653564453 85
1745988010859 6.005980491638184 86
1745988017876 6.0701751708984375 87
1745988025646 5.989249229431152 88
1745988032495 5.9983649253845215 89
1745988040359 5.956677436828613 90
1745988047218 6.02891206741333 91
1745988054980 5.946287631988525 92
1745988062113 5.9566521644592285 93
1745988069393 5.967318058013916 94
1745988077108 5.89219331741333 95
1745988084011 5.921965599060059 96
1745988091768 5.847165584564209 97
1745988098689 5.845651626586914 98
1745988106546 5.888593673706055 99
1745988113441 5.87412166595459 100
1745988120965 5.782391548156738 101
1745988128309 5.8137125968933105 102
1745988135372 5.827403545379639 103
1745988143212 5.80796480178833 104
1745988150043 5.783635139465332 105
1745988157859 5.7690606117248535 106
1745988164764 5.745183944702148 107
1745988172620 5.747459411621094 108
1745988179552 5.799002170562744 109
1745988186969 5.705997943878174 110
1745988194475 5.7642998695373535 111
1745988201472 5.6883625984191895 112
1745988209269 5.661412715911865 113
1745988216130 5.720850467681885 114
1745988223923 5.754475116729736 115
1745988230781 5.66475248336792 116
1745988238476 5.59220027923584 117
1745988245534 5.668354511260986 118
1745988252830 5.6767988204956055 119
1745988260632 5.570306301116943 120
1745988267575 5.572611331939697 121
1745988275375 5.4076642990112305 122
1745988282300 5.4883317947387695 123
1745988290108 5.526569843292236 124
1745988297034 5.415841102600098 125
1745988304727 5.49177885055542 126
1745988312046 5.408576488494873 127
1745988319175 5.485546112060547 128
1745988327033 5.490140438079834 129
1745988334028 5.454582214355469 130
1745988341962 5.421522617340088 131
1745988348839 5.488447666168213 132
1745988356704 5.440005302429199 133
1745988363740 5.420264720916748 134
1745988371138 5.361485958099365 135
1745988378841 5.3693528175354 136
1745988385863 5.433953762054443 137
1745988393638 5.350017547607422 138
1745988400517 5.3786540031433105 139
1745988408278 5.328109264373779 140
1745988415205 5.382416248321533 141
1745988422914 5.430233478546143 142
1745988430258 5.262588977813721 143
1745988437391 5.373020648956299 144
1745988445256 5.315123081207275 145
1745988452147 5.3640947341918945 146
1745988459968 5.341704845428467 147
1745988466911 5.302539825439453 148
1745988474859 5.3032073974609375 149
1745988481892 5.284340858459473 150
1745988489240 5.291211128234863 151
1745988496918 5.285542964935303 152
1745988503906 5.359592914581299 153
1745988511805 5.406780242919922 154
1745988518712 5.2926025390625 155
1745988526545 5.245987415313721 156
1745988533490 5.310020446777344 157
1745988541095 5.2429962158203125 158
1745988548425 5.2718682289123535 159
1745988555604 5.2982330322265625 160
1745988563571 5.3115410804748535 161
1745988570551 5.342108249664307 162
1745988578384 5.315633773803711 163
1745988585303 5.384309768676758 164
1745988588043 5.376150131225586 165
