1745986807885 0.00018950161756947637 0
1745986815232 0.0 1
1745986822999 0.00015955325216054916 2
1745986829815 0.0009977826848626137 3
1745986837564 0.017367783933877945 4
1745986844445 0.057237204164266586 5
1745986852199 0.06095267832279205 6
1745986859025 0.06562328338623047 7
1745986866543 0.06475504487752914 8
1745986873844 0.061058346182107925 9
1745986880881 0.06463780999183655 10
1745986888621 0.05940776318311691 11
1745986895421 0.06506374478340149 12
1745986903190 0.06709801405668259 13
1745986910005 0.05897699296474457 14
1745986917791 0.05161209776997566 15
1745986924607 0.052595820277929306 16
1745986932035 0.04909456893801689 17
1745986939406 0.05382131412625313 18
1745986946406 0.043183859437704086 19
1745986954137 0.05186329036951065 20
1745986960987 0.06378459930419922 21
1745986968749 0.06254378706216812 22
1745986975593 0.06270301342010498 23
1745986983355 0.060544442385435104 24
1745986990202 0.06344922631978989 25
1745986997583 0.059966832399368286 26
1745987005005 0.06304273754358292 27
1745987011992 0.05962827429175377 28
1745987019736 0.06432396918535233 29
1745987026566 0.06663952767848969 30
1745987034298 0.060405563563108444 31
1745987041085 0.06341534852981567 32
1745987048800 0.07027724385261536 33
1745987055676 0.05111294239759445 34
1745987063026 0.05221658945083618 35
1745987070429 0.049002472311258316 36
1745987077384 0.05279438942670822 37
1745987085111 0.050589051097631454 38
1745987091934 0.06181717664003372 39
1745987099673 0.06273776292800903 40
1745987106494 0.0643702894449234 41
1745987114237 0.06330957263708115 42
1745987121135 0.060564350336790085 43
1745987128412 0.06367844343185425 44
1745987135807 0.06476937979459763 45
1745987142774 0.06516125053167343 46
1745987150549 0.06843645125627518 47
1745987157382 0.06241592764854431 48
1745987165153 0.06258503347635269 49
1745987171982 0.0654691755771637 50
1745987179749 0.058442942798137665 51
1745987186627 0.06267517805099487 52
1745987193910 0.059132304042577744 53
1745987201388 0.0673832818865776 54
1745987208357 0.07223446667194366 55
1745987216314 0.07089460641145706 56
1745987223181 0.0630025789141655 57
1745987231026 0.06631998717784882 58
1745987237841 0.06324467808008194 59
1745987245529 0.06834923475980759 60
1745987252497 0.06780633330345154 61
1745987259711 0.07157182693481445 62
1745987267351 0.08172844350337982 63
1745987274269 0.07469560205936432 64
1745987282003 0.07192640006542206 65
1745987288891 0.07377658784389496 66
1745987296681 0.0654866173863411 67
1745987303532 0.07449550181627274 68
1745987311131 0.061776917427778244 69
1745987318397 0.06729398667812347 70
1745987325589 0.06732471287250519 71
1745987333382 0.0738212987780571 72
1745987340241 0.07223770767450333 73
1745987348080 0.07722657173871994 74
1745987354921 0.07562775164842606 75
1745987362746 0.07722330838441849 76
1745987369612 0.07764207571744919 77
1745987377067 0.07927858829498291 78
1745987384492 0.08212026208639145 79
1745987391559 0.08264513313770294 80
1745987399302 0.08108692616224289 81
1745987401586 0.08697183430194855 82
1745987988967 0.09008237719535828 83
1745987995914 0.0906691774725914 84
1745988003332 0.09264921396970749 85
1745988010859 0.09049209952354431 86
1745988017876 0.07719321548938751 87
1745988025646 0.07861735671758652 88
1745988032495 0.09533724188804626 89
1745988040359 0.09706755727529526 90
1745988047218 0.09700419008731842 91
1745988054980 0.10105263441801071 92
1745988062113 0.09700844436883926 93
1745988069393 0.1069956123828888 94
1745988077108 0.10524146258831024 95
1745988084011 0.10788241028785706 96
1745988091768 0.10654079914093018 97
1745988098689 0.10894697904586792 98
1745988106546 0.10882861912250519 99
1745988113441 0.10424797236919403 100
1745988120965 0.11526888608932495 101
1745988128309 0.11597581207752228 102
1745988135372 0.11327239125967026 103
1745988143212 0.11605429649353027 104
1745988150043 0.11876733601093292 105
1745988157859 0.12155704945325851 106
1745988164764 0.1326511651277542 107
1745988172620 0.13171818852424622 108
1745988179552 0.13510924577713013 109
1745988186969 0.13443972170352936 110
1745988194475 0.14391595125198364 111
1745988201472 0.13785572350025177 112
1745988209269 0.14340712130069733 113
1745988216130 0.13822977244853973 114
1745988223923 0.13734376430511475 115
1745988230781 0.1390799880027771 116
1745988238476 0.14084342122077942 117
1745988245534 0.1458100527524948 118
1745988252830 0.14110641181468964 119
1745988260632 0.14759859442710876 120
1745988267575 0.15068691968917847 121
1745988275375 0.1488434076309204 122
1745988282300 0.15058071911334991 123
1745988290108 0.15404833853244781 124
1745988297034 0.1549941897392273 125
1745988304727 0.15186245739459991 126
1745988312046 0.15814554691314697 127
1745988319175 0.16194383800029755 128
1745988327033 0.15239523351192474 129
1745988334028 0.16131091117858887 130
1745988341962 0.15933358669281006 131
1745988348839 0.14541979134082794 132
1745988356704 0.16070887446403503 133
1745988363740 0.16477720439434052 134
1745988371138 0.16519345343112946 135
1745988378841 0.16709835827350616 136
1745988385863 0.1618202030658722 137
1745988393638 0.17146895825862885 138
1745988400517 0.16169555485248566 139
1745988408278 0.1674138605594635 140
1745988415205 0.16527730226516724 141
1745988422914 0.1688847839832306 142
1745988430258 0.17232675850391388 143
1745988437391 0.16227826476097107 144
1745988445256 0.17197562754154205 145
1745988452147 0.1655290126800537 146
1745988459968 0.17519576847553253 147
1745988466911 0.17030011117458344 148
1745988474859 0.17492909729480743 149
1745988481892 0.1737855225801468 150
1745988489240 0.16887730360031128 151
1745988496918 0.17823639512062073 152
1745988503906 0.17310799658298492 153
1745988511805 0.1741209328174591 154
1745988518712 0.17362822592258453 155
1745988526545 0.17557111382484436 156
1745988533490 0.1734633445739746 157
1745988541095 0.17921999096870422 158
1745988548425 0.17163874208927155 159
1745988555604 0.17539140582084656 160
1745988563571 0.17678943276405334 161
1745988570551 0.17303822934627533 162
1745988578384 0.17422880232334137 163
1745988585303 0.16994445025920868 164
1745988588043 0.1729966253042221 165
