1745986807885 0.0011111111111111111 0
1745986815232 0.0022222222222222222 1
1745986822999 0.003333333333333333 2
1745986829815 0.0044444444444444444 3
1745986837564 0.005555555555555556 4
1745986844445 0.006666666666666666 5
1745986852199 0.007777777777777778 6
1745986859025 0.008888888888888889 7
1745986866543 0.01 8
1745986873844 0.009936305732484076 9
1745986880881 0.009872611464968152 10
1745986888621 0.00980891719745223 11
1745986895421 0.009745222929936306 12
1745986903190 0.009681528662420382 13
1745986910005 0.009617834394904459 14
1745986917791 0.009554140127388535 15
1745986924607 0.009490445859872612 16
1745986932035 0.009426751592356689 17
1745986939406 0.009363057324840765 18
1745986946406 0.00929936305732484 19
1745986954137 0.009235668789808917 20
1745986960987 0.009171974522292995 21
1745986968749 0.00910828025477707 22
1745986975593 0.009044585987261147 23
1745986983355 0.008980891719745223 24
1745986990202 0.008917197452229299 25
1745986997583 0.008853503184713377 26
1745987005005 0.008789808917197453 27
1745987011992 0.00872611464968153 28
1745987019736 0.008662420382165605 29
1745987026566 0.008598726114649681 30
1745987034298 0.00853503184713376 31
1745987041085 0.008471337579617835 32
1745987048800 0.008407643312101911 33
1745987055676 0.008343949044585987 34
1745987063026 0.008280254777070064 35
1745987070429 0.008216560509554141 36
1745987077384 0.008152866242038218 37
1745987085111 0.008089171974522294 38
1745987091934 0.00802547770700637 39
1745987099673 0.007961783439490446 40
1745987106494 0.007898089171974524 41
1745987114237 0.0078343949044586 42
1745987121135 0.007770700636942676 43
1745987128412 0.007707006369426752 44
1745987135807 0.007643312101910829 45
1745987142774 0.007579617834394905 46
1745987150549 0.007515923566878982 47
1745987157382 0.007452229299363057 48
1745987165153 0.007388535031847133 49
1745987171982 0.007324840764331209 50
1745987179749 0.007261146496815286 51
1745987186627 0.0071974522292993625 52
1745987193910 0.0071337579617834395 53
1745987201388 0.007070063694267516 54
1745987208357 0.007006369426751592 55
1745987216314 0.006942675159235669 56
1745987223181 0.006878980891719745 57
1745987231026 0.006815286624203822 58
1745987237841 0.006751592356687898 59
1745987245529 0.006687898089171974 60
1745987252497 0.006624203821656051 61
1745987259711 0.006560509554140127 62
1745987267351 0.006496815286624204 63
1745987274269 0.00643312101910828 64
1745987282003 0.006369426751592356 65
1745987288891 0.006305732484076433 66
1745987296681 0.006242038216560509 67
1745987303532 0.006178343949044586 68
1745987311131 0.006114649681528662 69
1745987318397 0.006050955414012738 70
1745987325589 0.005987261146496815 71
1745987333382 0.0059235668789808914 72
1745987340241 0.005859872611464968 73
1745987348080 0.0057961783439490445 74
1745987354921 0.005732484076433121 75
1745987362746 0.005668789808917198 76
1745987369612 0.005605095541401274 77
1745987377067 0.005541401273885351 78
1745987384492 0.005477707006369427 79
1745987391559 0.005414012738853503 80
1745987399302 0.00535031847133758 81
1745987401586 0.005286624203821656 82
1745987988967 0.005222929936305733 83
1745987995914 0.005159235668789809 84
1745988003332 0.005095541401273885 85
1745988010859 0.005031847133757962 86
1745988017876 0.004968152866242038 87
1745988025646 0.004904458598726115 88
1745988032495 0.004840764331210191 89
1745988040359 0.004777070063694267 90
1745988047218 0.004713375796178344 91
1745988054980 0.00464968152866242 92
1745988062113 0.004585987261146497 93
1745988069393 0.0045222929936305735 94
1745988077108 0.0044585987261146496 95
1745988084011 0.0043949044585987265 96
1745988091768 0.004331210191082803 97
1745988098689 0.00426751592356688 98
1745988106546 0.004203821656050956 99
1745988113441 0.004140127388535032 100
1745988120965 0.004076433121019109 101
1745988128309 0.004012738853503185 102
1745988135372 0.003949044585987262 103
1745988143212 0.003885350318471338 104
1745988150043 0.0038216560509554145 105
1745988157859 0.003757961783439491 106
1745988164764 0.0036942675159235667 107
1745988172620 0.003630573248407643 108
1745988179552 0.0035668789808917197 109
1745988186969 0.003503184713375796 110
1745988194475 0.0034394904458598724 111
1745988201472 0.003375796178343949 112
1745988209269 0.0033121019108280254 113
1745988216130 0.003248407643312102 114
1745988223923 0.003184713375796178 115
1745988230781 0.0031210191082802546 116
1745988238476 0.003057324840764331 117
1745988245534 0.0029936305732484077 118
1745988252830 0.002929936305732484 119
1745988260632 0.0028662420382165603 120
1745988267575 0.002802547770700637 121
1745988275375 0.0027388535031847134 122
1745988282300 0.00267515923566879 123
1745988290108 0.0026114649681528664 124
1745988297034 0.0025477707006369425 125
1745988304727 0.002484076433121019 126
1745988312046 0.0024203821656050956 127
1745988319175 0.002356687898089172 128
1745988327033 0.0022929936305732487 129
1745988334028 0.0022292993630573248 130
1745988341962 0.0021656050955414013 131
1745988348839 0.002101910828025478 132
1745988356704 0.0020382165605095544 133
1745988363740 0.001974522292993631 134
1745988371138 0.0019108280254777072 135
1745988378841 0.0018471337579617833 136
1745988385863 0.0017834394904458599 137
1745988393638 0.0017197452229299362 138
1745988400517 0.0016560509554140127 139
1745988408278 0.001592356687898089 140
1745988415205 0.0015286624203821656 141
1745988422914 0.001464968152866242 142
1745988430258 0.0014012738853503184 143
1745988437391 0.001337579617834395 144
1745988445256 0.0012738853503184713 145
1745988452147 0.0012101910828025478 146
1745988459968 0.0011464968152866243 147
1745988466911 0.0010828025477707007 148
1745988474859 0.0010191082802547772 149
1745988481892 0.0009554140127388536 150
1745988489240 0.0008917197452229299 151
1745988496918 0.0008280254777070064 152
1745988503906 0.0007643312101910828 153
1745988511805 0.0007006369426751592 154
1745988518712 0.0006369426751592356 155
1745988526545 0.0005732484076433122 156
1745988533490 0.0005095541401273886 157
1745988541095 0.00044585987261146497 158
1745988548425 0.0003821656050955414 159
1745988555604 0.0003184713375796178 160
1745988563571 0.0002547770700636943 161
1745988570551 0.0001910828025477707 162
1745988578384 0.00012738853503184715 163
1745988585303 6.369426751592357e-05 164
1745988588043 0.0 165
