1746045974310 0.0002635046257637441 0
1746045980087 7.070136052789167e-05 1
1746045986382 0.00013200448302086443 2
1746045992142 0.0005374280153773725 3
1746045997873 0.005273222457617521 4
1746046003974 0.0264816302806139 5
1746046009539 0.05886613577604294 6
1746046016003 0.06244418025016785 7
1746046021588 0.06389320641756058 8
1746046028148 0.06200767681002617 9
1746046033731 0.06176139414310455 10
1746046040305 0.06315336376428604 11
1746046045872 0.06386078149080276 12
1746046052171 0.06090187281370163 13
1746046057922 0.056902460753917694 14
1746046063688 0.06519439816474915 15
1746046069773 0.05876196175813675 16
1746046075364 0.06387162208557129 17
1746046081822 0.06216532364487648 18
1746046087451 0.05082038789987564 19
1746046093975 0.050607070326805115 20
1746046099556 0.05016253516077995 21
1746046106069 0.0461607426404953 22
1746046111700 0.0567675344645977 23
1746046118021 0.05019516870379448 24
1746046123767 0.06391478329896927 25
1746046129589 0.06011631712317467 26
1746046135668 0.060665734112262726 27
1746046141274 0.059583306312561035 28
1746046147730 0.063046894967556 29
1746046153301 0.06387624144554138 30
1746046159811 0.05876990035176277 31
1746046165402 0.06229469180107117 32
1746046171931 0.0551798976957798 33
1746046177578 0.062319379299879074 34
1746046183969 0.046228040009737015 35
1746046189651 0.054005466401576996 36
1746046195602 0.047301921993494034 37
1746046201552 0.04884900525212288 38
1746046207155 0.05121951177716255 39
1746046213472 0.05337291955947876 40
1746046219062 0.06552988290786743 41
1746046225572 0.06385663896799088 42
1746046231206 0.06417355686426163 43
1746046237767 0.06452862173318863 44
1746046243371 0.06361600011587143 45
1746046249781 0.05944138020277023 46
1746046255444 0.06475059688091278 47
1746046261318 0.06527609378099442 48
1746046267227 0.05768352374434471 49
1746046272825 0.06227860972285271 50
1746046279200 0.06294504553079605 51
1746046284783 0.062331635504961014 52
1746046291308 0.06290303170681 53
1746046296976 0.06387096643447876 54
1746046303560 0.06626084446907043 55
1746046309258 0.0614871010184288 56
1746046315823 0.06058185175061226 57
1746046321513 0.0663285180926323 58
1746046327608 0.06104085594415665 59
1746046333517 0.061484310775995255 60
1746046339121 0.06262252479791641 61
1746046345478 0.06176244094967842 62
1746046351210 0.05864864960312843 63
1746046357849 0.06436226516962051 64
1746046363494 0.0634457916021347 65
1746046370099 0.05868205800652504 66
1746046375727 0.058944810181856155 67
1746046382307 0.05780036002397537 68
1746046387942 0.06215173751115799 69
1746046394425 0.06368172913789749 70
1746046400299 0.060035500675439835 71
1746046406308 0.05942957475781441 72
1746046412331 0.05792998522520065 73
1746046418051 0.061092618852853775 74
1746046424528 0.0639118105173111 75
1746046430229 0.05706068500876427 76
1746046436841 0.05982425436377525 77
1746046442512 0.056583553552627563 78
1746046449155 0.06193873658776283 79
1746046454881 0.0649573802947998 80
1746046459784 0.06062399595975876 81
1746047019970 0.05783972144126892 82
1746047026518 0.06139940768480301 83
1746047032080 0.06226884946227074 84
1746047038665 0.06235012039542198 85
1746047044216 0.05618187412619591 86
1746047050554 0.061916153877973557 87
1746047056175 0.06268548220396042 88
1746047061961 0.0658319890499115 89
1746047067956 0.06260423362255096 90
1746047073595 0.06552723050117493 91
1746047080034 0.06035866215825081 92
1746047085647 0.06258667260408401 93
1746047092227 0.06538461893796921 94
1746047097877 0.05817268416285515 95
1746047104378 0.05965006723999977 96
1746047109956 0.06433002650737762 97
1746047116376 0.06121859699487686 98
1746047122047 0.06179150938987732 99
1746047128101 0.058067869395017624 100
1746047133998 0.06081761419773102 101
1746047139600 0.06400050222873688 102
1746047145957 0.0626630038022995 103
1746047151576 0.0593867264688015 104
1746047158231 0.06183271110057831 105
1746047163884 0.06019001081585884 106
1746047170438 0.06166331097483635 107
1746047176082 0.0628919005393982 108
1746047182675 0.06226753816008568 109
1746047188325 0.05919043719768524 110
1746047194582 0.06043560802936554 111
1746047200376 0.06203727424144745 112
1746047206082 0.06386254727840424 113
1746047212285 0.0635412409901619 114
1746047217948 0.058243393898010254 115
1746047224567 0.06419169902801514 116
1746047230185 0.07213673740625381 117
1746047236743 0.059477299451828 118
1746047242400 0.05437236651778221 119
1746047248968 0.053175896406173706 120
1746047254621 0.06357836723327637 121
1746047261130 0.066202811896801 122
1746047266844 0.06204698979854584 123
1746047272880 0.06457997113466263 124
1746047278891 0.06533762812614441 125
1746047284601 0.06225937604904175 126
1746047291132 0.06417872756719589 127
1746047296798 0.059711698442697525 128
1746047303371 0.06297963857650757 129
1746047309032 0.06259927898645401 130
1746047315681 0.05991680175065994 131
1746047321394 0.0609377846121788 132
1746047328014 0.056998737156391144 133
1746047333699 0.07184314727783203 134
1746047340177 0.06934216618537903 135
1746047345993 0.07185676693916321 136
1746047351977 0.0740787535905838 137
1746047358055 0.07586625963449478 138
1746047363742 0.07879398763179779 139
1746047370248 0.0768616795539856 140
1746047375948 0.07582604140043259 141
1746047382582 0.08171091228723526 142
1746047388160 0.08084079623222351 143
1746047394685 0.08221250772476196 144
1746047400252 0.07906157523393631 145
1746047406720 0.07888060063123703 146
1746047412286 0.07969792187213898 147
1746047418248 0.0879058986902237 148
1746047424176 0.07831976562738419 149
1746047429787 0.08538223803043365 150
1746047436227 0.0799090713262558 151
1746047441860 0.08166451007127762 152
1746047448394 0.08096474409103394 153
1746047454017 0.0843132883310318 154
1746047460502 0.08533758670091629 155
1746047466060 0.0785602480173111 156
1746047472541 0.08223439007997513 157
1746047478129 0.08360350131988525 158
1746047484205 0.08626680076122284 159
1746047490016 0.08441442251205444 160
1746047495617 0.0894368514418602 161
1746047501876 0.08196721225976944 162
1746047506155 0.08565466105937958 163
1746048034787 0.08748841285705566 164
1746048040746 0.08687204867601395 165
1746048046779 0.08687490969896317 166
1746048052851 0.08783513307571411 167
1746048058606 0.08969351649284363 168
1746048065034 0.09541109204292297 169
1746048070714 0.09060892462730408 170
1746048077385 0.09004119783639908 171
1746048083182 0.0910651832818985 172
1746048089814 0.09078827500343323 173
1746048095535 0.08595768362283707 174
1746048102120 0.09297958761453629 175
1746048107764 0.09728129953145981 176
1746048114035 0.09369849413633347 177
1746048119905 0.08968870341777802 178
1746048125702 0.0896621122956276 179
1746048131926 0.0908500999212265 180
1746048137628 0.09150507301092148 181
1746048144195 0.09293325990438461 182
1746048149975 0.09547612816095352 183
1746048156664 0.09535040706396103 184
1746048162381 0.100718192756176 185
1746048169059 0.0961591973900795 186
1746048174738 0.0992279127240181 187
1746048181355 0.09705453366041183 188
1746048187076 0.09969364106655121 189
1746048193275 0.10265391319990158 190
1746048199192 0.10339374840259552 191
1746048204874 0.10445031523704529 192
1746048211296 0.09979633241891861 193
1746048217009 0.10783856362104416 194
1746048223658 0.10466655343770981 195
1746048229340 0.10669489949941635 196
1746048235947 0.10238007456064224 197
1746048241520 0.10800189524888992 198
1746048248174 0.1050957590341568 199
1746048253792 0.09704072773456573 200
1746048260216 0.10593049973249435 201
1746048265928 0.09930809587240219 202
1746048271789 0.10556983947753906 203
1746048277820 0.10643380880355835 204
1746048283448 0.10078064352273941 205
1746048289954 0.1024104580283165 206
1746048295645 0.1107378825545311 207
1746048302186 0.11275047808885574 208
1746048307809 0.11680087447166443 209
1746048314343 0.11717399954795837 210
1746048320046 0.11572863161563873 211
1746048326505 0.116758331656456 212
1746048332168 0.11843831837177277 213
1746048338227 0.11312100291252136 214
1746048344157 0.11167074739933014 215
1746048349800 0.11773452907800674 216
1746048356218 0.11017230898141861 217
1746048361854 0.11755035072565079 218
1746048368437 0.11564121395349503 219
1746048374078 0.11784794181585312 220
1746048380798 0.12173513323068619 221
1746048386394 0.11286377906799316 222
1746048393017 0.1208103597164154 223
1746048398685 0.11855445802211761 224
1746048404970 0.11694163084030151 225
1746048410787 0.11635761708021164 226
1746048416630 0.12069670855998993 227
1746048422701 0.12300745397806168 228
1746048428352 0.11385596543550491 229
1746048434797 0.11883470416069031 230
1746048440500 0.12796208262443542 231
1746048447098 0.12089687585830688 232
1746048452775 0.12565983831882477 233
1746048459333 0.12840862572193146 234
1746048464996 0.12206419557332993 235
1746048471424 0.1276126205921173 236
1746048477200 0.1240503191947937 237
1746048483184 0.12545336782932281 238
1746048489211 0.12116438895463943 239
1746048494794 0.12498315423727036 240
1746048501229 0.117475226521492 241
1746048506902 0.12381792813539505 242
1746048513516 0.13076786696910858 243
1746048519181 0.12425648421049118 244
1746048524414 0.12896110117435455 245
1746049090677 0.1326455920934677 246
1746049096285 0.12766526639461517 247
1746049102763 0.12356086820363998 248
1746049108334 0.12396956235170364 249
1746049114845 0.12428324669599533 250
1746049120448 0.12157856673002243 251
1746049126431 0.12945711612701416 252
1746049132199 0.12216240167617798 253
1746049137756 0.1264112889766693 254
1746049144074 0.12631210684776306 255
1746049149629 0.12361045926809311 256
1746049156137 0.12669245898723602 257
1746049161688 0.12686927616596222 258
1746049168233 0.12701112031936646 259
1746049173859 0.12970981001853943 260
1746049180415 0.12752500176429749 261
1746049186040 0.1260194182395935 262
1746049192037 0.1282763034105301 263
1746049197954 0.12594950199127197 264
1746049203656 0.13212616741657257 265
1746049210007 0.1332656890153885 266
1746049215695 0.12676899135112762 267
1746049222351 0.12564149498939514 268
1746049228002 0.1343139111995697 269
1746049234722 0.1342889815568924 270
1746049240503 0.12853571772575378 271
1746049247191 0.13361266255378723 272
1746049252931 0.13834966719150543 273
1746049259432 0.1314757913351059 274
1746049265181 0.13243144750595093 275
1746049271002 0.12486789375543594 276
1746049276972 0.12196929007768631 277
1746049282524 0.1264234185218811 278
1746049288966 0.1343030333518982 279
1746049294698 0.1357463002204895 280
1746049301414 0.13224828243255615 281
1746049307146 0.13371679186820984 282
1746049313831 0.13303923606872559 283
1746049319576 0.13678105175495148 284
1746049326343 0.13996316492557526 285
1746049332067 0.1290506273508072 286
1746049338400 0.13231122493743896 287
1746049344245 0.13384796679019928 288
1746049350098 0.12815546989440918 289
1746049356376 0.13287568092346191 290
1746049362096 0.13722507655620575 291
1746049368642 0.1408381313085556 292
1746049374287 0.1348094940185547 293
1746049380856 0.1351832151412964 294
1746049386545 0.13592590391635895 295
1746049393122 0.13770942389965057 296
1746049398838 0.14134149253368378 297
1746049405430 0.1429821103811264 298
1746049411161 0.13347867131233215 299
1746049417319 0.13262756168842316 300
1746049423216 0.1397019624710083 301
1746049428932 0.1339481770992279 302
1746049435390 0.1349298357963562 303
1746049441077 0.13208439946174622 304
1746049447730 0.13535752892494202 305
1746049453396 0.1362883746623993 306
1746049460012 0.1308789700269699 307
1746049465722 0.13209302723407745 308
1746049472302 0.14148388803005219 309
1746049477988 0.13123257458209991 310
1746049484391 0.13632887601852417 311
1746049490110 0.13607804477214813 312
1746049495925 0.13552772998809814 313
1746049502030 0.1379491686820984 314
1746049507668 0.13791076838970184 315
1746049514091 0.14146147668361664 316
1746049519649 0.13440227508544922 317
1746049526175 0.1353054940700531 318
1746049531793 0.14246971905231476 319
1746049538360 0.14338646829128265 320
1746049543989 0.13504958152770996 321
1746049550358 0.13946731388568878 322
1746049556074 0.14078029990196228 323
1746049561961 0.1315261721611023 324
1746049567871 0.1457318812608719 325
1746049573455 0.13816142082214355 326
1746049578556 0.1366431713104248 327
