1746045974310 9.576693534851074 0
1746045980087 9.583621978759766 1
1746045986382 9.522950172424316 2
1746045992142 9.437281608581543 3
1746045997873 9.280776023864746 4
1746046003974 9.105023384094238 5
1746046009539 8.866340637207031 6
1746046016003 8.585309982299805 7
1746046021588 8.328063011169434 8
1746046028148 8.057867050170898 9
1746046033731 7.7680463790893555 10
1746046040305 7.480733394622803 11
1746046045872 7.164441108703613 12
1746046052171 6.907652854919434 13
1746046057922 6.685355186462402 14
1746046063688 6.4802374839782715 15
1746046069773 6.436244964599609 16
1746046075364 6.367915153503418 17
1746046081822 6.5206780433654785 18
1746046087451 6.492535591125488 19
1746046093975 6.6501593589782715 20
1746046099556 6.629874229431152 21
1746046106069 6.609588623046875 22
1746046111700 6.442481994628906 23
1746046118021 6.432168006896973 24
1746046123767 6.433869361877441 25
1746046129589 6.460441589355469 26
1746046135668 6.477897644042969 27
1746046141274 6.44360876083374 28
1746046147730 6.403822422027588 29
1746046153301 6.425492286682129 30
1746046159811 6.43681001663208 31
1746046165402 6.376822471618652 32
1746046171931 6.434110164642334 33
1746046177578 6.310887813568115 34
1746046183969 6.361850738525391 35
1746046189651 6.352670192718506 36
1746046195602 6.387822151184082 37
1746046201552 6.356618404388428 38
1746046207155 6.450437545776367 39
1746046213472 6.366621017456055 40
1746046219062 6.367683410644531 41
1746046225572 6.3484721183776855 42
1746046231206 6.364239692687988 43
1746046237767 6.427244186401367 44
1746046243371 6.410600185394287 45
1746046249781 6.380640983581543 46
1746046255444 6.344851970672607 47
1746046261318 6.370352745056152 48
1746046267227 6.38323974609375 49
1746046272825 6.3536152839660645 50
1746046279200 6.341070175170898 51
1746046284783 6.388284683227539 52
1746046291308 6.322035789489746 53
1746046296976 6.326326847076416 54
1746046303560 6.292348861694336 55
1746046309258 6.3212175369262695 56
1746046315823 6.3791913986206055 57
1746046321513 6.281605243682861 58
1746046327608 6.332900047302246 59
1746046333517 6.334942817687988 60
1746046339121 6.334893703460693 61
1746046345478 6.313623905181885 62
1746046351210 6.285623073577881 63
1746046357849 6.336174488067627 64
1746046363494 6.335116863250732 65
1746046370099 6.30790376663208 66
1746046375727 6.369124889373779 67
1746046382307 6.334571838378906 68
1746046387942 6.397400379180908 69
1746046394425 6.328730583190918 70
1746046400299 6.367290496826172 71
1746046406308 6.309168815612793 72
1746046412331 6.3323140144348145 73
1746046418051 6.312742233276367 74
1746046424528 6.33378791809082 75
1746046430229 6.378504276275635 76
1746046436841 6.325037002563477 77
1746046442512 6.361222267150879 78
1746046449155 6.283726215362549 79
1746046454881 6.332468032836914 80
1746046459784 6.32998514175415 81
1746047019970 6.316799163818359 82
1746047026518 6.282029628753662 83
1746047032080 6.216357707977295 84
1746047038665 6.367919445037842 85
1746047044216 6.348960876464844 86
1746047050554 6.277462482452393 87
1746047056175 6.314858436584473 88
1746047061961 6.344003200531006 89
1746047067956 6.319074630737305 90
1746047073595 6.300130367279053 91
1746047080034 6.304961681365967 92
1746047085647 6.28593635559082 93
1746047092227 6.292252540588379 94
1746047097877 6.344820022583008 95
1746047104378 6.307506561279297 96
1746047109956 6.317087650299072 97
1746047116376 6.3117852210998535 98
1746047122047 6.301220417022705 99
1746047128101 6.342248439788818 100
1746047133998 6.314797878265381 101
1746047139600 6.307732582092285 102
1746047145957 6.311501502990723 103
1746047151576 6.337223052978516 104
1746047158231 6.349112033843994 105
1746047163884 6.284090995788574 106
1746047170438 6.322446823120117 107
1746047176082 6.26560115814209 108
1746047182675 6.321642875671387 109
1746047188325 6.308001518249512 110
1746047194582 6.257935523986816 111
1746047200376 6.295917987823486 112
1746047206082 6.322908878326416 113
1746047212285 6.372589588165283 114
1746047217948 6.411548614501953 115
1746047224567 6.298921585083008 116
1746047230185 6.336621284484863 117
1746047236743 6.293254852294922 118
1746047242400 6.3068108558654785 119
1746047248968 6.287608623504639 120
1746047254621 6.330042839050293 121
1746047261130 6.268975734710693 122
1746047266844 6.365957736968994 123
1746047272880 6.3292694091796875 124
1746047278891 6.3149285316467285 125
1746047284601 6.340950012207031 126
1746047291132 6.271178245544434 127
1746047296798 6.380937576293945 128
1746047303371 6.308793544769287 129
1746047309032 6.312189102172852 130
1746047315681 6.322390556335449 131
1746047321394 6.294975280761719 132
1746047328014 6.350356578826904 133
1746047333699 6.301822662353516 134
1746047340177 6.274770259857178 135
1746047345993 6.293737888336182 136
1746047351977 6.275996208190918 137
1746047358055 6.197296619415283 138
1746047363742 6.22111177444458 139
1746047370248 6.271834373474121 140
1746047375948 6.245696544647217 141
1746047382582 6.205623626708984 142
1746047388160 6.212243556976318 143
1746047394685 6.148127555847168 144
1746047400252 6.224192142486572 145
1746047406720 6.2607421875 146
1746047412286 6.151590347290039 147
1746047418248 6.172979354858398 148
1746047424176 6.203505992889404 149
1746047429787 6.1906633377075195 150
1746047436227 6.143528461456299 151
1746047441860 6.15675163269043 152
1746047448394 6.2107696533203125 153
1746047454017 6.23070764541626 154
1746047460502 6.159260272979736 155
1746047466060 6.150173187255859 156
1746047472541 6.155994415283203 157
1746047478129 6.14520263671875 158
1746047484205 6.096182823181152 159
1746047490016 6.115883827209473 160
1746047495617 6.15880823135376 161
1746047501876 6.142894744873047 162
1746047506155 6.117378234863281 163
1746048034787 6.107215881347656 164
1746048040746 6.094301700592041 165
1746048046779 6.0624237060546875 166
1746048052851 6.041874885559082 167
1746048058606 6.1113691329956055 168
1746048065034 6.072123050689697 169
1746048070714 6.111722469329834 170
1746048077385 6.029269695281982 171
1746048083182 6.071763515472412 172
1746048089814 6.075316905975342 173
1746048095535 6.1104207038879395 174
1746048102120 6.075869560241699 175
1746048107764 6.019474983215332 176
1746048114035 6.019106388092041 177
1746048119905 6.002716064453125 178
1746048125702 6.044427871704102 179
1746048131926 6.094796657562256 180
1746048137628 6.071975231170654 181
1746048144195 5.941330909729004 182
1746048149975 6.022760391235352 183
1746048156664 5.982600212097168 184
1746048162381 6.017813682556152 185
1746048169059 6.023269176483154 186
1746048174738 5.959681034088135 187
1746048181355 6.030471324920654 188
1746048187076 5.985597610473633 189
1746048193275 5.907374382019043 190
1746048199192 6.012018203735352 191
1746048204874 5.975961208343506 192
1746048211296 6.025908470153809 193
1746048217009 5.9760637283325195 194
1746048223658 5.995704174041748 195
1746048229340 5.910436630249023 196
1746048235947 5.915988922119141 197
1746048241520 5.988434314727783 198
1746048248174 6.017736434936523 199
1746048253792 5.994905471801758 200
1746048260216 5.941813945770264 201
1746048265928 5.980108261108398 202
1746048271789 5.9821648597717285 203
1746048277820 5.882275104522705 204
1746048283448 5.972529888153076 205
1746048289954 6.001252174377441 206
1746048295645 5.907892227172852 207
1746048302186 5.855444431304932 208
1746048307809 5.860921382904053 209
1746048314343 5.862177848815918 210
1746048320046 5.8914103507995605 211
1746048326505 5.866741180419922 212
1746048332168 5.84318733215332 213
1746048338227 5.814750671386719 214
1746048344157 5.863750457763672 215
1746048349800 5.905590057373047 216
1746048356218 5.882001876831055 217
1746048361854 5.800051212310791 218
1746048368437 5.807074069976807 219
1746048374078 5.870481967926025 220
1746048380798 5.844364166259766 221
1746048386394 5.882000923156738 222
1746048393017 5.896858215332031 223
1746048398685 5.821388244628906 224
1746048404970 5.81080436706543 225
1746048410787 5.809176921844482 226
1746048416630 5.86766242980957 227
1746048422701 5.837887763977051 228
1746048428352 5.855544567108154 229
1746048434797 5.762928009033203 230
1746048440500 5.744126796722412 231
1746048447098 5.815783500671387 232
1746048452775 5.711284160614014 233
1746048459333 5.782538890838623 234
1746048464996 5.833437919616699 235
1746048471424 5.840765953063965 236
1746048477200 5.744192600250244 237
1746048483184 5.735642910003662 238
1746048489211 5.763932228088379 239
1746048494794 5.720149040222168 240
1746048501229 5.804894924163818 241
1746048506902 5.6680588722229 242
1746048513516 5.666242599487305 243
1746048519181 5.764636516571045 244
1746048524414 5.642827987670898 245
1746049090677 5.7118988037109375 246
1746049096285 5.69207239151001 247
1746049102763 5.696521282196045 248
1746049108334 5.720949649810791 249
1746049114845 5.696412086486816 250
1746049120448 5.719413757324219 251
1746049126431 5.606019020080566 252
1746049132199 5.692935466766357 253
1746049137756 5.685906410217285 254
1746049144074 5.620114803314209 255
1746049149629 5.671762943267822 256
1746049156137 5.661428451538086 257
1746049161688 5.714086055755615 258
1746049168233 5.647343158721924 259
1746049173859 5.612023830413818 260
1746049180415 5.640696048736572 261
1746049186040 5.682482719421387 262
1746049192037 5.606956481933594 263
1746049197954 5.648584365844727 264
1746049203656 5.5659894943237305 265
1746049210007 5.647528171539307 266
1746049215695 5.581826686859131 267
1746049222351 5.62090539932251 268
1746049228002 5.6218037605285645 269
1746049234722 5.596134185791016 270
1746049240503 5.601441383361816 271
1746049247191 5.605306148529053 272
1746049252931 5.546398162841797 273
1746049259432 5.601595878601074 274
1746049265181 5.616237640380859 275
1746049271002 5.705794811248779 276
1746049276972 5.730792999267578 277
1746049282524 5.679707050323486 278
1746049288966 5.616748809814453 279
1746049294698 5.599009037017822 280
1746049301414 5.555893421173096 281
1746049307146 5.504603385925293 282
1746049313831 5.527004718780518 283
1746049319576 5.569896697998047 284
1746049326343 5.522251605987549 285
1746049332067 5.6252570152282715 286
1746049338400 5.622678756713867 287
1746049344245 5.573287487030029 288
1746049350098 5.603361129760742 289
1746049356376 5.652276992797852 290
1746049362096 5.568090915679932 291
1746049368642 5.565207481384277 292
1746049374287 5.595491886138916 293
1746049380856 5.576650619506836 294
1746049386545 5.5169291496276855 295
1746049393122 5.553446292877197 296
1746049398838 5.574793338775635 297
1746049405430 5.523072719573975 298
1746049411161 5.575140476226807 299
1746049417319 5.5490522384643555 300
1746049423216 5.598094940185547 301
1746049428932 5.569596290588379 302
1746049435390 5.6067609786987305 303
1746049441077 5.685973644256592 304
1746049447730 5.583693504333496 305
1746049453396 5.549262046813965 306
1746049460012 5.6533966064453125 307
1746049465722 5.579428672790527 308
1746049472302 5.468829154968262 309
1746049477988 5.560657978057861 310
1746049484391 5.421060085296631 311
1746049490110 5.536026954650879 312
1746049495925 5.585719108581543 313
1746049502030 5.506938934326172 314
1746049507668 5.522429943084717 315
1746049514091 5.505153656005859 316
1746049519649 5.523036956787109 317
1746049526175 5.494737148284912 318
1746049531793 5.490687370300293 319
1746049538360 5.481047630310059 320
1746049543989 5.58412504196167 321
1746049550358 5.561338901519775 322
1746049556074 5.530846118927002 323
1746049561961 5.592083930969238 324
1746049567871 5.527991771697998 325
1746049573455 5.579463005065918 326
1746049578556 5.513311386108398 327
