1746045974310 0.0005263157894736842 0
1746045980087 0.0010526315789473684 1
1746045986382 0.0015789473684210526 2
1746045992142 0.002105263157894737 3
1746045997873 0.002631578947368421 4
1746046003974 0.003157894736842105 5
1746046009539 0.0036842105263157894 6
1746046016003 0.004210526315789474 7
1746046021588 0.004736842105263157 8
1746046028148 0.005263157894736842 9
1746046033731 0.005789473684210527 10
1746046040305 0.00631578947368421 11
1746046045872 0.006842105263157895 12
1746046052171 0.007368421052631579 13
1746046057922 0.007894736842105263 14
1746046063688 0.008421052631578947 15
1746046069773 0.008947368421052633 16
1746046075364 0.009473684210526315 17
1746046081822 0.01 18
1746046087451 0.009967637540453074 19
1746046093975 0.009935275080906148 20
1746046099556 0.009902912621359224 21
1746046106069 0.009870550161812298 22
1746046111700 0.009838187702265373 23
1746046118021 0.009805825242718447 24
1746046123767 0.009773462783171523 25
1746046129589 0.009741100323624595 26
1746046135668 0.00970873786407767 27
1746046141274 0.009676375404530745 28
1746046147730 0.009644012944983819 29
1746046153301 0.009611650485436893 30
1746046159811 0.009579288025889967 31
1746046165402 0.009546925566343041 32
1746046171931 0.009514563106796117 33
1746046177578 0.009482200647249191 34
1746046183969 0.009449838187702266 35
1746046189651 0.00941747572815534 36
1746046195602 0.009385113268608414 37
1746046201552 0.00935275080906149 38
1746046207155 0.009320388349514564 39
1746046213472 0.009288025889967638 40
1746046219062 0.009255663430420712 41
1746046225572 0.009223300970873786 42
1746046231206 0.00919093851132686 43
1746046237767 0.009158576051779936 44
1746046243371 0.00912621359223301 45
1746046249781 0.009093851132686084 46
1746046255444 0.009061488673139158 47
1746046261318 0.009029126213592234 48
1746046267227 0.008996763754045307 49
1746046272825 0.008964401294498383 50
1746046279200 0.008932038834951457 51
1746046284783 0.00889967637540453 52
1746046291308 0.008867313915857605 53
1746046296976 0.00883495145631068 54
1746046303560 0.008802588996763753 55
1746046309258 0.008770226537216829 56
1746046315823 0.008737864077669903 57
1746046321513 0.008705501618122977 58
1746046327608 0.008673139158576051 59
1746046333517 0.008640776699029126 60
1746046339121 0.008608414239482201 61
1746046345478 0.008576051779935276 62
1746046351210 0.00854368932038835 63
1746046357849 0.008511326860841424 64
1746046363494 0.0084789644012945 65
1746046370099 0.008446601941747572 66
1746046375727 0.008414239482200648 67
1746046382307 0.008381877022653722 68
1746046387942 0.008349514563106796 69
1746046394425 0.00831715210355987 70
1746046400299 0.008284789644012946 71
1746046406308 0.008252427184466019 72
1746046412331 0.008220064724919094 73
1746046418051 0.008187702265372169 74
1746046424528 0.008155339805825243 75
1746046430229 0.008122977346278317 76
1746046436841 0.008090614886731393 77
1746046442512 0.008058252427184467 78
1746046449155 0.00802588996763754 79
1746046454881 0.007993527508090615 80
1746046459784 0.007961165048543689 81
1746047019970 0.007928802588996763 82
1746047026518 0.007896440129449837 83
1746047032080 0.007864077669902913 84
1746047038665 0.007831715210355987 85
1746047044216 0.0077993527508090615 86
1746047050554 0.007766990291262136 87
1746047056175 0.007734627831715211 88
1746047061961 0.007702265372168285 89
1746047067956 0.00766990291262136 90
1746047073595 0.007637540453074434 91
1746047080034 0.007605177993527508 92
1746047085647 0.007572815533980583 93
1746047092227 0.007540453074433657 94
1746047097877 0.007508090614886731 95
1746047104378 0.007475728155339806 96
1746047109956 0.007443365695792881 97
1746047116376 0.007411003236245954 98
1746047122047 0.007378640776699029 99
1746047128101 0.007346278317152104 100
1746047133998 0.007313915857605178 101
1746047139600 0.007281553398058253 102
1746047145957 0.007249190938511328 103
1746047151576 0.007216828478964401 104
1746047158231 0.007184466019417476 105
1746047163884 0.007152103559870551 106
1746047170438 0.007119741100323624 107
1746047176082 0.007087378640776699 108
1746047182675 0.007055016181229773 109
1746047188325 0.007022653721682848 110
1746047194582 0.006990291262135922 111
1746047200376 0.0069579288025889965 112
1746047206082 0.0069255663430420715 113
1746047212285 0.006893203883495146 114
1746047217948 0.00686084142394822 115
1746047224567 0.006828478964401295 116
1746047230185 0.00679611650485437 117
1746047236743 0.006763754045307443 118
1746047242400 0.006731391585760518 119
1746047248968 0.006699029126213593 120
1746047254621 0.006666666666666666 121
1746047261130 0.006634304207119741 122
1746047266844 0.006601941747572816 123
1746047272880 0.0065695792880258895 124
1746047278891 0.0065372168284789645 125
1746047284601 0.0065048543689320395 126
1746047291132 0.006472491909385113 127
1746047296798 0.006440129449838188 128
1746047303371 0.006407766990291263 129
1746047309032 0.006375404530744337 130
1746047315681 0.006343042071197411 131
1746047321394 0.006310679611650486 132
1746047328014 0.00627831715210356 133
1746047333699 0.006245954692556635 134
1746047340177 0.006213592233009708 135
1746047345993 0.006181229773462783 136
1746047351977 0.006148867313915858 137
1746047358055 0.0061165048543689315 138
1746047363742 0.0060841423948220065 139
1746047370248 0.0060517799352750815 140
1746047375948 0.006019417475728155 141
1746047382582 0.00598705501618123 142
1746047388160 0.005954692556634305 143
1746047394685 0.005922330097087378 144
1746047400252 0.005889967637540453 145
1746047406720 0.005857605177993528 146
1746047412286 0.005825242718446601 147
1746047418248 0.005792880258899676 148
1746047424176 0.005760517799352751 149
1746047429787 0.005728155339805825 150
1746047436227 0.0056957928802588995 151
1746047441860 0.0056634304207119745 152
1746047448394 0.005631067961165049 153
1746047454017 0.005598705501618124 154
1746047460502 0.005566343042071198 155
1746047466060 0.005533980582524272 156
1746047472541 0.005501618122977347 157
1746047478129 0.005469255663430421 158
1746047484205 0.005436893203883495 159
1746047490016 0.00540453074433657 160
1746047495617 0.005372168284789643 161
1746047501876 0.005339805825242718 162
1746047506155 0.005307443365695793 163
1746048034787 0.005275080906148867 164
1746048040746 0.005242718446601942 165
1746048046779 0.0052103559870550166 166
1746048052851 0.005177993527508091 167
1746048058606 0.005145631067961165 168
1746048065034 0.00511326860841424 169
1746048070714 0.005080906148867314 170
1746048077385 0.005048543689320388 171
1746048083182 0.005016181229773463 172
1746048089814 0.004983818770226537 173
1746048095535 0.004951456310679612 174
1746048102120 0.004919093851132686 175
1746048107764 0.004886731391585761 176
1746048114035 0.004854368932038835 177
1746048119905 0.0048220064724919095 178
1746048125702 0.004789644012944984 179
1746048131926 0.004757281553398059 180
1746048137628 0.004724919093851133 181
1746048144195 0.004692556634304207 182
1746048149975 0.004660194174757282 183
1746048156664 0.004627831715210356 184
1746048162381 0.00459546925566343 185
1746048169059 0.004563106796116505 186
1746048174738 0.004530744336569579 187
1746048181355 0.004498381877022653 188
1746048187076 0.004466019417475728 189
1746048193275 0.0044336569579288025 190
1746048199192 0.004401294498381877 191
1746048204874 0.004368932038834952 192
1746048211296 0.004336569579288026 193
1746048217009 0.004304207119741101 194
1746048223658 0.004271844660194175 195
1746048229340 0.00423948220064725 196
1746048235947 0.004207119741100324 197
1746048241520 0.004174757281553398 198
1746048248174 0.004142394822006473 199
1746048253792 0.004110032362459547 200
1746048260216 0.004077669902912621 201
1746048265928 0.004045307443365696 202
1746048271789 0.00401294498381877 203
1746048277820 0.0039805825242718446 204
1746048283448 0.003948220064724919 205
1746048289954 0.003915857605177994 206
1746048295645 0.003883495145631068 207
1746048302186 0.0038511326860841424 208
1746048307809 0.003818770226537217 209
1746048314343 0.0037864077669902915 210
1746048320046 0.0037540453074433656 211
1746048326505 0.0037216828478964406 212
1746048332168 0.0036893203883495147 213
1746048338227 0.003656957928802589 214
1746048344157 0.003624595469255664 215
1746048349800 0.003592233009708738 216
1746048356218 0.003559870550161812 217
1746048361854 0.0035275080906148866 218
1746048368437 0.003495145631067961 219
1746048374078 0.0034627831715210357 220
1746048380798 0.00343042071197411 221
1746048386394 0.003398058252427185 222
1746048393017 0.003365695792880259 223
1746048398685 0.003333333333333333 224
1746048404970 0.003300970873786408 225
1746048410787 0.0032686084142394822 226
1746048416630 0.0032362459546925564 227
1746048422701 0.0032038834951456313 228
1746048428352 0.0031715210355987055 229
1746048434797 0.00313915857605178 230
1746048440500 0.003106796116504854 231
1746048447098 0.003074433656957929 232
1746048452775 0.0030420711974110033 233
1746048459333 0.0030097087378640774 234
1746048464996 0.0029773462783171524 235
1746048471424 0.0029449838187702265 236
1746048477200 0.0029126213592233006 237
1746048483184 0.0028802588996763756 238
1746048489211 0.0028478964401294497 239
1746048494794 0.0028155339805825243 240
1746048501229 0.002783171521035599 241
1746048506902 0.0027508090614886734 242
1746048513516 0.0027184466019417475 243
1746048519181 0.0026860841423948217 244
1746048524414 0.0026537216828478967 245
1746049090677 0.002621359223300971 246
1746049096285 0.0025889967637540453 247
1746049102763 0.00255663430420712 248
1746049108334 0.002524271844660194 249
1746049114845 0.0024919093851132686 250
1746049120448 0.002459546925566343 251
1746049126431 0.0024271844660194177 252
1746049132199 0.002394822006472492 253
1746049137756 0.0023624595469255664 254
1746049144074 0.002330097087378641 255
1746049149629 0.002297734627831715 256
1746049156137 0.0022653721682847896 257
1746049161688 0.002233009708737864 258
1746049168233 0.0022006472491909383 259
1746049173859 0.002168284789644013 260
1746049180415 0.0021359223300970874 261
1746049186040 0.002103559870550162 262
1746049192037 0.0020711974110032365 263
1746049197954 0.0020388349514563107 264
1746049203656 0.002006472491909385 265
1746049210007 0.0019741100323624593 266
1746049215695 0.001941747572815534 267
1746049222351 0.0019093851132686085 268
1746049228002 0.0018770226537216828 269
1746049234722 0.0018446601941747574 270
1746049240503 0.001812297734627832 271
1746049247191 0.001779935275080906 272
1746049252931 0.0017475728155339806 273
1746049259432 0.001715210355987055 274
1746049265181 0.0016828478964401295 275
1746049271002 0.001650485436893204 276
1746049276972 0.0016181229773462782 277
1746049282524 0.0015857605177993527 278
1746049288966 0.001553398058252427 279
1746049294698 0.0015210355987055016 280
1746049301414 0.0014886731391585762 281
1746049307146 0.0014563106796116503 282
1746049313831 0.0014239482200647249 283
1746049319576 0.0013915857605177994 284
1746049326343 0.0013592233009708738 285
1746049332067 0.0013268608414239483 286
1746049338400 0.0012944983818770227 287
1746049344245 0.001262135922330097 288
1746049350098 0.0012297734627831716 289
1746049356376 0.001197411003236246 290
1746049362096 0.0011650485436893205 291
1746049368642 0.0011326860841423948 292
1746049374287 0.0011003236245954692 293
1746049380856 0.0010679611650485437 294
1746049386545 0.0010355987055016183 295
1746049393122 0.0010032362459546926 296
1746049398838 0.000970873786407767 297
1746049405430 0.0009385113268608414 298
1746049411161 0.000906148867313916 299
1746049417319 0.0008737864077669903 300
1746049423216 0.0008414239482200647 301
1746049428932 0.0008090614886731391 302
1746049435390 0.0007766990291262135 303
1746049441077 0.0007443365695792881 304
1746049447730 0.0007119741100323624 305
1746049453396 0.0006796116504854369 306
1746049460012 0.0006472491909385113 307
1746049465722 0.0006148867313915858 308
1746049472302 0.0005825242718446602 309
1746049477988 0.0005501618122977346 310
1746049484391 0.0005177993527508091 311
1746049490110 0.0004854368932038835 312
1746049495925 0.000453074433656958 313
1746049502030 0.0004207119741100324 314
1746049507668 0.00038834951456310677 315
1746049514091 0.0003559870550161812 316
1746049519649 0.00032362459546925567 317
1746049526175 0.0002912621359223301 318
1746049531793 0.00025889967637540457 319
1746049538360 0.000226537216828479 320
1746049543989 0.00019417475728155338 321
1746049550358 0.00016181229773462783 322
1746049556074 0.00012944983818770228 323
1746049561961 9.708737864077669e-05 324
1746049567871 6.472491909385114e-05 325
1746049573455 3.236245954692557e-05 326
1746049578556 0.0 327
