1745172935568 9.341208457946777 0
1745172935854 9.247490882873535 1
1745172936126 9.14536190032959 2
1745172936396 9.05289363861084 3
1745172936672 8.949776649475098 4
1745172936943 8.836091041564941 5
1745172937212 8.745863914489746 6
1745172937480 8.635039329528809 7
1745172937754 8.539348602294922 8
1745172938042 8.426081657409668 9
1745172938313 8.342191696166992 10
1745172938584 8.239974021911621 11
1745172938855 8.168354988098145 12
1745172939129 8.094395637512207 13
1745172939400 7.99165153503418 14
1745172939670 7.939482688903809 15
1745172939943 7.887840747833252 16
1745172940220 7.772752285003662 17
1745172940496 7.720539093017578 18
1745172940769 7.632268905639648 19
1745172941042 7.596909523010254 20
1745172941312 7.5056891441345215 21
1745172941584 7.438236713409424 22
1745172941857 7.353236198425293 23
1745172942127 7.286329746246338 24
1745172942399 7.241512298583984 25
1745172942683 7.1726813316345215 26
1745172942956 7.104674816131592 27
1745172943228 7.0676774978637695 28
1745172943499 6.984348297119141 29
1745172943772 6.944477558135986 30
1745172944044 6.897681713104248 31
1745172944315 6.8558831214904785 32
1745172944587 6.807654857635498 33
1745172944889 6.774008274078369 34
1745172945163 6.709537029266357 35
1745172945437 6.654114723205566 36
1745172945709 6.591093063354492 37
1745172945993 6.60479211807251 38
1745172946266 6.557199478149414 39
1745172946540 6.523734092712402 40
1745172946817 6.532322406768799 41
1745172947088 6.473197937011719 42
1745172947379 6.419646263122559 43
1745172947652 6.439766883850098 44
1745172947925 6.404112815856934 45
1745172948197 6.385146141052246 46
1745172948470 6.364890098571777 47
1745172948743 6.3320112228393555 48
1745172949017 6.278345584869385 49
1745172949289 6.267920017242432 50
1745172949562 6.240077018737793 51
1745172949842 6.284891128540039 52
1745172950120 6.231100559234619 53
1745172950391 6.223422050476074 54
1745172950665 6.207858085632324 55
1745172950938 6.219575881958008 56
1745172951214 6.210968971252441 57
1745172951487 6.173026084899902 58
1745172951761 6.203908920288086 59
1745172951979 6.159151077270508 60
1745172955415 6.129293441772461 61
1745172955688 6.125296115875244 62
1745172955962 6.1142964363098145 63
1745172956238 6.150635242462158 64
1745172956527 6.098351955413818 65
1745172956802 6.068413734436035 66
1745172957074 6.101818084716797 67
1745172957350 6.106600761413574 68
1745172957622 6.107418537139893 69
1745172957898 6.083711624145508 70
1745172958175 6.066835880279541 71
1745172958464 6.033637523651123 72
1745172958736 6.024337291717529 73
1745172959020 6.001248836517334 74
1745172959297 6.064740180969238 75
1745172959576 5.99769926071167 76
1745172959853 6.013000011444092 77
1745172960126 6.095104694366455 78
1745172960406 6.014077186584473 79
1745172960683 6.004130840301514 80
1745172960960 5.959100723266602 81
1745172961234 6.010032653808594 82
1745172961509 6.00462007522583 83
1745172961785 5.984648704528809 84
1745172962062 5.990797996520996 85
1745172962335 5.902495861053467 86
1745172962606 5.944360733032227 87
1745172962882 5.975358009338379 88
1745172963155 5.953896522521973 89
1745172963431 5.8948588371276855 90
1745172963707 5.933259010314941 91
1745172963996 5.93909215927124 92
1745172964269 5.926656246185303 93
1745172964545 5.937561511993408 94
1745172964818 5.886219024658203 95
1745172965094 5.901593208312988 96
1745172965367 5.843133449554443 97
1745172965643 5.864599227905273 98
1745172965918 5.919584274291992 99
1745172966208 5.836018085479736 100
1745172966487 5.853287220001221 101
1745172966760 5.833236217498779 102
1745172967035 5.822244167327881 103
1745172967308 5.786973476409912 104
1745172967584 5.870192050933838 105
1745172967859 5.77165412902832 106
1745172968133 5.806870460510254 107
1745172968421 5.758975028991699 108
1745172968696 5.7545576095581055 109
1745172968970 5.802926063537598 110
1745172969244 5.736368179321289 111
1745172969519 5.686972141265869 112
1745172969793 5.768867492675781 113
1745172970067 5.746179103851318 114
1745172970340 5.705325126647949 115
1745172970618 5.692210674285889 116
1745172970893 5.805258750915527 117
1745172971170 5.70819616317749 118
1745172971442 5.750224590301514 119
1745172971719 5.729591369628906 120
1745172971928 5.706193447113037 121
1745172975391 5.585577487945557 122
1745172975667 5.617079734802246 123
1745172975956 5.638431549072266 124
1745172976233 5.672964572906494 125
1745172976506 5.636939525604248 126
1745172976782 5.679777145385742 127
1745172977059 5.648730278015137 128
1745172977333 5.60114860534668 129
1745172977610 5.676512718200684 130
1745172977884 5.618483066558838 131
1745172978163 5.622199058532715 132
1745172978441 5.624008655548096 133
1745172978718 5.576822757720947 134
1745172978995 5.605996131896973 135
1745172979273 5.5926384925842285 136
1745172979546 5.592351913452148 137
1745172979822 5.548516750335693 138
1745172980097 5.524356842041016 139
1745172980389 5.5698370933532715 140
1745172980663 5.5551629066467285 141
1745172980939 5.539393424987793 142
1745172981214 5.51643180847168 143
1745172981490 5.542494297027588 144
1745172981767 5.5069260597229 145
1745172982041 5.465564250946045 146
1745172982318 5.548810005187988 147
1745172982605 5.4907660484313965 148
1745172982882 5.4196319580078125 149
1745172983157 5.556216239929199 150
1745172983434 5.475900650024414 151
1745172983709 5.400812149047852 152
1745172983984 5.420866012573242 153
1745172984260 5.435205936431885 154
1745172984536 5.478244781494141 155
1745172984812 5.4890546798706055 156
1745172985098 5.3603973388671875 157
1745172985374 5.39952278137207 158
1745172985653 5.408074855804443 159
1745172985932 5.432295799255371 160
1745172986209 5.448287010192871 161
1745172986492 5.33181619644165 162
1745172986769 5.408842086791992 163
1745172987046 5.462766170501709 164
1745172987323 5.447882652282715 165
1745172987601 5.366144180297852 166
1745172987877 5.447455883026123 167
1745172988154 5.401036262512207 168
1745172988429 5.5069580078125 169
1745172988707 5.344171524047852 170
1745172988984 5.301785469055176 171
1745172989257 5.378786087036133 172
1745172989534 5.33343505859375 173
1745172989814 5.372148513793945 174
1745172990102 5.3850603103637695 175
1745172990378 5.380990505218506 176
1745172990653 5.409784317016602 177
1745172990931 5.314244747161865 178
1745172991207 5.4502482414245605 179
1745172991482 5.3553595542907715 180
1745172991758 5.422851085662842 181
1745172991965 5.390944957733154 182
1745172995466 5.249906063079834 183
1745172995740 5.226777076721191 184
1745172996016 5.264811992645264 185
1745172996293 5.317519187927246 186
1745172996570 5.214687824249268 187
1745172996847 5.310669422149658 188
1745172997124 5.231910228729248 189
1745172997402 5.334437847137451 190
1745172997680 5.262429237365723 191
1745172997960 5.250767230987549 192
1745172998234 5.247256278991699 193
1745172998514 5.216511249542236 194
1745172998793 5.248379707336426 195
1745172999078 5.246698379516602 196
1745172999354 5.219593048095703 197
1745172999636 5.221664905548096 198
1745172999928 5.229556560516357 199
1745173000206 5.189977169036865 200
1745173000484 5.331027507781982 201
1745173000763 5.211162567138672 202
1745173001038 5.24345588684082 203
1745173001315 5.206392288208008 204
1745173001593 5.266726970672607 205
1745173001871 5.231692790985107 206
1745173002147 5.141777515411377 207
1745173002435 5.2139153480529785 208
1745173002712 5.260030746459961 209
1745173002992 5.129569053649902 210
1745173003275 5.181922435760498 211
1745173003552 5.24198055267334 212
1745173003828 5.220031261444092 213
1745173004107 5.255099296569824 214
1745173004381 5.171929359436035 215
1745173004671 5.206165790557861 216
1745173004946 5.136730670928955 217
1745173005225 5.184222221374512 218
1745173005502 5.15446662902832 219
1745173005778 5.218234062194824 220
1745173006056 5.191966533660889 221
1745173006333 5.168034553527832 222
1745173006609 5.14930534362793 223
1745173006897 5.088871002197266 224
1745173007174 5.112103462219238 225
1745173007455 5.194563865661621 226
1745173007733 5.22860860824585 227
1745173008009 5.149812698364258 228
1745173008288 5.147343635559082 229
1745173008566 5.18969202041626 230
1745173008844 5.150978088378906 231
1745173009121 5.087287902832031 232
1745173009397 5.178003311157227 233
1745173009672 5.012606143951416 234
1745173009950 5.065892696380615 235
1745173010227 5.0436272621154785 236
1745173010507 5.080047130584717 237
1745173010786 5.130708694458008 238
1745173011067 5.098330974578857 239
1745173011345 5.132786750793457 240
1745173011623 5.061613082885742 241
1745173011902 5.060259819030762 242
1745173012107 5.074898719787598 243
1745173015610 5.028355121612549 244
1745173015888 5.000359058380127 245
1745173016168 5.059770107269287 246
1745173016443 5.0019612312316895 247
1745173016722 5.0621442794799805 248
1745173017002 5.071861743927002 249
1745173017280 5.118564605712891 250
1745173017555 4.954682350158691 251
1745173017833 5.096325397491455 252
1745173018112 5.098097801208496 253
1745173018391 5.004400253295898 254
1745173018668 5.052992820739746 255
1745173018948 4.970695495605469 256
1745173019230 4.862008571624756 257
1745173019506 5.068201065063477 258
1745173019782 5.073337554931641 259
1745173020062 5.034261226654053 260
1745173020339 4.995999813079834 261
1745173020616 4.937445640563965 262
1745173020898 5.049840927124023 263
1745173021177 5.005679607391357 264
1745173021463 5.093424320220947 265
1745173021743 5.011812686920166 266
1745173022020 5.00697135925293 267
1745173022296 5.030125617980957 268
1745173022573 4.977746486663818 269
1745173022849 5.043825149536133 270
1745173023126 4.919849395751953 271
1745173023409 4.889655590057373 272
1745173023697 4.990499019622803 273
1745173023978 4.976233005523682 274
1745173024258 5.000062942504883 275
1745173024539 5.027014255523682 276
1745173024819 5.068702220916748 277
1745173025107 4.913383483886719 278
1745173025383 4.915988445281982 279
1745173025664 4.9499711990356445 280
1745173025944 4.893620014190674 281
1745173026225 4.9977898597717285 282
1745173026513 4.9475579261779785 283
1745173026793 5.04371976852417 284
1745173027072 4.911947250366211 285
1745173027348 4.967330455780029 286
1745173027628 4.953888893127441 287
1745173027907 4.852509498596191 288
1745173028186 4.9089202880859375 289
1745173028462 4.918644905090332 290
1745173028753 4.971872806549072 291
1745173029030 4.961043834686279 292
1745173029306 4.968208312988281 293
1745173029585 4.959262371063232 294
1745173029863 4.961236000061035 295
1745173030140 4.941634178161621 296
1745173030419 4.999932289123535 297
1745173030700 4.951546669006348 298
1745173030988 4.899855613708496 299
1745173031268 4.935403347015381 300
1745173031548 4.814681053161621 301
1745173031827 4.837040424346924 302
1745173032104 4.931038856506348 303
1745173032312 4.852522373199463 304
1745173035843 4.862305641174316 305
1745173036134 4.836794853210449 306
1745173036416 4.993567943572998 307
1745173036697 4.858642578125 308
1745173036980 4.851851940155029 309
1745173037262 4.949880599975586 310
1745173037548 4.85487699508667 311
1745173037829 4.866994380950928 312
1745173038111 4.840865135192871 313
1745173038396 4.843903541564941 314
1745173038688 4.82509708404541 315
1745173038971 4.804417610168457 316
1745173039250 4.943961143493652 317
1745173039530 4.842172145843506 318
1745173039810 4.880552291870117 319
1745173040093 4.898642063140869 320
1745173040369 4.9215497970581055 321
1745173040648 4.833465099334717 322
1745173040926 4.825304985046387 323
1745173041218 4.854421138763428 324
1745173041499 4.839176177978516 325
1745173041778 4.767995834350586 326
1745173042056 4.885652542114258 327
1745173042334 4.745761394500732 328
1745173042612 4.799246788024902 329
1745173042894 4.855826377868652 330
1745173043173 4.752096652984619 331
1745173043463 4.797527313232422 332
1745173043744 4.752084732055664 333
1745173044023 4.812459468841553 334
1745173044301 4.826048851013184 335
1745173044579 4.772393226623535 336
1745173044860 4.839278221130371 337
1745173045141 4.780502796173096 338
1745173045424 4.811926364898682 339
1745173045703 4.807352066040039 340
1745173045982 4.768249988555908 341
1745173046261 4.843969345092773 342
1745173046541 4.794663906097412 343
1745173046823 4.75749397277832 344
1745173047105 4.788609504699707 345
1745173047384 4.830049991607666 346
1745173047661 4.823832988739014 347
1745173047942 4.7979817390441895 348
1745173048222 4.743778228759766 349
1745173048500 4.867711067199707 350
1745173048777 4.784955024719238 351
1745173049057 4.790270805358887 352
1745173049340 4.777153015136719 353
1745173049621 4.7580037117004395 354
1745173049900 4.855027675628662 355
1745173050176 4.752980709075928 356
1745173050461 4.716561794281006 357
1745173050742 4.792794704437256 358
1745173051022 4.859920501708984 359
1745173051302 4.724753379821777 360
1745173051583 4.717941761016846 361
1745173051868 4.736740589141846 362
1745173052161 4.781625747680664 363
1745173052443 4.758742809295654 364
1745173052652 4.871891975402832 365
1745173056206 4.84857177734375 366
1745173056485 4.783239364624023 367
1745173056766 4.65260648727417 368
1745173057046 4.7716898918151855 369
1745173057326 4.801535606384277 370
1745173057604 4.767736911773682 371
1745173057887 4.642437934875488 372
1745173058177 4.662966728210449 373
1745173058455 4.659852027893066 374
1745173058735 4.6609978675842285 375
1745173059016 4.70393180847168 376
1745173059300 4.661068916320801 377
1745173059583 4.668930530548096 378
1745173059862 4.7676544189453125 379
1745173060139 4.683917999267578 380
1745173060421 4.689931392669678 381
1745173060704 4.753298282623291 382
1745173060987 4.687541961669922 383
1745173061268 4.678948879241943 384
1745173061551 4.752495288848877 385
1745173061830 4.7632036209106445 386
1745173062111 4.7260308265686035 387
1745173062391 4.674045562744141 388
1745173062671 4.634214401245117 389
1745173062967 4.723898410797119 390
1745173063245 4.7610063552856445 391
1745173063532 4.682826519012451 392
1745173063811 4.704057693481445 393
1745173064092 4.71165132522583 394
1745173064372 4.589860439300537 395
1745173064655 4.630599021911621 396
1745173064940 4.694037914276123 397
1745173065224 4.6396803855896 398
1745173065505 4.744441032409668 399
1745173065798 4.720232009887695 400
1745173066079 4.655374526977539 401
1745173066362 4.729471683502197 402
1745173066644 4.717719078063965 403
1745173066926 4.661689281463623 404
1745173067209 4.728639125823975 405
1745173067489 4.7467241287231445 406
1745173067766 4.675313472747803 407
1745173068060 4.696405410766602 408
1745173068338 4.575034141540527 409
1745173068617 4.668358325958252 410
1745173068898 4.683591842651367 411
1745173069180 4.57607364654541 412
1745173069463 4.726190090179443 413
1745173069744 4.676209926605225 414
1745173070022 4.679089546203613 415
1745173070316 4.722723484039307 416
1745173070599 4.6522393226623535 417
1745173070883 4.704827308654785 418
1745173071166 4.659864902496338 419
1745173071446 4.662916660308838 420
1745173071724 4.640600681304932 421
1745173072004 4.601691722869873 422
1745173072286 4.651072978973389 423
1745173072577 4.604828834533691 424
1745173072858 4.6944499015808105 425
1745173073068 4.442419528961182 426
1745173076642 4.540865421295166 427
1745173076925 4.643759727478027 428
1745173077209 4.630918502807617 429
1745173077495 4.616110801696777 430
1745173077779 4.530139923095703 431
1745173078074 4.572438716888428 432
1745173078354 4.681152820587158 433
1745173078634 4.5936665534973145 434
1745173078915 4.646589279174805 435
1745173079195 4.596481800079346 436
1745173079477 4.531376838684082 437
1745173079760 4.59910774230957 438
1745173080044 4.61929178237915 439
1745173080334 4.624854564666748 440
1745173080614 4.620139122009277 441
1745173080895 4.696958541870117 442
1745173081177 4.708194732666016 443
1745173081461 4.515496253967285 444
1745173081743 4.588842391967773 445
1745173082026 4.565227031707764 446
1745173082309 4.513901710510254 447
1745173082603 4.6284966468811035 448
1745173082881 4.539514541625977 449
1745173083164 4.592894554138184 450
1745173083445 4.6398515701293945 451
1745173083729 4.575900077819824 452
1745173084012 4.560535907745361 453
1745173084295 4.598797798156738 454
1745173084578 4.558358192443848 455
1745173084869 4.612997531890869 456
1745173085149 4.564667224884033 457
1745173085430 4.5936737060546875 458
1745173085713 4.63087797164917 459
1745173085995 4.5471343994140625 460
1745173086278 4.575417518615723 461
1745173086562 4.599093437194824 462
1745173086845 4.536436080932617 463
1745173087130 4.562748908996582 464
1745173087416 4.521186828613281 465
1745173087699 4.580837249755859 466
1745173087982 4.567418098449707 467
1745173088266 4.578019142150879 468
1745173088550 4.5557861328125 469
1745173088833 4.599172592163086 470
1745173089117 4.6272149085998535 471
1745173089400 4.5163044929504395 472
1745173089682 4.576900482177734 473
1745173089981 4.641091346740723 474
1745173090264 4.572774887084961 475
1745173090542 4.5167412757873535 476
1745173090835 4.56529426574707 477
1745173091121 4.570305347442627 478
1745173091404 4.481356143951416 479
1745173091687 4.597588539123535 480
1745173091970 4.551815509796143 481
1745173092260 4.629701137542725 482
1745173092540 4.437049388885498 483
1745173092822 4.521107196807861 484
1745173093104 4.55772066116333 485
1745173093387 4.507968425750732 486
1745173093595 4.589139938354492 487
1745173097174 4.558526992797852 488
1745173097465 4.5008721351623535 489
1745173097746 4.5131144523620605 490
1745173098032 4.5664448738098145 491
1745173098312 4.521810054779053 492
1745173098596 4.441088676452637 493
1745173098878 4.45734977722168 494
1745173099162 4.520035266876221 495
1745173099444 4.410752773284912 496
1745173099738 4.580615520477295 497
1745173100017 4.457475185394287 498
1745173100297 4.529568672180176 499
1745173100580 4.546047210693359 500
1745173100864 4.5798869132995605 501
1745173101147 4.491824626922607 502
1745173101431 4.503597736358643 503
1745173101716 4.423819065093994 504
1745173102006 4.515921115875244 505
1745173102288 4.50773811340332 506
1745173102573 4.498621940612793 507
1745173102852 4.509094715118408 508
1745173103133 4.478600025177002 509
1745173103417 4.38602876663208 510
1745173103699 4.504642486572266 511
1745173103981 4.473057746887207 512
1745173104264 4.559660911560059 513
1745173104548 4.416594505310059 514
1745173104837 4.429322242736816 515
1745173105119 4.44278621673584 516
1745173105400 4.481906890869141 517
1745173105684 4.40825891494751 518
1745173105968 4.549166202545166 519
1745173106250 4.490128517150879 520
1745173106533 4.442621231079102 521
1745173106817 4.517292499542236 522
1745173107107 4.428349494934082 523
1745173107387 4.443604946136475 524
1745173107669 4.605893611907959 525
1745173107951 4.359107494354248 526
1745173108236 4.443272113800049 527
1745173108519 4.55233907699585 528
1745173108802 4.497143268585205 529
1745173109086 4.427135467529297 530
1745173109370 4.501717567443848 531
1745173109655 4.589168548583984 532
1745173109937 4.468747138977051 533
1745173110221 4.423880100250244 534
1745173110504 4.527538776397705 535
1745173110786 4.47135066986084 536
1745173111070 4.469445705413818 537
1745173111354 4.393555641174316 538
1745173111637 4.508319854736328 539
1745173111929 4.451688766479492 540
1745173112209 4.457966327667236 541
1745173112493 4.4973931312561035 542
1745173112775 4.504758834838867 543
1745173113058 4.461869239807129 544
1745173113343 4.436176776885986 545
1745173113627 4.488700866699219 546
1745173113911 4.504751682281494 547
1745173114132 4.47398042678833 548
1745173117735 4.4168219566345215 549
1745173118017 4.275448799133301 550
1745173118301 4.438732624053955 551
1745173118586 4.40047550201416 552
1745173118869 4.42186975479126 553
1745173119154 4.4188408851623535 554
1745173119446 4.401665210723877 555
1745173119726 4.481081485748291 556
1745173120008 4.4147257804870605 557
1745173120291 4.395474910736084 558
1745173120576 4.375227451324463 559
1745173120859 4.424501895904541 560
1745173121143 4.3351054191589355 561
1745173121426 4.421200752258301 562
1745173121716 4.371325969696045 563
1745173121995 4.382421016693115 564
1745173122278 4.403021335601807 565
1745173122561 4.369434356689453 566
1745173122846 4.464604377746582 567
1745173123130 4.3808207511901855 568
1745173123413 4.475485324859619 569
1745173123697 4.443880081176758 570
1745173123980 4.405794143676758 571
1745173124264 4.464107513427734 572
1745173124546 4.348318099975586 573
1745173124830 4.543912887573242 574
1745173125115 4.412336826324463 575
1745173125400 4.411724090576172 576
1745173125684 4.309882640838623 577
1745173125966 4.404892921447754 578
1745173126250 4.408545017242432 579
1745173126545 4.417710781097412 580
1745173126826 4.445236682891846 581
1745173127107 4.4006195068359375 582
1745173127388 4.393492221832275 583
1745173127673 4.349859714508057 584
1745173127958 4.309983253479004 585
1745173128240 4.416606903076172 586
1745173128522 4.348640441894531 587
1745173128807 4.371586799621582 588
1745173129110 4.468156337738037 589
1745173129393 4.4723219871521 590
1745173129678 4.313188076019287 591
1745173129961 4.416220188140869 592
1745173130245 4.397784233093262 593
1745173130528 4.375861644744873 594
1745173130813 4.357130527496338 595
1745173131097 4.384616851806641 596
1745173131380 4.412746906280518 597
1745173131672 4.4179582595825195 598
1745173131952 4.458142280578613 599
1745173132234 4.417470455169678 600
1745173132518 4.31901216506958 601
1745173132802 4.360833644866943 602
1745173133086 4.478489398956299 603
1745173133370 4.462859630584717 604
1745173133654 4.4132771492004395 605
1745173133951 4.407061576843262 606
1745173134237 4.3895792961120605 607
1745173134516 4.325371742248535 608
1745173134726 4.495841979980469 609
