1745172935568 7.093707972671837e-05 0
1745172935854 0.00021428571199066937 1
1745172936126 0.0015855795936658978 2
1745172936396 0.007436229847371578 3
1745172936672 0.019028954207897186 4
1745172936943 0.03910089656710625 5
1745172937212 0.053876157850027084 6
1745172937480 0.07153614610433578 7
1745172937754 0.06821378320455551 8
1745172938042 0.07508820295333862 9
1745172938313 0.06069030985236168 10
1745172938584 0.07127200812101364 11
1745172938855 0.07145006209611893 12
1745172939129 0.07604007422924042 13
1745172939400 0.07417768985033035 14
1745172939670 0.07362902909517288 15
1745172939943 0.06952463835477829 16
1745172940220 0.07055869698524475 17
1745172940496 0.06999281793832779 18
1745172940769 0.07089576870203018 19
1745172941042 0.06880059093236923 20
1745172941312 0.07160229235887527 21
1745172941584 0.06913254410028458 22
1745172941857 0.07265643030405045 23
1745172942127 0.07928548753261566 24
1745172942399 0.0745290145277977 25
1745172942683 0.07363642752170563 26
1745172942956 0.07457803189754486 27
1745172943228 0.0688878521323204 28
1745172943499 0.07181202620267868 29
1745172943772 0.07065217196941376 30
1745172944044 0.0742303878068924 31
1745172944315 0.07187382876873016 32
1745172944587 0.07493050396442413 33
1745172944889 0.06793133169412613 34
1745172945163 0.0743921771645546 35
1745172945437 0.07104615867137909 36
1745172945709 0.07168702036142349 37
1745172945993 0.06819558143615723 38
1745172946266 0.07347366958856583 39
1745172946540 0.07232996821403503 40
1745172946817 0.07002881914377213 41
1745172947088 0.06242935359477997 42
1745172947379 0.07379457354545593 43
1745172947652 0.06632009148597717 44
1745172947925 0.07169613987207413 45
1745172948197 0.07365036755800247 46
1745172948470 0.07895423471927643 47
1745172948743 0.07121869921684265 48
1745172949017 0.0803927406668663 49
1745172949289 0.07619127631187439 50
1745172949562 0.0853494182229042 51
1745172949842 0.07655975967645645 52
1745172950120 0.08581740409135818 53
1745172950391 0.08239922672510147 54
1745172950665 0.082218699157238 55
1745172950938 0.07694362848997116 56
1745172951214 0.08774673938751221 57
1745172951487 0.09449068456888199 58
1745172951761 0.09506995230913162 59
1745172951979 0.09705882519483566 60
1745172955415 0.10051587969064713 61
1745172955688 0.10052812099456787 62
1745172955962 0.10682429373264313 63
1745172956238 0.10669848322868347 64
1745172956527 0.09688468277454376 65
1745172956802 0.10971280932426453 66
1745172957074 0.10177286714315414 67
1745172957350 0.10691823810338974 68
1745172957622 0.1062534973025322 69
1745172957898 0.10455896705389023 70
1745172958175 0.11237157881259918 71
1745172958464 0.11021047830581665 72
1745172958736 0.1087879166007042 73
1745172959020 0.11706336587667465 74
1745172959297 0.10889023542404175 75
1745172959576 0.11740676313638687 76
1745172959853 0.11646384745836258 77
1745172960126 0.11073025315999985 78
1745172960406 0.1196068525314331 79
1745172960683 0.11941716820001602 80
1745172960960 0.12771759927272797 81
1745172961234 0.12242119014263153 82
1745172961509 0.11898037046194077 83
1745172961785 0.12283159792423248 84
1745172962062 0.12717412412166595 85
1745172962335 0.12333039939403534 86
1745172962606 0.12869073450565338 87
1745172962882 0.11957446485757828 88
1745172963155 0.13168390095233917 89
1745172963431 0.13134348392486572 90
1745172963707 0.12618817389011383 91
1745172963996 0.1269625723361969 92
1745172964269 0.1311953365802765 93
1745172964545 0.13277596235275269 94
1745172964818 0.1378692388534546 95
1745172965094 0.1269841343164444 96
1745172965367 0.13376885652542114 97
1745172965643 0.13065040111541748 98
1745172965918 0.13137558102607727 99
1745172966208 0.13541196286678314 100
1745172966487 0.12783434987068176 101
1745172966760 0.1386670172214508 102
1745172967035 0.13991519808769226 103
1745172967308 0.13946811854839325 104
1745172967584 0.13682277500629425 105
1745172967859 0.14726459980010986 106
1745172968133 0.1374739408493042 107
1745172968421 0.14747871458530426 108
1745172968696 0.14363518357276917 109
1745172968970 0.13684707880020142 110
1745172969244 0.14016421139240265 111
1745172969519 0.1535237729549408 112
1745172969793 0.14628086984157562 113
1745172970067 0.14008484780788422 114
1745172970340 0.1511494219303131 115
1745172970618 0.1523493528366089 116
1745172970893 0.14362777769565582 117
1745172971170 0.1528450846672058 118
1745172971442 0.15320314466953278 119
1745172971719 0.15236271917819977 120
1745172971928 0.1506246030330658 121
1745172975391 0.15925233066082 122
1745172975667 0.15295295417308807 123
1745172975956 0.16039589047431946 124
1745172976233 0.15512506663799286 125
1745172976506 0.16048480570316315 126
1745172976782 0.15516622364521027 127
1745172977059 0.1538461595773697 128
1745172977333 0.1616547405719757 129
1745172977610 0.15343602001667023 130
1745172977884 0.15411773324012756 131
1745172978163 0.15057198703289032 132
1745172978441 0.1572331339120865 133
1745172978718 0.16152450442314148 134
1745172978995 0.1568739265203476 135
1745172979273 0.15826833248138428 136
1745172979546 0.15566949546337128 137
1745172979822 0.16823969781398773 138
1745172980097 0.1653795689344406 139
1745172980389 0.16241762042045593 140
1745172980663 0.1612434685230255 141
1745172980939 0.16515964269638062 142
1745172981214 0.1657993048429489 143
1745172981490 0.1618216335773468 144
1745172981767 0.16265016794204712 145
1745172982041 0.1659555733203888 146
1745172982318 0.165953129529953 147
1745172982605 0.1683104783296585 148
1745172982882 0.1678599864244461 149
1745172983157 0.16289560496807098 150
1745172983434 0.1687629520893097 151
1745172983709 0.17689694464206696 152
1745172983984 0.17449621856212616 153
1745172984260 0.1718175858259201 154
1745172984536 0.16328442096710205 155
1745172984812 0.1731540858745575 156
1745172985098 0.1786431223154068 157
1745172985374 0.16814158856868744 158
1745172985653 0.16999559104442596 159
1745172985932 0.16613122820854187 160
1745172986209 0.16886116564273834 161
1745172986492 0.177806556224823 162
1745172986769 0.17508624494075775 163
1745172987046 0.1678687334060669 164
1745172987323 0.16742946207523346 165
1745172987601 0.16824831068515778 166
1745172987877 0.1709732711315155 167
1745172988154 0.17202314734458923 168
1745172988429 0.16341723501682281 169
1745172988707 0.17967036366462708 170
1745172988984 0.1810522824525833 171
1745172989257 0.1780935823917389 172
1745172989534 0.17889630794525146 173
1745172989814 0.1852922886610031 174
1745172990102 0.17422078549861908 175
1745172990378 0.17878907918930054 176
1745172990653 0.17394666373729706 177
1745172990931 0.181742861866951 178
1745172991207 0.1683592051267624 179
1745172991482 0.1801411211490631 180
1745172991758 0.16811594367027283 181
1745172991965 0.16841016709804535 182
1745172995466 0.1829259842634201 183
1745172995740 0.18601365387439728 184
1745172996016 0.1921178251504898 185
1745172996293 0.18585455417633057 186
1745172996570 0.18537220358848572 187
1745172996847 0.1823200136423111 188
1745172997124 0.18455566465854645 189
1745172997402 0.1755283921957016 190
1745172997680 0.18435382843017578 191
1745172997960 0.18365122377872467 192
1745172998234 0.18753501772880554 193
1745172998514 0.18468229472637177 194
1745172998793 0.18026088178157806 195
1745172999078 0.185679093003273 196
1745172999354 0.18912748992443085 197
1745172999636 0.19114676117897034 198
1745172999928 0.1943933516740799 199
1745173000206 0.19044463336467743 200
1745173000484 0.18096649646759033 201
1745173000763 0.19042877852916718 202
1745173001038 0.187844380736351 203
1745173001315 0.19290202856063843 204
1745173001593 0.18918468058109283 205
1745173001871 0.188238263130188 206
1745173002147 0.1956937313079834 207
1745173002435 0.1964646428823471 208
1745173002712 0.18675611913204193 209
1745173002992 0.20006440579891205 210
1745173003275 0.1867566555738449 211
1745173003552 0.189308762550354 212
1745173003828 0.18906250596046448 213
1745173004107 0.18718431890010834 214
1745173004381 0.1977999359369278 215
1745173004671 0.19596673548221588 216
1745173004946 0.19395360350608826 217
1745173005225 0.19556953012943268 218
1745173005502 0.1978003978729248 219
1745173005778 0.19625738263130188 220
1745173006056 0.19498777389526367 221
1745173006333 0.19634872674942017 222
1745173006609 0.20205993950366974 223
1745173006897 0.20167292654514313 224
1745173007174 0.20226581394672394 225
1745173007455 0.19045278429985046 226
1745173007733 0.18692940473556519 227
1745173008009 0.19324803352355957 228
1745173008288 0.19499215483665466 229
1745173008566 0.19400514662265778 230
1745173008844 0.20604363083839417 231
1745173009121 0.19553931057453156 232
1745173009397 0.19574189186096191 233
1745173009672 0.21403996646404266 234
1745173009950 0.19884097576141357 235
1745173010227 0.213406503200531 236
1745173010507 0.20445990562438965 237
1745173010786 0.200884610414505 238
1745173011067 0.1991666704416275 239
1745173011345 0.20437254011631012 240
1745173011623 0.20269206166267395 241
1745173011902 0.2064821571111679 242
1745173012107 0.20589500665664673 243
1745173015610 0.2093043029308319 244
1745173015888 0.21074321866035461 245
1745173016168 0.2005125731229782 246
1745173016443 0.20337779819965363 247
1745173016722 0.20778749883174896 248
1745173017002 0.20533692836761475 249
1745173017280 0.19865508377552032 250
1745173017555 0.209810271859169 251
1745173017833 0.20570005476474762 252
1745173018112 0.2008296102285385 253
1745173018391 0.20375335216522217 254
1745173018668 0.20396564900875092 255
1745173018948 0.20743979513645172 256
1745173019230 0.2232043296098709 257
1745173019506 0.20103895664215088 258
1745173019782 0.20192983746528625 259
1745173020062 0.2058113068342209 260
1745173020339 0.20404832065105438 261
1745173020616 0.22307123243808746 262
1745173020898 0.20467719435691833 263
1745173021177 0.21224160492420197 264
1745173021463 0.20597858726978302 265
1745173021743 0.21675439178943634 266
1745173022020 0.21041369438171387 267
1745173022296 0.2097601443529129 268
1745173022573 0.21825286746025085 269
1745173022849 0.20714595913887024 270
1745173023126 0.22543804347515106 271
1745173023409 0.22255192697048187 272
1745173023697 0.213535338640213 273
1745173023978 0.21230174601078033 274
1745173024258 0.21028994023799896 275
1745173024539 0.21210633218288422 276
1745173024819 0.20661865174770355 277
1745173025107 0.22397179901599884 278
1745173025383 0.2164306789636612 279
1745173025664 0.21963681280612946 280
1745173025944 0.22099028527736664 281
1745173026225 0.2107185274362564 282
1745173026513 0.21644620597362518 283
1745173026793 0.20757873356342316 284
1745173027072 0.21894226968288422 285
1745173027348 0.21068574488162994 286
1745173027628 0.21082374453544617 287
1745173027907 0.22771567106246948 288
1745173028186 0.21687260270118713 289
1745173028462 0.21792832016944885 290
1745173028753 0.21540646255016327 291
1745173029030 0.21652445197105408 292
1745173029306 0.20978674292564392 293
1745173029585 0.22205279767513275 294
1745173029863 0.2179749459028244 295
1745173030140 0.21517135202884674 296
1745173030419 0.2145264893770218 297
1745173030700 0.21806810796260834 298
1745173030988 0.22356760501861572 299
1745173031268 0.2214765101671219 300
1745173031548 0.23271560668945312 301
1745173031827 0.23254060745239258 302
1745173032104 0.21274763345718384 303
1745173032312 0.224775031208992 304
1745173035843 0.22355243563652039 305
1745173036134 0.22396771609783173 306
1745173036416 0.2077639102935791 307
1745173036697 0.21967963874340057 308
1745173036980 0.2292923778295517 309
1745173037262 0.2134399265050888 310
1745173037548 0.22287166118621826 311
1745173037829 0.21446384489536285 312
1745173038111 0.22555366158485413 313
1745173038396 0.22532202303409576 314
1745173038688 0.23111164569854736 315
1745173038971 0.22133199870586395 316
1745173039250 0.2164306789636612 317
1745173039530 0.2250610888004303 318
1745173039810 0.22301676869392395 319
1745173040093 0.21871373057365417 320
1745173040369 0.21848151087760925 321
1745173040648 0.22368596494197845 322
1745173040926 0.22926707565784454 323
1745173041218 0.23463091254234314 324
1745173041499 0.22182521224021912 325
1745173041778 0.23760643601417542 326
1745173042056 0.2215888798236847 327
1745173042334 0.23984026908874512 328
1745173042612 0.22780480980873108 329
1745173042894 0.22151941061019897 330
1745173043173 0.23333868384361267 331
1745173043463 0.2307814061641693 332
1745173043744 0.23542919754981995 333
1745173044023 0.22771602869033813 334
1745173044301 0.21981066465377808 335
1745173044579 0.22962506115436554 336
1745173044860 0.2244793325662613 337
1745173045141 0.22650878131389618 338
1745173045424 0.23073427379131317 339
1745173045703 0.22555865347385406 340
1745173045982 0.23306679725646973 341
1745173046261 0.21737340092658997 342
1745173046541 0.2352527529001236 343
1745173046823 0.23525969684123993 344
1745173047105 0.22967562079429626 345
1745173047384 0.22897979617118835 346
1745173047661 0.2209814190864563 347
1745173047942 0.2307559996843338 348
1745173048222 0.22617082297801971 349
1745173048500 0.23031330108642578 350
1745173048777 0.23271869122982025 351
1745173049057 0.23934130370616913 352
1745173049340 0.23476503789424896 353
1745173049621 0.23736320436000824 354
1745173049900 0.2296070158481598 355
1745173050176 0.23409508168697357 356
1745173050461 0.2428560107946396 357
1745173050742 0.22966143488883972 358
1745173051022 0.22839853167533875 359
1745173051302 0.24248047173023224 360
1745173051583 0.23901119828224182 361
1745173051868 0.23558595776557922 362
1745173052161 0.22801139950752258 363
1745173052443 0.23818829655647278 364
1745173052652 0.22723715007305145 365
1745173056206 0.22275540232658386 366
1745173056485 0.22272099554538727 367
1745173056766 0.24648532271385193 368
1745173057046 0.23156102001667023 369
1745173057326 0.2273554652929306 370
1745173057604 0.2346111387014389 371
1745173057887 0.2425651252269745 372
1745173058177 0.2485506683588028 373
1745173058455 0.24137522280216217 374
1745173058735 0.2382545918226242 375
1745173059016 0.23985300958156586 376
1745173059300 0.2387581765651703 377
1745173059583 0.2416701465845108 378
1745173059862 0.2214660495519638 379
1745173060139 0.24042537808418274 380
1745173060421 0.24208791553974152 381
1745173060704 0.23298409581184387 382
1745173060987 0.2395373433828354 383
1745173061268 0.2497836798429489 384
1745173061551 0.23511870205402374 385
1745173061830 0.22868750989437103 386
1745173062111 0.23228819668293 387
1745173062391 0.23579631745815277 388
1745173062671 0.25130853056907654 389
1745173062967 0.2326858788728714 390
1745173063245 0.23720963299274445 391
1745173063532 0.2403934895992279 392
1745173063811 0.23249176144599915 393
1745173064092 0.23290814459323883 394
1745173064372 0.24609655141830444 395
1745173064655 0.24388112127780914 396
1745173064940 0.24105700850486755 397
1745173065224 0.24032068252563477 398
1745173065505 0.23371711373329163 399
1745173065798 0.23532484471797943 400
1745173066079 0.24697907269001007 401
1745173066362 0.23908266425132751 402
1745173066644 0.24079684913158417 403
1745173066926 0.24658514559268951 404
1745173067209 0.23527461290359497 405
1745173067489 0.2323962152004242 406
1745173067766 0.23162813484668732 407
1745173068060 0.23447461426258087 408
1745173068338 0.25481829047203064 409
1745173068617 0.24258528649806976 410
1745173068898 0.23541048169136047 411
1745173069180 0.2557910978794098 412
1745173069463 0.23949258029460907 413
1745173069744 0.2417842447757721 414
1745173070022 0.24115334451198578 415
1745173070316 0.23229563236236572 416
1745173070599 0.23804837465286255 417
1745173070883 0.23849889636039734 418
1745173071166 0.2410750389099121 419
1745173071446 0.23712939023971558 420
1745173071724 0.24017497897148132 421
1745173072004 0.24865736067295074 422
1745173072286 0.24518677592277527 423
1745173072577 0.2481689602136612 424
1745173072858 0.23974716663360596 425
1745173073068 0.27623406052589417 426
1745173076642 0.2500388026237488 427
1745173076925 0.24181340634822845 428
1745173077209 0.24607884883880615 429
1745173077495 0.24470731616020203 430
1745173077779 0.25350913405418396 431
1745173078074 0.2511851489543915 432
1745173078354 0.24321608245372772 433
1745173078634 0.24271148443222046 434
1745173078915 0.25251147150993347 435
1745173079195 0.24584631621837616 436
1745173079477 0.24961714446544647 437
1745173079760 0.2485651820898056 438
1745173080044 0.24059505760669708 439
1745173080334 0.24707560241222382 440
1745173080614 0.23979368805885315 441
1745173080895 0.24287699162960052 442
1745173081177 0.23832258582115173 443
1745173081461 0.2451198697090149 444
1745173081743 0.24182914197444916 445
1745173082026 0.2504052519798279 446
1745173082309 0.2542831301689148 447
1745173082603 0.24109336733818054 448
1745173082881 0.2517390549182892 449
1745173083164 0.24875132739543915 450
1745173083445 0.24231113493442535 451
1745173083729 0.253917932510376 452
1745173084012 0.24643930792808533 453
1745173084295 0.24718104302883148 454
1745173084578 0.25376105308532715 455
1745173084869 0.24095208942890167 456
1745173085149 0.24482890963554382 457
1745173085430 0.25251737236976624 458
1745173085713 0.2412683218717575 459
1745173085995 0.2580283284187317 460
1745173086278 0.24651959538459778 461
1745173086562 0.24839115142822266 462
1745173086845 0.2548975348472595 463
1745173087130 0.2522073984146118 464
1745173087416 0.2566959857940674 465
1745173087699 0.2490176260471344 466
1745173087982 0.2480650097131729 467
1745173088266 0.24501298367977142 468
1745173088550 0.24808701872825623 469
1745173088833 0.24932317435741425 470
1745173089117 0.24888138473033905 471
1745173089400 0.24933083355426788 472
1745173089682 0.2522013485431671 473
1745173089981 0.2415948063135147 474
1745173090264 0.2567204236984253 475
1745173090542 0.2533711791038513 476
1745173090835 0.24928265810012817 477
1745173091121 0.25162166357040405 478
1745173091404 0.2632335424423218 479
1745173091687 0.24815692007541656 480
1745173091970 0.2474890500307083 481
1745173092260 0.241165891289711 482
1745173092540 0.26838475465774536 483
1745173092822 0.2539967894554138 484
1745173093104 0.25459015369415283 485
1745173093387 0.2574520409107208 486
1745173093595 0.2597011923789978 487
1745173097174 0.24542096257209778 488
1745173097465 0.2616540193557739 489
1745173097746 0.2560909688472748 490
1745173098032 0.2480427622795105 491
1745173098312 0.24797801673412323 492
1745173098596 0.26199454069137573 493
1745173098878 0.25493982434272766 494
1745173099162 0.2518349885940552 495
1745173099444 0.2683941125869751 496
1745173099738 0.25117117166519165 497
1745173100017 0.25794631242752075 498
1745173100297 0.24958212673664093 499
1745173100580 0.25263527035713196 500
1745173100864 0.2533951997756958 501
1745173101147 0.25428202748298645 502
1745173101431 0.2527603209018707 503
1745173101716 0.2611503005027771 504
1745173102006 0.25035515427589417 505
1745173102288 0.254273921251297 506
1745173102573 0.25789928436279297 507
1745173102852 0.2520255148410797 508
1745173103133 0.2523840665817261 509
1745173103417 0.2679738700389862 510
1745173103699 0.2643631100654602 511
1745173103981 0.2656955122947693 512
1745173104264 0.2415415644645691 513
1745173104548 0.2642553746700287 514
1745173104837 0.25959381461143494 515
1745173105119 0.2615104913711548 516
1745173105400 0.2596507966518402 517
1745173105684 0.26426300406455994 518
1745173105968 0.253961443901062 519
1745173106250 0.2558946907520294 520
1745173106533 0.26032787561416626 521
1745173106817 0.25054657459259033 522
1745173107107 0.2633209526538849 523
1745173107387 0.26726987957954407 524
1745173107669 0.24375049769878387 525
1745173107951 0.26889002323150635 526
1745173108236 0.2558123767375946 527
1745173108519 0.2521834671497345 528
1745173108802 0.2586495876312256 529
1745173109086 0.26236724853515625 530
1745173109370 0.250904381275177 531
1745173109655 0.25215551257133484 532
1745173109937 0.2610192894935608 533
1745173110221 0.25985223054885864 534
1745173110504 0.25066447257995605 535
1745173110786 0.2632773816585541 536
1745173111070 0.2607158124446869 537
1745173111354 0.2703818380832672 538
1745173111637 0.2508048415184021 539
1745173111929 0.255553275346756 540
1745173112209 0.25808051228523254 541
1745173112493 0.25579455494880676 542
1745173112775 0.255528062582016 543
1745173113058 0.26059746742248535 544
1745173113343 0.26839542388916016 545
1745173113627 0.25345802307128906 546
1745173113911 0.252078115940094 547
1745173114132 0.2640129327774048 548
1745173117735 0.26201561093330383 549
1745173118017 0.2740495502948761 550
1745173118301 0.2631835639476776 551
1745173118586 0.26522108912467957 552
1745173118869 0.2597731053829193 553
1745173119154 0.2574905753135681 554
1745173119446 0.266632080078125 555
1745173119726 0.2581224739551544 556
1745173120008 0.2622397243976593 557
1745173120291 0.2695215940475464 558
1745173120576 0.2687148451805115 559
1745173120859 0.26326245069503784 560
1745173121143 0.2639402449131012 561
1745173121426 0.2658211886882782 562
1745173121716 0.26773518323898315 563
1745173121995 0.26820144057273865 564
1745173122278 0.2658725380897522 565
1745173122561 0.2637157142162323 566
1745173122846 0.25352200865745544 567
1745173123130 0.26757651567459106 568
1745173123413 0.25052013993263245 569
1745173123697 0.2610250413417816 570
1745173123980 0.2610336244106293 571
1745173124264 0.24968531727790833 572
1745173124546 0.27587535977363586 573
1745173124830 0.25843513011932373 574
1745173125115 0.2619013488292694 575
1745173125400 0.2627606987953186 576
1745173125684 0.2779707610607147 577
1745173125966 0.2670803368091583 578
1745173126250 0.2692123353481293 579
1745173126545 0.2659083604812622 580
1745173126826 0.259560227394104 581
1745173127107 0.2595592141151428 582
1745173127388 0.26548120379447937 583
1745173127673 0.2731451988220215 584
1745173127958 0.27420365810394287 585
1745173128240 0.2578170597553253 586
1745173128522 0.26784202456474304 587
1745173128807 0.27010610699653625 588
1745173129110 0.2543543577194214 589
1745173129393 0.2585786283016205 590
1745173129678 0.26921460032463074 591
1745173129961 0.2625509798526764 592
1745173130245 0.25672903656959534 593
1745173130528 0.26542532444000244 594
1745173130813 0.2736262083053589 595
1745173131097 0.2654522955417633 596
1745173131380 0.27185916900634766 597
1745173131672 0.26256701350212097 598
1745173131952 0.2545824944972992 599
1745173132234 0.2556286156177521 600
1745173132518 0.2747214138507843 601
1745173132802 0.26179951429367065 602
1745173133086 0.2604128420352936 603
1745173133370 0.26317763328552246 604
1745173133654 0.2629484534263611 605
1745173133951 0.26771384477615356 606
1745173134237 0.26799556612968445 607
1745173134516 0.2757859528064728 608
1745173134726 0.25970712304115295 609
