1745967066734 0.00014216662384569645 0
1745967070755 7.277490658452734e-05 1
1745967074760 0.00019551615696400404 2
1745967079498 0.0 3
1745967083473 5.953443906037137e-05 4
1745967087432 5.381552182370797e-05 5
1745967092095 0.0003516669094096869 6
1745967096046 6.295643106568605e-05 7
1745967099994 0.03265772759914398 8
1745967104831 0.02879355102777481 9
1745967108762 0.030228083953261375 10
1745967112723 0.029247168451547623 11
1745967117608 0.06238299235701561 12
1745967121581 0.059910692274570465 13
1745967125548 0.06302613019943237 14
1745967130453 0.06193382665514946 15
1745967134415 0.06446909159421921 16
1745967138405 0.06169934570789337 17
1745967143272 0.058343131095170975 18
1745967147249 0.05533706396818161 19
1745967151208 0.0592130646109581 20
1745967156043 0.06177818402647972 21
1745967159989 0.057692307978868484 22
1745967163939 0.06336963921785355 23
1745967168645 0.056162141263484955 24
1745967172630 0.05668441578745842 25
1745967176568 0.06341398507356644 26
1745967181053 0.06205157935619354 27
1745967185170 0.05805055424571037 28
1745967189120 0.06151551380753517 29
1745967193353 0.06151815876364708 30
1745967197615 0.06370340287685394 31
1745967201550 0.06096732243895531 32
1745967205537 0.05880553275346756 33
1745967210112 0.06088992953300476 34
1745967214074 0.06581049412488937 35
1745967218004 0.06762445718050003 36
1745967222719 0.06178945302963257 37
1745967226666 0.05466436222195625 38
1745967230592 0.05991058051586151 39
1745967235458 0.057131752371788025 40
1745967239426 0.06305473297834396 41
1745967243375 0.05834034085273743 42
1745967248237 0.05941416323184967 43
1745967252179 0.058549221605062485 44
1745967256099 0.061312608420848846 45
1745967260939 0.06093228608369827 46
1745967264886 0.06054637208580971 47
1745967268877 0.06350365281105042 48
1745967273741 0.05700545385479927 49
1745967277709 0.055461958050727844 50
1745967281648 0.06125412508845329 51
1745967286426 0.06137406453490257 52
1745967290376 0.06229030713438988 53
1745967294334 0.06043892353773117 54
1745967299008 0.05472296476364136 55
1745967303062 0.06245635077357292 56
1745967307024 0.06139682978391647 57
1745967311431 0.06081639230251312 58
1745967315584 0.05867566913366318 59
1745967319552 0.062225475907325745 60
1745967323781 0.062321096658706665 61
1745967328133 0.057425886392593384 62
1745967332100 0.056005850434303284 63
1745967336065 0.06412559002637863 64
1745967340657 0.056797295808792114 65
1745967344619 0.062409479171037674 66
1745967348591 0.058298878371715546 67
1745967353329 0.05890488624572754 68
1745967357264 0.06124785169959068 69
1745967361244 0.061253905296325684 70
1745967366079 0.06326903402805328 71
1745967370088 0.056059829890728 72
1745967374052 0.059941332787275314 73
1745967378908 0.05626007169485092 74
1745967382874 0.05926907807588577 75
1745967386828 0.059080228209495544 76
1745967391705 0.0644846111536026 77
1745967395665 0.05920633673667908 78
1745967399649 0.05970658361911774 79
1745967402146 0.058764565736055374 80
