1745967066734 2.2973084449768066 0
1745967070755 2.297633647918701 1
1745967074760 2.2983803749084473 2
1745967079498 2.2990012168884277 3
1745967083473 2.2969720363616943 4
1745967087432 2.297062873840332 5
1745967092095 2.296125650405884 6
1745967096046 2.2984795570373535 7
1745967099994 2.168156147003174 8
1745967104831 2.1725008487701416 9
1745967108762 2.174131393432617 10
1745967112723 2.1741573810577393 11
1745967117608 2.0995683670043945 12
1745967121581 2.0943470001220703 13
1745967125548 2.0964443683624268 14
1745967130453 2.094331979751587 15
1745967134415 2.043915033340454 16
1745967138405 2.0427541732788086 17
1745967143272 2.043738603591919 18
1745967147249 2.050175189971924 19
1745967151208 2.01016902923584 20
1745967156043 2.008147954940796 21
1745967159989 2.009988784790039 22
1745967163939 2.006324529647827 23
1745967168645 1.9905259609222412 24
1745967172630 1.98800528049469 25
1745967176568 1.981035590171814 26
1745967181053 1.9787166118621826 27
1745967185170 1.9615356922149658 28
1745967189120 1.9592394828796387 29
1745967193353 1.9609811305999756 30
1745967197615 1.9513630867004395 31
1745967201550 1.9450901746749878 32
1745967205537 1.9407627582550049 33
1745967210112 1.9440274238586426 34
1745967214074 1.935113549232483 35
1745967218004 1.9117259979248047 36
1745967222719 1.9220383167266846 37
1745967226666 1.9309015274047852 38
1745967230592 1.9251272678375244 39
1745967235458 1.9092704057693481 40
1745967239426 1.9037944078445435 41
1745967243375 1.9026165008544922 42
1745967248237 1.9091789722442627 43
1745967252179 1.8928264379501343 44
1745967256099 1.8880945444107056 45
1745967260939 1.8907639980316162 46
1745967264886 1.8900747299194336 47
1745967268877 1.878900170326233 48
1745967273741 1.8847144842147827 49
1745967277709 1.879977822303772 50
1745967281648 1.8807768821716309 51
1745967286426 1.8569319248199463 52
1745967290376 1.8634659051895142 53
1745967294334 1.8652771711349487 54
1745967299008 1.8693381547927856 55
1745967303062 1.8508832454681396 56
1745967307024 1.8528189659118652 57
1745967311431 1.8622244596481323 58
1745967315584 1.853280782699585 59
1745967319552 1.8471790552139282 60
1745967323781 1.8456813097000122 61
1745967328133 1.8501358032226562 62
1745967332100 1.8468294143676758 63
1745967336065 1.8260859251022339 64
1745967340657 1.8387402296066284 65
1745967344619 1.8393625020980835 66
1745967348591 1.841841459274292 67
1745967353329 1.8311598300933838 68
1745967357264 1.8300455808639526 69
1745967361244 1.828707218170166 70
1745967366079 1.8290947675704956 71
1745967370088 1.8310928344726562 72
1745967374052 1.8278003931045532 73
1745967378908 1.8312883377075195 74
1745967382874 1.8223546743392944 75
1745967386828 1.8274089097976685 76
1745967391705 1.8218549489974976 77
1745967395665 1.8167717456817627 78
1745967399649 1.8184223175048828 79
1745967402146 1.830041527748108 80
