1745967066734 0.0 0
1745967070755 0.0 1
1745967074760 0.0 2
1745967079498 0.0005 3
1745967083473 0.0005 4
1745967087432 0.0005 5
1745967092095 0.0005 6
1745967096046 0.000475 7
1745967099994 0.000475 8
1745967104831 0.000475 9
1745967108762 0.000475 10
1745967112723 0.00045000000000000004 11
1745967117608 0.00045000000000000004 12
1745967121581 0.00045000000000000004 13
1745967125548 0.00045000000000000004 14
1745967130453 0.000425 15
1745967134415 0.000425 16
1745967138405 0.000425 17
1745967143272 0.000425 18
1745967147249 0.0004 19
1745967151208 0.0004 20
1745967156043 0.0004 21
1745967159989 0.0004 22
1745967163939 0.000375 23
1745967168645 0.000375 24
1745967172630 0.000375 25
1745967176568 0.000375 26
1745967181053 0.00035 27
1745967185170 0.00035 28
1745967189120 0.00035 29
1745967193353 0.00035 30
1745967197615 0.00032500000000000004 31
1745967201550 0.00032500000000000004 32
1745967205537 0.00032500000000000004 33
1745967210112 0.00032500000000000004 34
1745967214074 0.0003 35
1745967218004 0.0003 36
1745967222719 0.0003 37
1745967226666 0.0003 38
1745967230592 0.000275 39
1745967235458 0.000275 40
1745967239426 0.000275 41
1745967243375 0.000275 42
1745967248237 0.00025 43
1745967252179 0.00025 44
1745967256099 0.00025 45
1745967260939 0.00025 46
1745967264886 0.00022500000000000002 47
1745967268877 0.00022500000000000002 48
1745967273741 0.00022500000000000002 49
1745967277709 0.00022500000000000002 50
1745967281648 0.0002 51
1745967286426 0.0002 52
1745967290376 0.0002 53
1745967294334 0.0002 54
1745967299008 0.000175 55
1745967303062 0.000175 56
1745967307024 0.000175 57
1745967311431 0.000175 58
1745967315584 0.00015 59
1745967319552 0.00015 60
1745967323781 0.00015 61
1745967328133 0.00015 62
1745967332100 0.000125 63
1745967336065 0.000125 64
1745967340657 0.000125 65
1745967344619 0.000125 66
1745967348591 0.0001 67
1745967353329 0.0001 68
1745967357264 0.0001 69
1745967361244 0.0001 70
1745967366079 7.5e-05 71
1745967370088 7.5e-05 72
1745967374052 7.5e-05 73
1745967378908 7.5e-05 74
1745967382874 5e-05 75
1745967386828 5e-05 76
1745967391705 5e-05 77
1745967395665 5e-05 78
1745967399649 2.5e-05 79
1745967402146 0.0 80
