1745550554933 0.000315198878524825 0
1745550559127 0.0002602302993182093 1
1745550562862 0.00030670143314637244 2
1745550566629 0.00010804970224853605 3
1745550571174 0.059427257627248764 4
1745550574866 0.06133114919066429 5
1745550578554 0.06257300078868866 6
1745550583126 0.05767172947525978 7
1745550586848 0.05825728923082352 8
1745550590526 0.05610980838537216 9
1745550594544 0.055810749530792236 10
1745550598574 0.06337948143482208 11
1745550602236 0.06105686351656914 12
1745550605938 0.05858029052615166 13
1745550610482 0.06454508006572723 14
1745550614164 0.06470303982496262 15
1745550617866 0.057075053453445435 16
1745550622427 0.05876060575246811 17
1745550626135 0.060640886425971985 18
1745550629820 0.05854108929634094 19
1745550633896 0.06128169968724251 20
1745550637918 0.06108202412724495 21
1745550641568 0.06426812708377838 22
1745550645256 0.05913032591342926 23
1745550649849 0.06285489350557327 24
1745550653539 0.06055701524019241 25
1745550657203 0.06490065902471542 26
1745550661759 0.06514973193407059 27
1745550665453 0.031228046864271164 28
1745550669188 0.03808904439210892 29
1745550673218 0.03444875404238701 30
