1745550554933 2.29390025138855 0
1745550559127 2.289586067199707 1
1745550562862 2.2888190746307373 2
1745550566629 2.2906405925750732 3
1745550571174 2.1423230171203613 4
1745550574866 2.1381819248199463 5
1745550578554 2.138183355331421 6
1745550583126 2.1431145668029785 7
1745550586848 1.9558706283569336 8
1745550590526 1.9586127996444702 9
1745550594544 1.9644979238510132 10
1745550598574 1.9483201503753662 11
1745550602236 1.8107625246047974 12
1745550605938 1.8016419410705566 13
1745550610482 1.8002657890319824 14
1745550614164 1.8035894632339478 15
1745550617866 1.688623070716858 16
1745550622427 1.673712968826294 17
1745550626135 1.6812024116516113 18
1745550629820 1.6799455881118774 19
1745550633896 1.6168937683105469 20
1745550637918 1.6290888786315918 21
1745550641568 1.6127949953079224 22
1745550645256 1.612937331199646 23
1745550649849 1.6137592792510986 24
1745550653539 1.6166852712631226 25
1745550657203 1.6041523218154907 26
1745550661759 1.6128084659576416 27
1745550665453 1.6202164888381958 28
1745550669188 1.63056218624115 29
1745550673218 1.6254297494888306 30
