1746029876168 0.0 0
1746029878789 0.0 1
1746029881414 0.00020455475896596909 2
1746029884061 0.02551640383899212 3
1746029886673 0.06178475543856621 4
1746029889279 0.05882352963089943 5
1746029891887 0.06207524240016937 6
1746029894878 0.05952970311045647 7
1746029897482 0.06360279023647308 8
1746029900101 0.062091875821352005 9
1746029902725 0.06079568341374397 10
1746029905339 0.06604276597499847 11
1746029908071 0.06401342898607254 12
1746029910688 0.060233429074287415 13
1746029913297 0.04667258262634277 14
1746029915898 0.03799600526690483 15
1746029918654 0.0341009758412838 16
1746029921276 0.03519568592309952 17
1746029923881 0.054514262825250626 18
1746029926506 0.0572877898812294 19
1746029929113 0.057768020778894424 20
1746029932068 0.0600375235080719 21
1746029934696 0.05894405022263527 22
1746029937304 0.058378834277391434 23
1746029939923 0.05819815769791603 24
1746029942581 0.05913187935948372 25
1746029945216 0.05778802931308746 26
1746029947830 0.052172668278217316 27
1746029950440 0.054390933364629745 28
1746029953055 0.055283814668655396 29
1746029955803 0.0553034245967865 30
