1746029876168 9.806584358215332 0
1746029878789 9.799038887023926 1
1746029881414 9.611469268798828 2
1746029884061 9.326885223388672 3
1746029886673 9.010784149169922 4
1746029889279 8.755624771118164 5
1746029891887 8.464200973510742 6
1746029894878 8.106663703918457 7
1746029897482 7.703667640686035 8
1746029900101 7.373611927032471 9
1746029902725 7.051446914672852 10
1746029905339 6.827087879180908 11
1746029908071 6.69645881652832 12
1746029910688 6.744007587432861 13
1746029913297 6.831654071807861 14
1746029915898 6.854950428009033 15
1746029918654 6.802974700927734 16
1746029921276 6.750509738922119 17
1746029923881 6.718901634216309 18
1746029926506 6.803273677825928 19
1746029929113 6.723204612731934 20
1746029932068 6.74205207824707 21
1746029934696 6.802342414855957 22
1746029937304 6.702956199645996 23
1746029939923 6.770196914672852 24
1746029942581 6.787904262542725 25
1746029945216 6.637815475463867 26
1746029947830 6.791696071624756 27
1746029950440 6.659412384033203 28
1746029953055 6.721763610839844 29
1746029955803 6.725652694702148 30
