1746029876168 0.0005263157894736842 0
1746029878789 0.0010526315789473684 1
1746029881414 0.0015789473684210526 2
1746029884061 0.002105263157894737 3
1746029886673 0.002631578947368421 4
1746029889279 0.003157894736842105 5
1746029891887 0.0036842105263157894 6
1746029894878 0.004210526315789474 7
1746029897482 0.004736842105263157 8
1746029900101 0.005263157894736842 9
1746029902725 0.005789473684210527 10
1746029905339 0.00631578947368421 11
1746029908071 0.006842105263157895 12
1746029910688 0.007368421052631579 13
1746029913297 0.007894736842105263 14
1746029915898 0.008421052631578947 15
1746029918654 0.008947368421052633 16
1746029921276 0.009473684210526315 17
1746029923881 0.01 18
1746029926506 0.009968051118210862 19
1746029929113 0.009936102236421726 20
1746029932068 0.009904153354632588 21
1746029934696 0.009872204472843451 22
1746029937304 0.009840255591054314 23
1746029939923 0.009808306709265175 24
1746029942581 0.009776357827476038 25
1746029945216 0.009744408945686902 26
1746029947830 0.009712460063897763 27
1746029950440 0.009680511182108626 28
1746029953055 0.00964856230031949 29
1746029955803 0.00961661341853035 30
