1746040617528 6.1345926951617e-05 0
1746040619137 7.215006917249411e-05 1
1746040620547 0.000134680129121989 2
1746040621930 6.159911572467536e-05 3
1746040623329 0.0006839477573521435 4
1746040624717 0.006049267016351223 5
1746040626104 0.03335581719875336 6
1746040627502 0.048642177134752274 7
1746040628884 0.046486832201480865 8
1746040630441 0.04770096018910408 9
1746040631962 0.05497585982084274 10
1746040633349 0.04758968576788902 11
1746040634741 0.04929876700043678 12
1746040636140 0.04888373613357544 13
1746040637543 0.04485099017620087 14
1746040638930 0.049323491752147675 15
1746040640315 0.05147417262196541 16
1746040641718 0.05703446641564369 17
1746040643256 0.05824291706085205 18
1746040644660 0.058199986815452576 19
1746040646056 0.05079382285475731 20
1746040647434 0.03808540105819702 21
1746040648808 0.03927094116806984 22
1746040650207 0.036486316472291946 23
1746040651584 0.04434261471033096 24
1746040652964 0.06120987981557846 25
1746040654455 0.056645993143320084 26
1746040656059 0.0580902025103569 27
1746040657468 0.053522560745477676 28
1746040658852 0.05466439202427864 29
1746040660239 0.05749870836734772 30
1746040661629 0.05835876241326332 31
1746040663012 0.057403650134801865 32
1746040664397 0.05565957352519035 33
1746040665794 0.05858376622200012 34
1746040667393 0.056279152631759644 35
1746040668798 0.05547275021672249 36
1746040670196 0.053995177149772644 37
1746040671592 0.05940047651529312 38
1746040672990 0.06405670195817947 39
1746040674379 0.06031382828950882 40
1746040675774 0.059078559279441833 41
1746040677167 0.05976933240890503 42
1746040678640 0.05640958994626999 43
1746040680241 0.057814110070466995 44
1746040681640 0.05896958336234093 45
1746040683024 0.0608716681599617 46
1746040684406 0.05874299257993698 47
1746040685789 0.05672052130103111 48
1746040687201 0.05815034732222557 49
1746040688591 0.05737905576825142 50
1746040689976 0.05689249187707901 51
1746040691475 0.05665070563554764 52
1746040692984 0.05622740462422371 53
1746040694373 0.06441942602396011 54
1746040695768 0.05515622720122337 55
1746040697159 0.05258433520793915 56
1746040698550 0.05721471086144447 57
1746040699951 0.061758361756801605 58
1746040701344 0.05670013278722763 59
1746040702743 0.057582736015319824 60
1746040704311 0.05812176689505577 61
1746040705693 0.05871674418449402 62
1746040707077 0.058249130845069885 63
1746040708475 0.05784517526626587 64
1746040709872 0.0560033954679966 65
1746040711258 0.0529724583029747 66
1746040712643 0.05655887722969055 67
1746040714028 0.061455290764570236 68
1746040715615 0.05819454416632652 69
1746040717212 0.06050310656428337 70
1746040718596 0.059849854558706284 71
1746040719980 0.057897087186574936 72
1746040721363 0.060160934925079346 73
1746040722759 0.062889963388443 74
1746040724154 0.05752532556653023 75
1746040725545 0.06419093906879425 76
1746040726933 0.0572814866900444 77
1746040728532 0.06221547722816467 78
1746040729932 0.0590566024184227 79
1746040730721 0.05916152521967888 80
1746041145227 0.05923113971948624 81
1746041146609 0.05445200577378273 82
1746041148005 0.057487279176712036 83
1746041149533 0.06280367076396942 84
1746041150943 0.06213246285915375 85
1746041152345 0.06230570003390312 86
1746041153721 0.059743158519268036 87
1746041155107 0.06262029707431793 88
1746041156495 0.06045529991388321 89
1746041157871 0.05790937319397926 90
1746041159274 0.06149900332093239 91
1746041160744 0.06104835495352745 92
1746041162285 0.060706693679094315 93
1746041163676 0.06055928394198418 94
1746041165059 0.06226477399468422 95
1746041166455 0.06209053099155426 96
1746041167851 0.07019586861133575 97
1746041169239 0.06836137175559998 98
1746041170626 0.06699254363775253 99
1746041172015 0.06835468858480453 100
1746041173531 0.06582392007112503 101
1746041175096 0.06479647010564804 102
1746041176476 0.07315637916326523 103
1746041177869 0.06989901512861252 104
1746041179257 0.07219789922237396 105
1746041180637 0.0677097961306572 106
1746041182020 0.07113566249608994 107
1746041183414 0.07817969471216202 108
1746041184799 0.06937814503908157 109
1746041186402 0.07280608266592026 110
1746041187799 0.07401629537343979 111
1746041189189 0.06742222607135773 112
1746041190590 0.0674123540520668 113
1746041191975 0.07220292091369629 114
1746041193363 0.06308218091726303 115
1746041194753 0.07397279143333435 116
1746041196142 0.07331088930368423 117
1746041197748 0.07001953572034836 118
1746041199272 0.06555179506540298 119
1746041200680 0.067495197057724 120
1746041202080 0.06781944632530212 121
1746041203472 0.06818822026252747 122
1746041204855 0.07021316885948181 123
1746041206242 0.07505935430526733 124
1746041207643 0.06512127816677094 125
1746041209040 0.06780993193387985 126
1746041210567 0.06918101757764816 127
1746041211979 0.0651235580444336 128
1746041213365 0.07307426631450653 129
1746041214751 0.06513805687427521 130
1746041216154 0.06598879396915436 131
1746041217544 0.07042431831359863 132
1746041218932 0.06911660730838776 133
1746041220326 0.07190286368131638 134
1746041221933 0.0705670714378357 135
1746041223534 0.06923497468233109 136
1746041224929 0.07388786226511002 137
1746041226317 0.07448425889015198 138
1746041227707 0.06693548709154129 139
1746041229090 0.07426495105028152 140
1746041230483 0.07252940535545349 141
1746041231872 0.06529209762811661 142
1746041233262 0.06922072172164917 143
1746041234864 0.07311350852251053 144
1746041236263 0.07197993993759155 145
1746041237649 0.07218044996261597 146
1746041239030 0.06608719378709793 147
1746041240428 0.07262535393238068 148
1746041241833 0.06512649357318878 149
1746041243234 0.06902389973402023 150
1746041244617 0.0674399808049202 151
1746041246140 0.07371270656585693 152
1746041247612 0.06927327066659927 153
1746041249010 0.07359723001718521 154
1746041250399 0.06872480362653732 155
1746041251787 0.065476194024086 156
1746041253185 0.06572628766298294 157
1746041254577 0.0736943781375885 158
1746041255960 0.0653388723731041 159
1746041257360 0.0785837173461914 160
1746041258225 0.06879482418298721 161
1746041676204 0.07123569399118423 162
1746041677589 0.07675536721944809 163
1746041678978 0.07340972125530243 164
1746041680579 0.0690268874168396 165
1746041681987 0.07699587941169739 166
1746041683373 0.06937538087368011 167
1746041684759 0.07299868762493134 168
1746041686149 0.07194940745830536 169
1746041687539 0.07562427967786789 170
1746041688937 0.07087327539920807 171
1746041690338 0.07037582993507385 172
1746041691934 0.07355361431837082 173
1746041693523 0.07116037607192993 174
1746041694909 0.0750666931271553 175
1746041696297 0.07122506946325302 176
1746041697698 0.06871622055768967 177
1746041699087 0.0734705999493599 178
1746041700466 0.07742584496736526 179
1746041701866 0.07067201286554337 180
1746041703254 0.06929818540811539 181
1746041704814 0.07437905669212341 182
1746041706211 0.06889109313488007 183
1746041707623 0.0740768238902092 184
1746041709007 0.07223223894834518 185
1746041710387 0.07003062218427658 186
1746041711769 0.06871500611305237 187
1746041713184 0.07272490859031677 188
1746041714568 0.07451940327882767 189
1746041716038 0.0696323812007904 190
1746041717628 0.06864681839942932 191
1746041719033 0.07198993861675262 192
1746041720428 0.07387053966522217 193
1746041721829 0.07515746355056763 194
1746041723230 0.06832297891378403 195
1746041724622 0.07442914694547653 196
1746041726019 0.07070426642894745 197
1746041727413 0.07011649757623672 198
1746041729030 0.06962809711694717 199
1746041730420 0.07071102410554886 200
1746041731812 0.07405880838632584 201
1746041733199 0.07493584603071213 202
1746041734587 0.07287237793207169 203
1746041735984 0.07248764485120773 204
1746041737383 0.07459569722414017 205
1746041738770 0.07044564932584763 206
1746041740199 0.0765528455376625 207
1746041741706 0.07466888427734375 208
1746041743106 0.07304432988166809 209
1746041744498 0.07482243329286575 210
1746041745893 0.08549855649471283 211
1746041747296 0.07462427020072937 212
1746041748689 0.07312033325433731 213
1746041750073 0.07248184084892273 214
1746041751472 0.08075196295976639 215
1746041753051 0.07679368555545807 216
1746041754628 0.06993429362773895 217
1746041756011 0.07860798388719559 218
1746041757399 0.0777096077799797 219
1746041758787 0.0762285441160202 220
1746041760174 0.0766458585858345 221
1746041761560 0.07743017375469208 222
1746041762960 0.07606294751167297 223
1746041764341 0.0749364122748375 224
1746041765894 0.07781527936458588 225
1746041767281 0.07899516075849533 226
1746041768685 0.08497799932956696 227
1746041770076 0.07836056500673294 228
1746041771467 0.08338336646556854 229
1746041772851 0.07639484852552414 230
1746041774240 0.07569525390863419 231
1746041775617 0.07693246752023697 232
1746041777079 0.08043265342712402 233
1746041778693 0.07976940274238586 234
1746041780090 0.07846997678279877 235
1746041781470 0.08663830906152725 236
1746041782856 0.07779312133789062 237
1746041784252 0.08077956736087799 238
1746041785635 0.07949257642030716 239
1746041787036 0.08266332000494003 240
1746041788427 0.08391426503658295 241
1746041789270 0.0717833861708641 242
1746042209851 0.07551772892475128 243
1746042211306 0.07831761986017227 244
1746042212907 0.08412794023752213 245
1746042214305 0.07870237529277802 246
1746042215708 0.08535418659448624 247
1746042217117 0.08252884447574615 248
1746042218517 0.07800013571977615 249
1746042219898 0.08294136822223663 250
1746042221286 0.08626588433980942 251
1746042222677 0.07727628946304321 252
1746042224190 0.07972081750631332 253
1746042225602 0.08011326938867569 254
1746042226988 0.08371629565954208 255
1746042228388 0.08366593718528748 256
1746042229770 0.08077290654182434 257
1746042231158 0.08148449659347534 258
1746042232548 0.08055506646633148 259
1746042233931 0.08513669669628143 260
1746042235317 0.08642493188381195 261
1746042236835 0.0861474871635437 262
1746042238226 0.08625545352697372 263
1746042239610 0.08132490515708923 264
1746042240996 0.08428733050823212 265
1746042242382 0.08937104791402817 266
1746042243761 0.08424068987369537 267
1746042245162 0.08181402087211609 268
1746042246544 0.08469055593013763 269
1746042247961 0.0848432406783104 270
1746042249535 0.09003458172082901 271
1746042250922 0.08619307726621628 272
1746042252319 0.09085926413536072 273
1746042253702 0.08624781668186188 274
1746042255086 0.0883244127035141 275
1746042256478 0.08296244591474533 276
1746042257862 0.0831463560461998 277
1746042259244 0.08408185094594955 278
1746042260785 0.08559636026620865 279
1746042262250 0.08843125402927399 280
1746042263650 0.08396605402231216 281
1746042265035 0.0896436870098114 282
1746042266436 0.08540467917919159 283
1746042267817 0.08838022500276566 284
1746042269233 0.08596385270357132 285
1746042270617 0.08655412495136261 286
1746042272005 0.08601804077625275 287
1746042273544 0.08916639536619186 288
1746042274963 0.09695792943239212 289
1746042276352 0.08652202785015106 290
1746042277741 0.087532177567482 291
1746042279134 0.08861538767814636 292
1746042280525 0.09316179901361465 293
1746042281911 0.09243437647819519 294
1746042283299 0.0846024826169014 295
1746042284694 0.09511291235685349 296
1746042286314 0.0954853966832161 297
1746042287722 0.09281198680400848 298
1746042289116 0.08941398561000824 299
1746042290516 0.09311868995428085 300
1746042291911 0.0917833223938942 301
1746042293309 0.08808981627225876 302
1746042294707 0.08877615630626678 303
1746042296101 0.09420503675937653 304
1746042297672 0.09090909361839294 305
1746042299232 0.09217660874128342 306
1746042300617 0.09057863056659698 307
1746042302027 0.09503848105669022 308
1746042303430 0.09699950367212296 309
1746042304822 0.08879964053630829 310
1746042306213 0.08895131200551987 311
1746042307603 0.09599065035581589 312
1746042309006 0.0953129455447197 313
1746042310593 0.0929962620139122 314
1746042312018 0.10005898773670197 315
1746042313410 0.09695856273174286 316
1746042314798 0.09155669808387756 317
1746042316189 0.09275038540363312 318
1746042317582 0.09511695802211761 319
1746042318986 0.09459459781646729 320
1746042320384 0.0873936116695404 321
1746042322001 0.08746494352817535 322
1746042322935 0.09004674106836319 323
