1746040617528 9.19242000579834 0
1746040619137 9.217611312866211 1
1746040620547 9.159293174743652 2
1746040621930 9.064345359802246 3
1746040623329 8.93653678894043 4
1746040624717 8.763154029846191 5
1746040626104 8.549999237060547 6
1746040627502 8.328479766845703 7
1746040628884 8.081576347351074 8
1746040630441 7.880919456481934 9
1746040631962 7.617865562438965 10
1746040633349 7.347382068634033 11
1746040634741 7.0907793045043945 12
1746040636140 6.922478199005127 13
1746040637543 6.749619960784912 14
1746040638930 6.604790687561035 15
1746040640315 6.6628289222717285 16
1746040641718 6.656370162963867 17
1746040643256 6.736255645751953 18
1746040644660 6.75255012512207 19
1746040646056 6.740005016326904 20
1746040647434 6.730069160461426 21
1746040648808 6.643285274505615 22
1746040650207 6.616706848144531 23
1746040651584 6.719179153442383 24
1746040652964 6.611109733581543 25
1746040654455 6.619378089904785 26
1746040656059 6.653339385986328 27
1746040657468 6.603006839752197 28
1746040658852 6.613596439361572 29
1746040660239 6.649724960327148 30
1746040661629 6.554994583129883 31
1746040663012 6.59403133392334 32
1746040664397 6.560464859008789 33
1746040665794 6.608614921569824 34
1746040667393 6.606020450592041 35
1746040668798 6.535232067108154 36
1746040670196 6.544065952301025 37
1746040671592 6.523422718048096 38
1746040672990 6.563246726989746 39
1746040674379 6.538932800292969 40
1746040675774 6.580197334289551 41
1746040677167 6.554673194885254 42
1746040678640 6.512410640716553 43
1746040680241 6.569724082946777 44
1746040681640 6.588405132293701 45
1746040683024 6.534005165100098 46
1746040684406 6.5573015213012695 47
1746040685789 6.566531658172607 48
1746040687201 6.587028980255127 49
1746040688591 6.512771129608154 50
1746040689976 6.487336158752441 51
1746040691475 6.566450119018555 52
1746040692984 6.57155704498291 53
1746040694373 6.561880588531494 54
1746040695768 6.590892314910889 55
1746040697159 6.579415321350098 56
1746040698550 6.552268981933594 57
1746040699951 6.549123287200928 58
1746040701344 6.5497660636901855 59
1746040702743 6.548247337341309 60
1746040704311 6.529216289520264 61
1746040705693 6.530638217926025 62
1746040707077 6.569293975830078 63
1746040708475 6.56868839263916 64
1746040709872 6.569252967834473 65
1746040711258 6.581683158874512 66
1746040712643 6.52858829498291 67
1746040714028 6.5384321212768555 68
1746040715615 6.5018229484558105 69
1746040717212 6.4932756423950195 70
1746040718596 6.482577800750732 71
1746040719980 6.5277557373046875 72
1746040721363 6.522519111633301 73
1746040722759 6.528336524963379 74
1746040724154 6.472690582275391 75
1746040725545 6.475297927856445 76
1746040726933 6.555238723754883 77
1746040728532 6.55774450302124 78
1746040729932 6.473476409912109 79
1746040730721 6.532687187194824 80
1746041145227 6.5229949951171875 81
1746041146609 6.517892837524414 82
1746041148005 6.512320518493652 83
1746041149533 6.464587688446045 84
1746041150943 6.542844772338867 85
1746041152345 6.477944850921631 86
1746041153721 6.478840351104736 87
1746041155107 6.535747528076172 88
1746041156495 6.553123474121094 89
1746041157871 6.499021530151367 90
1746041159274 6.527998924255371 91
1746041160744 6.489536762237549 92
1746041162285 6.52675199508667 93
1746041163676 6.506312370300293 94
1746041165059 6.512265205383301 95
1746041166455 6.516141414642334 96
1746041167851 6.434784889221191 97
1746041169239 6.506898403167725 98
1746041170626 6.510807037353516 99
1746041172015 6.501538276672363 100
1746041173531 6.436144828796387 101
1746041175096 6.47257137298584 102
1746041176476 6.419008255004883 103
1746041177869 6.4606170654296875 104
1746041179257 6.409984111785889 105
1746041180637 6.457395076751709 106
1746041182020 6.39212703704834 107
1746041183414 6.369460582733154 108
1746041184799 6.4313788414001465 109
1746041186402 6.377775192260742 110
1746041187799 6.3576860427856445 111
1746041189189 6.447391986846924 112
1746041190590 6.4221882820129395 113
1746041191975 6.38305139541626 114
1746041193363 6.452280521392822 115
1746041194753 6.425375938415527 116
1746041196142 6.409060001373291 117
1746041197748 6.3531317710876465 118
1746041199272 6.44287633895874 119
1746041200680 6.398658752441406 120
1746041202080 6.400932312011719 121
1746041203472 6.394670009613037 122
1746041204855 6.394394397735596 123
1746041206242 6.329218864440918 124
1746041207643 6.413197040557861 125
1746041209040 6.384763240814209 126
1746041210567 6.37721586227417 127
1746041211979 6.389328956604004 128
1746041213365 6.369466304779053 129
1746041214751 6.425248622894287 130
1746041216154 6.422623634338379 131
1746041217544 6.324060916900635 132
1746041218932 6.3421807289123535 133
1746041220326 6.271286487579346 134
1746041221933 6.378773212432861 135
1746041223534 6.368008613586426 136
1746041224929 6.341403007507324 137
1746041226317 6.3817219734191895 138
1746041227707 6.369899272918701 139
1746041229090 6.301470756530762 140
1746041230483 6.366728782653809 141
1746041231872 6.43668270111084 142
1746041233262 6.369556903839111 143
1746041234864 6.320880889892578 144
1746041236263 6.305743217468262 145
1746041237649 6.365498065948486 146
1746041239030 6.392168998718262 147
1746041240428 6.3154144287109375 148
1746041241833 6.36231803894043 149
1746041243234 6.369332313537598 150
1746041244617 6.301660537719727 151
1746041246140 6.40656852722168 152
1746041247612 6.368673324584961 153
1746041249010 6.321633338928223 154
1746041250399 6.2986226081848145 155
1746041251787 6.323199272155762 156
1746041253185 6.315646171569824 157
1746041254577 6.339199066162109 158
1746041255960 6.355611324310303 159
1746041257360 6.265315055847168 160
1746041258225 6.333347797393799 161
1746041676204 6.3565592765808105 162
1746041677589 6.292551040649414 163
1746041678978 6.351411819458008 164
1746041680579 6.318456172943115 165
1746041681987 6.273879528045654 166
1746041683373 6.357084274291992 167
1746041684759 6.336726188659668 168
1746041686149 6.360601425170898 169
1746041687539 6.31827449798584 170
1746041688937 6.343233108520508 171
1746041690338 6.344150543212891 172
1746041691934 6.289486408233643 173
1746041693523 6.275214672088623 174
1746041694909 6.291201591491699 175
1746041696297 6.324942111968994 176
1746041697698 6.3164262771606445 177
1746041699087 6.352691173553467 178
1746041700466 6.294529914855957 179
1746041701866 6.301866054534912 180
1746041703254 6.346855163574219 181
1746041704814 6.358642101287842 182
1746041706211 6.306891441345215 183
1746041707623 6.297729969024658 184
1746041709007 6.277317523956299 185
1746041710387 6.339850425720215 186
1746041711769 6.282428741455078 187
1746041713184 6.345880508422852 188
1746041714568 6.279290676116943 189
1746041716038 6.317427158355713 190
1746041717628 6.311145782470703 191
1746041719033 6.343071937561035 192
1746041720428 6.278456211090088 193
1746041721829 6.280307769775391 194
1746041723230 6.285942554473877 195
1746041724622 6.336207389831543 196
1746041726019 6.288766860961914 197
1746041727413 6.326143264770508 198
1746041729030 6.296930313110352 199
1746041730420 6.324672698974609 200
1746041731812 6.3186492919921875 201
1746041733199 6.259354114532471 202
1746041734587 6.301662921905518 203
1746041735984 6.334514141082764 204
1746041737383 6.318889617919922 205
1746041738770 6.325700283050537 206
1746041740199 6.277432918548584 207
1746041741706 6.250681400299072 208
1746041743106 6.275632858276367 209
1746041744498 6.2651166915893555 210
1746041745893 6.293478488922119 211
1746041747296 6.339240074157715 212
1746041748689 6.292311191558838 213
1746041750073 6.300380706787109 214
1746041751472 6.309125900268555 215
1746041753051 6.256960868835449 216
1746041754628 6.325475215911865 217
1746041756011 6.286024570465088 218
1746041757399 6.323262691497803 219
1746041758787 6.25515604019165 220
1746041760174 6.298707485198975 221
1746041761560 6.2824387550354 222
1746041762960 6.349194526672363 223
1746041764341 6.295412540435791 224
1746041765894 6.241969585418701 225
1746041767281 6.255038261413574 226
1746041768685 6.294339179992676 227
1746041770076 6.320463180541992 228
1746041771467 6.290806293487549 229
1746041772851 6.289700984954834 230
1746041774240 6.334773063659668 231
1746041775617 6.329323768615723 232
1746041777079 6.264106750488281 233
1746041778693 6.324477672576904 234
1746041780090 6.2955522537231445 235
1746041781470 6.21614933013916 236
1746041782856 6.275358200073242 237
1746041784252 6.261017322540283 238
1746041785635 6.318855285644531 239
1746041787036 6.3015546798706055 240
1746041788427 6.276173114776611 241
1746041789270 6.287162780761719 242
1746042209851 6.306204795837402 243
1746042211306 6.289914131164551 244
1746042212907 6.2063188552856445 245
1746042214305 6.293703556060791 246
1746042215708 6.2667155265808105 247
1746042217117 6.301948070526123 248
1746042218517 6.295127868652344 249
1746042219898 6.274855613708496 250
1746042221286 6.276859283447266 251
1746042222677 6.23853063583374 252
1746042224190 6.2723588943481445 253
1746042225602 6.266225814819336 254
1746042226988 6.251287460327148 255
1746042228388 6.238683223724365 256
1746042229770 6.229916572570801 257
1746042231158 6.310564041137695 258
1746042232548 6.246096134185791 259
1746042233931 6.255876541137695 260
1746042235317 6.199809551239014 261
1746042236835 6.22528600692749 262
1746042238226 6.2525434494018555 263
1746042239610 6.289809226989746 264
1746042240996 6.258042335510254 265
1746042242382 6.199812889099121 266
1746042243761 6.252272605895996 267
1746042245162 6.252224445343018 268
1746042246544 6.234241485595703 269
1746042247961 6.243435382843018 270
1746042249535 6.1750335693359375 271
1746042250922 6.215513229370117 272
1746042252319 6.228257656097412 273
1746042253702 6.216950416564941 274
1746042255086 6.209829807281494 275
1746042256478 6.246740341186523 276
1746042257862 6.2579240798950195 277
1746042259244 6.238211154937744 278
1746042260785 6.202840805053711 279
1746042262250 6.243967056274414 280
1746042263650 6.262884616851807 281
1746042265035 6.174448490142822 282
1746042266436 6.227406978607178 283
1746042267817 6.236670017242432 284
1746042269233 6.224443435668945 285
1746042270617 6.2120585441589355 286
1746042272005 6.242141246795654 287
1746042273544 6.23784875869751 288
1746042274963 6.185522556304932 289
1746042276352 6.25709867477417 290
1746042277741 6.246496200561523 291
1746042279134 6.294463634490967 292
1746042280525 6.237320423126221 293
1746042281911 6.169386863708496 294
1746042283299 6.20435094833374 295
1746042284694 6.222078323364258 296
1746042286314 6.274092674255371 297
1746042287722 6.252533912658691 298
1746042289116 6.215001106262207 299
1746042290516 6.281321048736572 300
1746042291911 6.216832637786865 301
1746042293309 6.2413835525512695 302
1746042294707 6.221319198608398 303
1746042296101 6.1904120445251465 304
1746042297672 6.251568794250488 305
1746042299232 6.266727924346924 306
1746042300617 6.257134914398193 307
1746042302027 6.166706085205078 308
1746042303430 6.1936469078063965 309
1746042304822 6.249363422393799 310
1746042306213 6.216146469116211 311
1746042307603 6.244681358337402 312
1746042309006 6.204084396362305 313
1746042310593 6.208670616149902 314
1746042312018 6.174034595489502 315
1746042313410 6.185744285583496 316
1746042314798 6.263564109802246 317
1746042316189 6.20585823059082 318
1746042317582 6.236555099487305 319
1746042318986 6.214965343475342 320
1746042320384 6.247333526611328 321
1746042322001 6.2217793464660645 322
1746042322935 6.260643005371094 323
