1746040617528 0.0005263157894736842 0
1746040619137 0.0010526315789473684 1
1746040620547 0.0015789473684210526 2
1746040621930 0.002105263157894737 3
1746040623329 0.002631578947368421 4
1746040624717 0.003157894736842105 5
1746040626104 0.0036842105263157894 6
1746040627502 0.004210526315789474 7
1746040628884 0.004736842105263157 8
1746040630441 0.005263157894736842 9
1746040631962 0.005789473684210527 10
1746040633349 0.00631578947368421 11
1746040634741 0.006842105263157895 12
1746040636140 0.007368421052631579 13
1746040637543 0.007894736842105263 14
1746040638930 0.008421052631578947 15
1746040640315 0.008947368421052633 16
1746040641718 0.009473684210526315 17
1746040643256 0.01 18
1746040644660 0.0099672131147541 19
1746040646056 0.009934426229508197 20
1746040647434 0.009901639344262296 21
1746040648808 0.009868852459016393 22
1746040650207 0.009836065573770493 23
1746040651584 0.00980327868852459 24
1746040652964 0.009770491803278688 25
1746040654455 0.009737704918032787 26
1746040656059 0.009704918032786886 27
1746040657468 0.009672131147540983 28
1746040658852 0.009639344262295083 29
1746040660239 0.009606557377049182 30
1746040661629 0.00957377049180328 31
1746040663012 0.009540983606557377 32
1746040664397 0.009508196721311476 33
1746040665794 0.009475409836065573 34
1746040667393 0.009442622950819672 35
1746040668798 0.00940983606557377 36
1746040670196 0.009377049180327869 37
1746040671592 0.009344262295081968 38
1746040672990 0.009311475409836066 39
1746040674379 0.009278688524590165 40
1746040675774 0.009245901639344262 41
1746040677167 0.00921311475409836 42
1746040678640 0.009180327868852459 43
1746040680241 0.009147540983606556 44
1746040681640 0.009114754098360656 45
1746040683024 0.009081967213114755 46
1746040684406 0.009049180327868852 47
1746040685789 0.009016393442622951 48
1746040687201 0.00898360655737705 49
1746040688591 0.008950819672131148 50
1746040689976 0.008918032786885246 51
1746040691475 0.008885245901639345 52
1746040692984 0.008852459016393442 53
1746040694373 0.008819672131147541 54
1746040695768 0.008786885245901639 55
1746040697159 0.008754098360655738 56
1746040698550 0.008721311475409837 57
1746040699951 0.008688524590163935 58
1746040701344 0.008655737704918034 59
1746040702743 0.008622950819672131 60
1746040704311 0.008590163934426229 61
1746040705693 0.008557377049180328 62
1746040707077 0.008524590163934425 63
1746040708475 0.008491803278688525 64
1746040709872 0.008459016393442624 65
1746040711258 0.008426229508196721 66
1746040712643 0.00839344262295082 67
1746040714028 0.008360655737704918 68
1746040715615 0.008327868852459017 69
1746040717212 0.008295081967213114 70
1746040718596 0.008262295081967214 71
1746040719980 0.008229508196721311 72
1746040721363 0.00819672131147541 73
1746040722759 0.008163934426229508 74
1746040724154 0.008131147540983607 75
1746040725545 0.008098360655737706 76
1746040726933 0.008065573770491804 77
1746040728532 0.008032786885245901 78
1746040729932 0.008 79
1746040730721 0.007967213114754098 80
1746041145227 0.007934426229508197 81
1746041146609 0.007901639344262294 82
1746041148005 0.007868852459016393 83
1746041149533 0.007836065573770493 84
1746041150943 0.00780327868852459 85
1746041152345 0.007770491803278688 86
1746041153721 0.007737704918032788 87
1746041155107 0.007704918032786885 88
1746041156495 0.007672131147540984 89
1746041157871 0.0076393442622950825 90
1746041159274 0.00760655737704918 91
1746041160744 0.007573770491803279 92
1746041162285 0.007540983606557377 93
1746041163676 0.007508196721311476 94
1746041165059 0.007475409836065574 95
1746041166455 0.0074426229508196716 96
1746041167851 0.007409836065573771 97
1746041169239 0.007377049180327869 98
1746041170626 0.007344262295081967 99
1746041172015 0.007311475409836066 100
1746041173531 0.007278688524590165 101
1746041175096 0.007245901639344262 102
1746041176476 0.007213114754098361 103
1746041177869 0.007180327868852459 104
1746041179257 0.007147540983606557 105
1746041180637 0.0071147540983606565 106
1746041182020 0.007081967213114754 107
1746041183414 0.007049180327868852 108
1746041184799 0.007016393442622951 109
1746041186402 0.006983606557377049 110
1746041187799 0.006950819672131148 111
1746041189189 0.0069180327868852455 112
1746041190590 0.006885245901639345 113
1746041191975 0.006852459016393443 114
1746041193363 0.0068196721311475405 115
1746041194753 0.00678688524590164 116
1746041196142 0.006754098360655738 117
1746041197748 0.006721311475409836 118
1746041199272 0.006688524590163935 119
1746041200680 0.006655737704918034 120
1746041202080 0.006622950819672131 121
1746041203472 0.0065901639344262295 122
1746041204855 0.006557377049180328 123
1746041206242 0.006524590163934426 124
1746041207643 0.006491803278688525 125
1746041209040 0.006459016393442623 126
1746041210567 0.006426229508196721 127
1746041211979 0.00639344262295082 128
1746041213365 0.006360655737704918 129
1746041214751 0.006327868852459017 130
1746041216154 0.006295081967213115 131
1746041217544 0.006262295081967213 132
1746041218932 0.006229508196721312 133
1746041220326 0.006196721311475409 134
1746041221933 0.0061639344262295085 135
1746041223534 0.006131147540983607 136
1746041224929 0.006098360655737704 137
1746041226317 0.0060655737704918035 138
1746041227707 0.006032786885245903 139
1746041229090 0.006 140
1746041230483 0.0059672131147540984 141
1746041231872 0.005934426229508197 142
1746041233262 0.005901639344262295 143
1746041234864 0.005868852459016394 144
1746041236263 0.005836065573770492 145
1746041237649 0.00580327868852459 146
1746041239030 0.005770491803278689 147
1746041240428 0.005737704918032787 148
1746041241833 0.005704918032786886 149
1746041243234 0.005672131147540984 150
1746041244617 0.005639344262295082 151
1746041246140 0.005606557377049181 152
1746041247612 0.005573770491803278 153
1746041249010 0.0055409836065573774 154
1746041250399 0.005508196721311476 155
1746041251787 0.005475409836065573 156
1746041253185 0.005442622950819672 157
1746041254577 0.005409836065573771 158
1746041255960 0.005377049180327869 159
1746041257360 0.005344262295081967 160
1746041258225 0.005311475409836065 161
1746041676204 0.005278688524590164 162
1746041677589 0.005245901639344262 163
1746041678978 0.005213114754098361 164
1746041680579 0.005180327868852459 165
1746041681987 0.005147540983606558 166
1746041683373 0.0051147540983606556 167
1746041684759 0.005081967213114754 168
1746041686149 0.005049180327868853 169
1746041687539 0.0050163934426229505 170
1746041688937 0.00498360655737705 171
1746041690338 0.004950819672131148 172
1746041691934 0.004918032786885246 173
1746041693523 0.004885245901639344 174
1746041694909 0.004852459016393443 175
1746041696297 0.004819672131147541 176
1746041697698 0.00478688524590164 177
1746041699087 0.004754098360655738 178
1746041700466 0.004721311475409836 179
1746041701866 0.0046885245901639346 180
1746041703254 0.004655737704918033 181
1746041704814 0.004622950819672131 182
1746041706211 0.0045901639344262295 183
1746041707623 0.004557377049180328 184
1746041709007 0.004524590163934426 185
1746041710387 0.004491803278688525 186
1746041711769 0.004459016393442623 187
1746041713184 0.004426229508196721 188
1746041714568 0.004393442622950819 189
1746041716038 0.004360655737704919 190
1746041717628 0.004327868852459017 191
1746041719033 0.004295081967213114 192
1746041720428 0.004262295081967213 193
1746041721829 0.004229508196721312 194
1746041723230 0.00419672131147541 195
1746041724622 0.0041639344262295085 196
1746041726019 0.004131147540983607 197
1746041727413 0.004098360655737705 198
1746041729030 0.0040655737704918034 199
1746041730420 0.004032786885245902 200
1746041731812 0.004 201
1746041733199 0.003967213114754098 202
1746041734587 0.003934426229508197 203
1746041735984 0.003901639344262295 204
1746041737383 0.003868852459016394 205
1746041738770 0.003836065573770492 206
1746041740199 0.00380327868852459 207
1746041741706 0.0037704918032786883 208
1746041743106 0.003737704918032787 209
1746041744498 0.0037049180327868854 210
1746041745893 0.0036721311475409837 211
1746041747296 0.0036393442622950824 212
1746041748689 0.0036065573770491803 213
1746041750073 0.0035737704918032786 214
1746041751472 0.003540983606557377 215
1746041753051 0.0035081967213114757 216
1746041754628 0.003475409836065574 217
1746041756011 0.0034426229508196723 218
1746041757399 0.0034098360655737702 219
1746041758787 0.003377049180327869 220
1746041760174 0.0033442622950819673 221
1746041761560 0.0033114754098360656 222
1746041762960 0.003278688524590164 223
1746041764341 0.0032459016393442627 224
1746041765894 0.0032131147540983606 225
1746041767281 0.003180327868852459 226
1746041768685 0.0031475409836065576 227
1746041770076 0.003114754098360656 228
1746041771467 0.0030819672131147543 229
1746041772851 0.003049180327868852 230
1746041774240 0.0030163934426229513 231
1746041775617 0.0029836065573770492 232
1746041777079 0.0029508196721311475 233
1746041778693 0.002918032786885246 234
1746041780090 0.0028852459016393446 235
1746041781470 0.002852459016393443 236
1746041782856 0.002819672131147541 237
1746041784252 0.002786885245901639 238
1746041785635 0.002754098360655738 239
1746041787036 0.002721311475409836 240
1746041788427 0.0026885245901639345 241
1746041789270 0.0026557377049180324 242
1746042209851 0.002622950819672131 243
1746042211306 0.0025901639344262295 244
1746042212907 0.0025573770491803278 245
1746042214305 0.0025245901639344265 246
1746042215708 0.002491803278688525 247
1746042217117 0.002459016393442623 248
1746042218517 0.0024262295081967215 249
1746042219898 0.00239344262295082 250
1746042221286 0.002360655737704918 251
1746042222677 0.0023278688524590164 252
1746042224190 0.0022950819672131148 253
1746042225602 0.002262295081967213 254
1746042226988 0.0022295081967213114 255
1746042228388 0.0021967213114754097 256
1746042229770 0.0021639344262295085 257
1746042231158 0.0021311475409836063 258
1746042232548 0.002098360655737705 259
1746042233931 0.0020655737704918034 260
1746042235317 0.0020327868852459017 261
1746042236835 0.002 262
1746042238226 0.0019672131147540984 263
1746042239610 0.001934426229508197 264
1746042240996 0.001901639344262295 265
1746042242382 0.0018688524590163935 266
1746042243761 0.0018360655737704918 267
1746042245162 0.0018032786885245902 268
1746042246544 0.0017704918032786885 269
1746042247961 0.001737704918032787 270
1746042249535 0.0017049180327868851 271
1746042250922 0.0016721311475409836 272
1746042252319 0.001639344262295082 273
1746042253702 0.0016065573770491803 274
1746042255086 0.0015737704918032788 275
1746042256478 0.0015409836065573771 276
1746042257862 0.0015081967213114757 277
1746042259244 0.0014754098360655738 278
1746042260785 0.0014426229508196723 279
1746042262250 0.0014098360655737704 280
1746042263650 0.001377049180327869 281
1746042265035 0.0013442622950819673 282
1746042266436 0.0013114754098360656 283
1746042267817 0.0012786885245901639 284
1746042269233 0.0012459016393442624 285
1746042270617 0.0012131147540983607 286
1746042272005 0.001180327868852459 287
1746042273544 0.0011475409836065574 288
1746042274963 0.0011147540983606557 289
1746042276352 0.0010819672131147542 290
1746042277741 0.0010491803278688525 291
1746042279134 0.0010163934426229509 292
1746042280525 0.0009836065573770492 293
1746042281911 0.0009508196721311475 294
1746042283299 0.0009180327868852459 295
1746042284694 0.0008852459016393442 296
1746042286314 0.0008524590163934426 297
1746042287722 0.000819672131147541 298
1746042289116 0.0007868852459016394 299
1746042290516 0.0007540983606557378 300
1746042291911 0.0007213114754098362 301
1746042293309 0.0006885245901639345 302
1746042294707 0.0006557377049180328 303
1746042296101 0.0006229508196721312 304
1746042297672 0.0005901639344262295 305
1746042299232 0.0005573770491803278 306
1746042300617 0.0005245901639344263 307
1746042302027 0.0004918032786885246 308
1746042303430 0.00045901639344262296 309
1746042304822 0.0004262295081967213 310
1746042306213 0.0003934426229508197 311
1746042307603 0.0003606557377049181 312
1746042309006 0.0003278688524590164 313
1746042310593 0.00029508196721311476 314
1746042312018 0.00026229508196721314 315
1746042313410 0.00022950819672131148 316
1746042314798 0.00019672131147540985 317
1746042316189 0.0001639344262295082 318
1746042317582 0.00013114754098360657 319
1746042318986 9.836065573770493e-05 320
1746042320384 6.557377049180328e-05 321
1746042322001 3.278688524590164e-05 322
1746042322935 0.0 323
