1745973071086 0.0004489337734412402 0
1745973075031 0.0 1
1745973079137 0.0 2
1745973083663 0.00021869076590519398 3
1745973087583 0.0 4
1745973091547 5.7860324886860326e-05 5
1745973096109 0.00015051929221954197 6
1745973100044 0.00013288154150359333 7
1745973103998 0.01680823042988777 8
1745973108828 0.018641896545886993 9
1745973112852 0.020387766882777214 10
1745973116797 0.017400594428181648 11
1745973121573 0.0514138825237751 12
1745973125517 0.04830484837293625 13
1745973129455 0.050133537501096725 14
1745973134301 0.05095348134636879 15
1745973138250 0.04793599992990494 16
1745973142195 0.05521539971232414 17
1745973147032 0.05394788458943367 18
1745973150973 0.053860075771808624 19
1745973154908 0.05492740124464035 20
1745973159750 0.05280841514468193 21
1745973163701 0.053714025765657425 22
1745973167641 0.054857801645994186 23
1745973172420 0.04999413341283798 24
1745973176376 0.04908182471990585 25
1745973180308 0.04889049381017685 26
1745973184835 0.05405251681804657 27
1745973188902 0.0498322956264019 28
1745973192827 0.050066713243722916 29
1745973197050 0.04694126546382904 30
1745973201311 0.04808986186981201 31
1745973205273 0.04715823754668236 32
1745973209275 0.04887240007519722 33
1745973213813 0.050421543419361115 34
1745973217789 0.04864827170968056 35
1745973221727 0.04764237627387047 36
1745973226433 0.049440011382102966 37
1745973230365 0.04594365879893303 38
1745973234349 0.05049813166260719 39
1745973239167 0.04988333210349083 40
1745973243114 0.04856673255562782 41
1745973247033 0.04969988018274307 42
1745973251889 0.04928351566195488 43
1745973255822 0.05248420313000679 44
1745973259768 0.050390347838401794 45
1745973264666 0.056658949702978134 46
1745973268627 0.05038328841328621 47
1745973272557 0.05526380240917206 48
1745973277448 0.05922681465744972 49
1745973281395 0.05386197939515114 50
1745973285330 0.058498576283454895 51
1745973290115 0.06141451373696327 52
1745973294105 0.05733690410852432 53
1745973298059 0.05856947973370552 54
1745973302665 0.05483028665184975 55
1745973306716 0.0590614415705204 56
1745973310665 0.05816569924354553 57
1745973315021 0.06201452389359474 58
1745973319220 0.060800470411777496 59
1745973323182 0.06193362921476364 60
1745973327270 0.05711620673537254 61
1745973331731 0.059076882898807526 62
1745973335711 0.056584227830171585 63
1745973339695 0.06265542656183243 64
1745973344363 0.06154489144682884 65
1745973348311 0.06057385727763176 66
1745973352260 0.05790496990084648 67
1745973357018 0.06464456021785736 68
1745973360966 0.06232546269893646 69
1745973364908 0.0608787015080452 70
1745973369758 0.06228618696331978 71
1745973373694 0.06586294621229172 72
1745973377641 0.06443408131599426 73
1745973382529 0.0685538649559021 74
1745973386495 0.06325843930244446 75
1745973390451 0.062462661415338516 76
1745973395323 0.06008583679795265 77
1745973399327 0.0638597384095192 78
1745973403314 0.06110793724656105 79
1745973405704 0.060623690485954285 80
1745974652823 0.06464479863643646 81
1745974656778 0.06806904077529907 82
1745974660771 0.0697253942489624 83
1745974665448 0.06708388775587082 84
1745974669438 0.07870171964168549 85
1745974673418 0.07516144216060638 86
1745974677855 0.07492756843566895 87
1745974681961 0.07542894035577774 88
1745974685911 0.08534272760152817 89
1745974690232 0.08478640019893646 90
1745974694399 0.09066896140575409 91
1745974698350 0.07965806871652603 92
1745974702455 0.08706318587064743 93
1745974706821 0.08935849368572235 94
1745974710789 0.08977711945772171 95
1745974714739 0.08967126905918121 96
1745974719273 0.09611132740974426 97
1745974723234 0.10150633007287979 98
1745974727180 0.10984481126070023 99
1745974731812 0.10369029641151428 100
1745974735762 0.11348091065883636 101
1745974739739 0.10830283910036087 102
1745974744442 0.10298876464366913 103
1745974748377 0.1106603741645813 104
1745974752346 0.10986097902059555 105
1745974757089 0.12092412263154984 106
1745974761036 0.11507128179073334 107
1745974764998 0.11527454107999802 108
1745974769806 0.11405767500400543 109
1745974773742 0.11499826610088348 110
1745974777694 0.11411311477422714 111
1745974782538 0.11224985122680664 112
1745974786522 0.11791543662548065 113
1745974790493 0.11908559501171112 114
1745974795309 0.119319848716259 115
1745974799273 0.12065400183200836 116
1745974803216 0.11682307720184326 117
1745974808058 0.12230109423398972 118
1745974812017 0.12245208024978638 119
1745974815998 0.11618684232234955 120
1745974820850 0.1213105246424675 121
1745974824848 0.12161602079868317 122
1745974828798 0.12362342327833176 123
1745974833660 0.12649103999137878 124
1745974837612 0.12148983776569366 125
1745974841596 0.1225401982665062 126
1745974846424 0.12135770916938782 127
1745974850365 0.12327052652835846 128
1745974854352 0.12544849514961243 129
1745974859172 0.1307634711265564 130
1745974863132 0.12296170741319656 131
1745974867062 0.1255480945110321 132
1745974871897 0.122465580701828 133
1745974875833 0.12188330292701721 134
1745974879777 0.12505750358104706 135
1745974884573 0.12572485208511353 136
1745974888525 0.13108821213245392 137
1745974892488 0.13347631692886353 138
1745974897350 0.1267814338207245 139
1745974901347 0.1349537968635559 140
1745974905310 0.1317662000656128 141
1745974910104 0.13305635750293732 142
1745974914094 0.13162052631378174 143
1745974918048 0.12905248999595642 144
1745974922790 0.13440410792827606 145
1745974926749 0.12902356684207916 146
1745974930691 0.12961041927337646 147
1745974935331 0.1351238191127777 148
1745974939316 0.129075288772583 149
1745974943284 0.1266072541475296 150
1745974947774 0.13212503492832184 151
1745974951887 0.13723571598529816 152
1745974955847 0.12878194451332092 153
1745974960245 0.13233812153339386 154
1745974964399 0.13477641344070435 155
1745974968349 0.13859042525291443 156
1745974972548 0.1392669379711151 157
1745974976777 0.14202724397182465 158
1745974980737 0.1414104849100113 159
1745974984822 0.1372978836297989 160
1745974987658 0.13959352672100067 161
