1745973071086 2.2989554405212402 0
1745973075031 2.2991645336151123 1
1745973079137 2.2960457801818848 2
1745973083663 2.297874689102173 3
1745973087583 2.296609401702881 4
1745973091547 2.299438714981079 5
1745973096109 2.298799753189087 6
1745973100044 2.294132709503174 7
1745973103998 2.177520513534546 8
1745973108828 2.1738154888153076 9
1745973112852 2.1783530712127686 10
1745973116797 2.17734956741333 11
1745973121573 2.064800977706909 12
1745973125517 2.0680031776428223 13
1745973129455 2.065241813659668 14
1745973134301 2.0685391426086426 15
1745973138250 1.9989556074142456 16
1745973142195 1.9997519254684448 17
1745973147032 1.9941524267196655 18
1745973150973 1.9976991415023804 19
1745973154908 1.9452705383300781 20
1745973159750 1.9475489854812622 21
1745973163701 1.9471445083618164 22
1745973167641 1.9493305683135986 23
1745973172420 1.9097185134887695 24
1745973176376 1.914363980293274 25
1745973180308 1.903799295425415 26
1745973184835 1.9083898067474365 27
1745973188902 1.8539698123931885 28
1745973192827 1.8613697290420532 29
1745973197050 1.854926347732544 30
1745973201311 1.8544065952301025 31
1745973205273 1.825974464416504 32
1745973209275 1.8226957321166992 33
1745973213813 1.8188036680221558 34
1745973217789 1.819960117340088 35
1745973221727 1.7859982252120972 36
1745973226433 1.7922474145889282 37
1745973230365 1.7735552787780762 38
1745973234349 1.7798892259597778 39
1745973239167 1.7513405084609985 40
1745973243114 1.7549420595169067 41
1745973247033 1.7447887659072876 42
1745973251889 1.7507669925689697 43
1745973255822 1.7269879579544067 44
1745973259768 1.7331364154815674 45
1745973264666 1.717240333557129 46
1745973268627 1.7255605459213257 47
1745973272557 1.7019150257110596 48
1745973277448 1.7064388990402222 49
1745973281395 1.7053933143615723 50
1745973285330 1.6993486881256104 51
1745973290115 1.6867040395736694 52
1745973294105 1.6899338960647583 53
1745973298059 1.6777037382125854 54
1745973302665 1.6846237182617188 55
1745973306716 1.6629194021224976 56
1745973310665 1.6700457334518433 57
1745973315021 1.6642200946807861 58
1745973319220 1.6724586486816406 59
1745973323182 1.6516976356506348 60
1745973327270 1.6477288007736206 61
1745973331731 1.6503559350967407 62
1745973335711 1.6590397357940674 63
1745973339695 1.644684910774231 64
1745973344363 1.645684003829956 65
1745973348311 1.6423957347869873 66
1745973352260 1.6430290937423706 67
1745973357018 1.631189227104187 68
1745973360966 1.637508511543274 69
1745973364908 1.6411434412002563 70
1745973369758 1.6420280933380127 71
1745973373694 1.6305766105651855 72
1745973377641 1.6229918003082275 73
1745973382529 1.6286876201629639 74
1745973386495 1.6253162622451782 75
1745973390451 1.6270828247070312 76
1745973395323 1.6264194250106812 77
1745973399327 1.6128093004226685 78
1745973403314 1.6288659572601318 79
1745973405704 1.6013294458389282 80
1745974652823 1.6203644275665283 81
1745974656778 1.620976448059082 82
1745974660771 1.606518268585205 83
1745974665448 1.619448184967041 84
1745974669438 1.6057015657424927 85
1745974673418 1.62144136428833 86
1745974677855 1.6110072135925293 87
1745974681961 1.6067888736724854 88
1745974685911 1.6058290004730225 89
1745974690232 1.6015207767486572 90
1745974694399 1.5917558670043945 91
1745974698350 1.6118857860565186 92
1745974702455 1.5886420011520386 93
1745974706821 1.5999648571014404 94
1745974710789 1.5960956811904907 95
1745974714739 1.5927677154541016 96
1745974719273 1.581794023513794 97
1745974723234 1.5843645334243774 98
1745974727180 1.5887501239776611 99
1745974731812 1.583701729774475 100
1745974735762 1.5769450664520264 101
1745974739739 1.582395076751709 102
1745974744442 1.5911849737167358 103
1745974748377 1.5860360860824585 104
1745974752346 1.5835455656051636 105
1745974757089 1.557786464691162 106
1745974761036 1.5742781162261963 107
1745974764998 1.5806576013565063 108
1745974769806 1.5780647993087769 109
1745974773742 1.5607233047485352 110
1745974777694 1.5756760835647583 111
1745974782538 1.572950005531311 112
1745974786522 1.573546051979065 113
1745974790493 1.5730050802230835 114
1745974795309 1.5731202363967896 115
1745974799273 1.5546633005142212 116
1745974803216 1.568791389465332 117
1745974808058 1.5579860210418701 118
1745974812017 1.575064778327942 119
1745974815998 1.5771453380584717 120
1745974820850 1.5641621351242065 121
1745974824848 1.5613843202590942 122
1745974828798 1.5426386594772339 123
1745974833660 1.5512807369232178 124
1745974837612 1.55671226978302 125
1745974841596 1.5520544052124023 126
1745974846424 1.555375576019287 127
1745974850365 1.5580220222473145 128
1745974854352 1.5470848083496094 129
1745974859172 1.53055739402771 130
1745974863132 1.5517821311950684 131
1745974867062 1.5457128286361694 132
1745974871897 1.5448317527770996 133
1745974875833 1.5570626258850098 134
1745974879777 1.5431146621704102 135
1745974884573 1.539520502090454 136
1745974888525 1.5420066118240356 137
1745974892488 1.541602611541748 138
1745974897350 1.543660044670105 139
1745974901347 1.5408838987350464 140
1745974905310 1.529801368713379 141
1745974910104 1.5348296165466309 142
1745974914094 1.5357004404067993 143
1745974918048 1.5514501333236694 144
1745974922790 1.5303481817245483 145
1745974926749 1.5294259786605835 146
1745974930691 1.542824149131775 147
1745974935331 1.5311386585235596 148
1745974939316 1.538506031036377 149
1745974943284 1.556609034538269 150
1745974947774 1.535949945449829 151
1745974951887 1.5297513008117676 152
1745974955847 1.5346465110778809 153
1745974960245 1.540922999382019 154
1745974964399 1.5230255126953125 155
1745974968349 1.5340460538864136 156
1745974972548 1.5230730772018433 157
1745974976777 1.5232115983963013 158
1745974980737 1.5142769813537598 159
1745974984822 1.5217654705047607 160
1745974987658 1.5148200988769531 161
