1745973071086 0.0 0
1745973075031 0.0 1
1745973079137 0.0 2
1745973083663 0.0005 3
1745973087583 0.0005 4
1745973091547 0.0005 5
1745973096109 0.0005 6
1745973100044 0.001 7
1745973103998 0.001 8
1745973108828 0.001 9
1745973112852 0.001 10
1745973116797 0.000975 11
1745973121573 0.000975 12
1745973125517 0.000975 13
1745973129455 0.000975 14
1745973134301 0.00095 15
1745973138250 0.00095 16
1745973142195 0.00095 17
1745973147032 0.00095 18
1745973150973 0.000925 19
1745973154908 0.000925 20
1745973159750 0.000925 21
1745973163701 0.000925 22
1745973167641 0.0009000000000000001 23
1745973172420 0.0009000000000000001 24
1745973176376 0.0009000000000000001 25
1745973180308 0.0009000000000000001 26
1745973184835 0.000875 27
1745973188902 0.000875 28
1745973192827 0.000875 29
1745973197050 0.000875 30
1745973201311 0.00085 31
1745973205273 0.00085 32
1745973209275 0.00085 33
1745973213813 0.00085 34
1745973217789 0.000825 35
1745973221727 0.000825 36
1745973226433 0.000825 37
1745973230365 0.000825 38
1745973234349 0.0008 39
1745973239167 0.0008 40
1745973243114 0.0008 41
1745973247033 0.0008 42
1745973251889 0.0007750000000000001 43
1745973255822 0.0007750000000000001 44
1745973259768 0.0007750000000000001 45
1745973264666 0.0007750000000000001 46
1745973268627 0.00075 47
1745973272557 0.00075 48
1745973277448 0.00075 49
1745973281395 0.00075 50
1745973285330 0.000725 51
1745973290115 0.000725 52
1745973294105 0.000725 53
1745973298059 0.000725 54
1745973302665 0.0007 55
1745973306716 0.0007 56
1745973310665 0.0007 57
1745973315021 0.0007 58
1745973319220 0.000675 59
1745973323182 0.000675 60
1745973327270 0.000675 61
1745973331731 0.000675 62
1745973335711 0.0006500000000000001 63
1745973339695 0.0006500000000000001 64
1745973344363 0.0006500000000000001 65
1745973348311 0.0006500000000000001 66
1745973352260 0.000625 67
1745973357018 0.000625 68
1745973360966 0.000625 69
1745973364908 0.000625 70
1745973369758 0.0006 71
1745973373694 0.0006 72
1745973377641 0.0006 73
1745973382529 0.0006 74
1745973386495 0.000575 75
1745973390451 0.000575 76
1745973395323 0.000575 77
1745973399327 0.000575 78
1745973403314 0.00055 79
1745973405704 0.0005250000000000001 80
1745974652823 0.0005250000000000001 81
1745974656778 0.0005250000000000001 82
1745974660771 0.0005250000000000001 83
1745974665448 0.0005 84
1745974669438 0.0005 85
1745974673418 0.0005 86
1745974677855 0.0005 87
1745974681961 0.000475 88
1745974685911 0.000475 89
1745974690232 0.000475 90
1745974694399 0.000475 91
1745974698350 0.00045000000000000004 92
1745974702455 0.00045000000000000004 93
1745974706821 0.00045000000000000004 94
1745974710789 0.00045000000000000004 95
1745974714739 0.000425 96
1745974719273 0.000425 97
1745974723234 0.000425 98
1745974727180 0.000425 99
1745974731812 0.0004 100
1745974735762 0.0004 101
1745974739739 0.0004 102
1745974744442 0.0004 103
1745974748377 0.000375 104
1745974752346 0.000375 105
1745974757089 0.000375 106
1745974761036 0.000375 107
1745974764998 0.00035 108
1745974769806 0.00035 109
1745974773742 0.00035 110
1745974777694 0.00035 111
1745974782538 0.00032500000000000004 112
1745974786522 0.00032500000000000004 113
1745974790493 0.00032500000000000004 114
1745974795309 0.00032500000000000004 115
1745974799273 0.0003 116
1745974803216 0.0003 117
1745974808058 0.0003 118
1745974812017 0.0003 119
1745974815998 0.000275 120
1745974820850 0.000275 121
1745974824848 0.000275 122
1745974828798 0.000275 123
1745974833660 0.00025 124
1745974837612 0.00025 125
1745974841596 0.00025 126
1745974846424 0.00025 127
1745974850365 0.00022500000000000002 128
1745974854352 0.00022500000000000002 129
1745974859172 0.00022500000000000002 130
1745974863132 0.00022500000000000002 131
1745974867062 0.0002 132
1745974871897 0.0002 133
1745974875833 0.0002 134
1745974879777 0.0002 135
1745974884573 0.000175 136
1745974888525 0.000175 137
1745974892488 0.000175 138
1745974897350 0.000175 139
1745974901347 0.00015 140
1745974905310 0.00015 141
1745974910104 0.00015 142
1745974914094 0.00015 143
1745974918048 0.000125 144
1745974922790 0.000125 145
1745974926749 0.000125 146
1745974930691 0.000125 147
1745974935331 0.0001 148
1745974939316 0.0001 149
1745974943284 0.0001 150
1745974947774 0.0001 151
1745974951887 7.5e-05 152
1745974955847 7.5e-05 153
1745974960245 7.5e-05 154
1745974964399 7.5e-05 155
1745974968349 5e-05 156
1745974972548 5e-05 157
1745974976777 5e-05 158
1745974980737 5e-05 159
1745974984822 2.5e-05 160
1745974987658 0.0 161
