1745940068181 9.137843132019043 0
1745940073159 9.142308235168457 1
1745940077411 9.142623901367188 2
1745940081612 9.136281967163086 3
1745940086505 9.128159523010254 4
1745940090790 9.117429733276367 5
1745940095044 9.110512733459473 6
1745940100002 9.095237731933594 7
1745940104292 9.073929786682129 8
1745940108470 9.043023109436035 9
1745940113520 9.020092010498047 10
1745940117745 8.979364395141602 11
1745940121944 8.962105751037598 12
1745940126977 8.925115585327148 13
1745940131189 8.891937255859375 14
1745940135406 8.8577299118042 15
1745940140439 8.812673568725586 16
1745940144631 8.777826309204102 17
1745940148852 8.751908302307129 18
1745940153941 8.686245918273926 19
1745940158194 8.64327335357666 20
1745940162406 8.59710693359375 21
1745940167561 8.565042495727539 22
1745940171714 8.515880584716797 23
1745940175930 8.48665714263916 24
1745940181128 8.429794311523438 25
1745940185329 8.394733428955078 26
1745940189554 8.365616798400879 27
1745940194713 8.297441482543945 28
1745940198896 8.26814079284668 29
1745940203100 8.248855590820312 30
1745940208235 8.222281455993652 31
1745940212464 8.160767555236816 32
1745940216659 8.148526191711426 33
1745940221821 8.122801780700684 34
1745940226054 8.068653106689453 35
1745940230247 8.021718978881836 36
1745940235314 7.992180824279785 37
1745940239488 8.000432968139648 38
1745940243690 7.945266246795654 39
1745940248653 7.937931537628174 40
1745940252827 7.88287353515625 41
1745940257064 7.851105213165283 42
1745940261968 7.846646785736084 43
1745940266155 7.836361408233643 44
1745940270434 7.755346775054932 45
1745940275250 7.789977550506592 46
1745940279445 7.742392063140869 47
1745940283851 7.686893463134766 48
1745940288543 7.680057525634766 49
1745940292731 7.645272731781006 50
1745940297249 7.610568046569824 51
1745940301801 7.587082862854004 52
1745940306024 7.554036617279053 53
1745940310667 7.5169267654418945 54
1745940315081 7.488379001617432 55
1745940319282 7.463217258453369 56
1745940323939 7.424962997436523 57
1745940328261 7.408442974090576 58
1745940332478 7.377286911010742 59
1745940337272 7.344894886016846 60
1745940341627 7.310474395751953 61
1745940345810 7.271420955657959 62
1745940350692 7.229536533355713 63
1745940354947 7.191219329833984 64
1745940359194 7.175149917602539 65
1745940364124 7.1652374267578125 66
1745940368398 7.110384941101074 67
1745940372592 7.080029010772705 68
1745940377678 7.072558403015137 69
1745940381871 7.04495096206665 70
1745940386050 6.998991966247559 71
1745940391189 7.028385639190674 72
1745940395392 6.944817543029785 73
1745940399604 6.947772026062012 74
1745940404692 6.864457130432129 75
1745940408860 6.915261268615723 76
1745940413097 6.9093523025512695 77
1745940418167 6.868879795074463 78
1745940422329 6.878763198852539 79
1745940424689 6.857461929321289 80
