1745940068181 0.0001915953471325338 0
1745940073159 0.0 1
1745940077411 0.00026952361804433167 2
1745940081612 0.00033605913631618023 3
1745940086505 0.00010014019790105522 4
1745940090790 0.0001729904324747622 5
1745940095044 0.00013348461652640253 6
1745940100002 0.0002588259521871805 7
1745940104292 0.00017700159514788538 8
1745940108470 0.0001998401276068762 9
1745940113520 0.0005469711613841355 10
1745940117745 0.0005926511366851628 11
1745940121944 0.0017236624844372272 12
1745940126977 0.003390069818124175 13
1745940131189 0.005943434778600931 14
1745940135406 0.008434800431132317 15
1745940140439 0.018244899809360504 16
1745940144631 0.022893989458680153 17
1745940148852 0.030933160334825516 18
1745940153941 0.040876004844903946 19
1745940158194 0.051506705582141876 20
1745940162406 0.05641120672225952 21
1745940167561 0.056311801075935364 22
1745940171714 0.05919300764799118 23
1745940175930 0.05796800181269646 24
1745940181128 0.05948392301797867 25
1745940185329 0.059278059750795364 26
1745940189554 0.05865006521344185 27
1745940194713 0.06118820980191231 28
1745940198896 0.06077348068356514 29
1745940203100 0.06080767512321472 30
1745940208235 0.05922994390130043 31
1745940212464 0.05843276530504227 32
1745940216659 0.06130122020840645 33
1745940221821 0.057524360716342926 34
1745940226054 0.06039513647556305 35
1745940230247 0.06298438459634781 36
1745940235314 0.06246023252606392 37
1745940239488 0.061852723360061646 38
1745940243690 0.05857519805431366 39
1745940248653 0.06295117735862732 40
1745940252827 0.06304071098566055 41
1745940257064 0.06407570093870163 42
1745940261968 0.061965685337781906 43
1745940266155 0.05915924161672592 44
1745940270434 0.061592236161231995 45
1745940275250 0.05767298862338066 46
1745940279445 0.06219378486275673 47
1745940283851 0.062425825744867325 48
1745940288543 0.057624299079179764 49
1745940292731 0.06337081640958786 50
1745940297249 0.059023141860961914 51
1745940301801 0.06374529749155045 52
1745940306024 0.06307365000247955 53
1745940310667 0.06335430592298508 54
1745940315081 0.06526006013154984 55
1745940319282 0.06316720694303513 56
1745940323939 0.05994020774960518 57
1745940328261 0.05929393321275711 58
1745940332478 0.06396602094173431 59
1745940337272 0.060711245983839035 60
1745940341627 0.06165512651205063 61
1745940345810 0.05866631865501404 62
1745940350692 0.059090908616781235 63
1745940354947 0.06551410257816315 64
1745940359194 0.06564201414585114 65
1745940364124 0.05972570553421974 66
1745940368398 0.06323427706956863 67
1745940372592 0.06439196318387985 68
1745940377678 0.06480304896831512 69
1745940381871 0.061740003526210785 70
1745940386050 0.06535107642412186 71
1745940391189 0.05884607881307602 72
1745940395392 0.062495097517967224 73
1745940399604 0.06443112343549728 74
1745940404692 0.06471408903598785 75
1745940408860 0.05368895083665848 76
1745940413097 0.05717753246426582 77
1745940418167 0.06533356010913849 78
1745940422329 0.06192967668175697 79
1745940424689 0.06661553680896759 80
