1745940068181 5e-06 0
1745940073159 1e-05 1
1745940077411 1.5e-05 2
1745940081612 2e-05 3
1745940086505 2.5e-05 4
1745940090790 3e-05 5
1745940095044 3.5000000000000004e-05 6
1745940100002 4e-05 7
1745940104292 4.4999999999999996e-05 8
1745940108470 5e-05 9
1745940113520 5.5e-05 10
1745940117745 6e-05 11
1745940121944 6.500000000000001e-05 12
1745940126977 7.000000000000001e-05 13
1745940131189 7.5e-05 14
1745940135406 8e-05 15
1745940140439 8.5e-05 16
1745940144631 8.999999999999999e-05 17
1745940148852 9.5e-05 18
1745940153941 0.0001 19
1745940158194 0.000105 20
1745940162406 0.00011 21
1745940167561 0.000115 22
1745940171714 0.00012 23
1745940175930 0.000125 24
1745940181128 0.00013000000000000002 25
1745940185329 0.000135 26
1745940189554 0.00014000000000000001 27
1745940194713 0.000145 28
1745940198896 0.00015 29
1745940203100 0.000155 30
1745940208235 0.00016 31
1745940212464 0.000165 32
1745940216659 0.00017 33
1745940221821 0.000175 34
1745940226054 0.00017999999999999998 35
1745940230247 0.000185 36
1745940235314 0.00019 37
1745940239488 0.00019500000000000002 38
1745940243690 0.0002 39
1745940248653 0.000205 40
1745940252827 0.00021 41
1745940257064 0.000215 42
1745940261968 0.00022 43
1745940266155 0.00022500000000000002 44
1745940270434 0.00023 45
1745940275250 0.000235 46
1745940279445 0.00024 47
1745940283851 0.000245 48
1745940288543 0.00025 49
1745940292731 0.000255 50
1745940297249 0.00026000000000000003 51
1745940301801 0.00026500000000000004 52
1745940306024 0.00027 53
1745940310667 0.000275 54
1745940315081 0.00028000000000000003 55
1745940319282 0.000285 56
1745940323939 0.00029 57
1745940328261 0.000295 58
1745940332478 0.0003 59
1745940337272 0.000305 60
1745940341627 0.00031 61
1745940345810 0.000315 62
1745940350692 0.00032 63
1745940354947 0.00032500000000000004 64
1745940359194 0.00033 65
1745940364124 0.000335 66
1745940368398 0.00034 67
1745940372592 0.000345 68
1745940377678 0.00035 69
1745940381871 0.000355 70
1745940386050 0.00035999999999999997 71
1745940391189 0.000365 72
1745940395392 0.00037 73
1745940399604 0.000375 74
1745940404692 0.00038 75
1745940408860 0.00038500000000000003 76
1745940413097 0.00039000000000000005 77
1745940418167 0.000395 78
1745940422329 0.0004 79
1745940424689 0.00040500000000000003 80
