1746052099930 6.895600381540135e-05 0
1746052105572 0.0 1
1746052111665 0.00012517994036898017 2
1746052117326 0.0 3
1746052122887 0.0004305307811591774 4
1746052128912 0.0020187338814139366 5
1746052134437 0.015310510993003845 6
1746052140744 0.046524398028850555 7
1746052146248 0.05787920206785202 8
1746052152634 0.058213092386722565 9
1746052158152 0.0573439784348011 10
1746052164532 0.05537015572190285 11
1746052170044 0.058397307991981506 12
1746052176047 0.06202980875968933 13
1746052181727 0.06796760112047195 14
1746052187238 0.0720599815249443 15
1746052193396 0.06756654381752014 16
1746052198925 0.0728367269039154 17
1746052205255 0.07258370518684387 18
1746052210757 0.07457298785448074 19
1746052217170 0.07606010138988495 20
1746052222650 0.0767679288983345 21
1746052229067 0.07126252353191376 22
1746052234599 0.06868067383766174 23
1746052240629 0.07396691292524338 24
1746052246290 0.0709703266620636 25
1746052251935 0.07227262109518051 26
1746052257947 0.07151852548122406 27
1746052263626 0.07248116284608841 28
1746052269978 0.07809149473905563 29
1746052275572 0.07143988460302353 30
1746052281885 0.07813119888305664 31
1746052287375 0.07806847989559174 32
1746052293700 0.07057593017816544 33
1746052299218 0.06757991015911102 34
1746052305377 0.07411575317382812 35
1746052310936 0.07091055810451508 36
1746052316651 0.07216569036245346 37
1746052322470 0.07140198349952698 38
1746052327936 0.06697334349155426 39
1746052334301 0.07372894138097763 40
1746052339772 0.07622408866882324 41
1746052346106 0.06896816194057465 42
1746052351570 0.0656786784529686 43
1746052357858 0.07294592261314392 44
1746052363346 0.07248400896787643 45
1746052369504 0.0703081414103508 46
1746052375085 0.07644614577293396 47
1746052380660 0.06779085099697113 48
1746052386552 0.07444150745868683 49
1746052392035 0.07273171842098236 50
1746052398343 0.0758604183793068 51
1746052404106 0.07241001725196838 52
1746052410547 0.07044757157564163 53
1746052416206 0.07293330132961273 54
1746052422965 0.06935438513755798 55
1746052429014 0.07361473888158798 56
1746052435574 0.07113871723413467 57
1746052441160 0.07173770666122437 58
1746052447693 0.06892570853233337 59
1746052453526 0.06955792754888535 60
1746052459919 0.07144104689359665 61
1746052465893 0.0683508887887001 62
1746052471789 0.07380766421556473 63
1746052477870 0.070086270570755 64
1746052483559 0.07312900573015213 65
1746052490010 0.07058741897344589 66
1746052495732 0.07372061163187027 67
1746052502272 0.07212048023939133 68
1746052507938 0.06865671277046204 69
1746052514445 0.0770883858203888 70
1746052520030 0.06974940001964569 71
1746052526528 0.07388830929994583 72
1746052532111 0.0733984187245369 73
1746052538577 0.0737263485789299 74
1746052544105 0.07044784724712372 75
1746052550109 0.07665079832077026 76
1746052555888 0.0721130445599556 77
1746052561484 0.07096387445926666 78
1746052567653 0.07169509679079056 79
1746052573232 0.0721193328499794 80
1746052579734 0.07300970703363419 81
1746052585316 0.06969913840293884 82
1746052591864 0.06832525879144669 83
1746052597529 0.07064255326986313 84
1746052604101 0.06957334280014038 85
1746052609802 0.07222442328929901 86
1746052616334 0.0721748098731041 87
1746052622005 0.07388955354690552 88
1746052628350 0.067516028881073 89
1746052634226 0.0723424032330513 90
1746052640218 0.07416625320911407 91
