1746052099930 9.548007011413574 0
1746052105572 9.550048828125 1
1746052111665 9.508907318115234 2
1746052117326 9.430211067199707 3
1746052122887 9.30264663696289 4
1746052128912 9.133604049682617 5
1746052134437 8.912028312683105 6
1746052140744 8.677547454833984 7
1746052146248 8.422385215759277 8
1746052152634 8.176115989685059 9
1746052158152 7.929408073425293 10
1746052164532 7.6613874435424805 11
1746052170044 7.351240158081055 12
1746052176047 7.100417613983154 13
1746052181727 6.927082538604736 14
1746052187238 6.713265419006348 15
1746052193396 6.576730251312256 16
1746052198925 6.525084495544434 17
1746052205255 6.476416110992432 18
1746052210757 6.608631610870361 19
1746052217170 6.603806495666504 20
1746052222650 6.666714668273926 21
1746052229067 6.680996894836426 22
1746052234599 6.541149616241455 23
1746052240629 6.466176986694336 24
1746052246290 6.514593601226807 25
1746052251935 6.540136814117432 26
1746052257947 6.4973955154418945 27
1746052263626 6.475416660308838 28
1746052269978 6.424267768859863 29
1746052275572 6.441211223602295 30
1746052281885 6.521517753601074 31
1746052287375 6.4989519119262695 32
1746052293700 6.497710227966309 33
1746052299218 6.513505935668945 34
1746052305377 6.486923694610596 35
1746052310936 6.48460054397583 36
1746052316651 6.461611270904541 37
1746052322470 6.457921504974365 38
1746052327936 6.492949485778809 39
1746052334301 6.4286675453186035 40
1746052339772 6.449754238128662 41
1746052346106 6.443844318389893 42
1746052351570 6.457355499267578 43
1746052357858 6.4792256355285645 44
1746052363346 6.410073757171631 45
1746052369504 6.357359409332275 46
1746052375085 6.435193061828613 47
1746052380660 6.448522567749023 48
1746052386552 6.420175075531006 49
1746052392035 6.40841007232666 50
1746052398343 6.4403300285339355 51
1746052404106 6.386870861053467 52
1746052410547 6.420958518981934 53
1746052416206 6.39989709854126 54
1746052422965 6.433023929595947 55
1746052429014 6.408100605010986 56
1746052435574 6.460752010345459 57
1746052441160 6.455470561981201 58
1746052447693 6.445038795471191 59
1746052453526 6.395073413848877 60
1746052459919 6.445187568664551 61
1746052465893 6.465898036956787 62
1746052471789 6.415977478027344 63
1746052477870 6.453663349151611 64
1746052483559 6.363914489746094 65
1746052490010 6.414806842803955 66
1746052495732 6.416396141052246 67
1746052502272 6.481429100036621 68
1746052507938 6.478307247161865 69
1746052514445 6.389200687408447 70
1746052520030 6.45986270904541 71
1746052526528 6.42892599105835 72
1746052532111 6.41694450378418 73
1746052538577 6.470987796783447 74
1746052544105 6.406665802001953 75
1746052550109 6.374967575073242 76
1746052555888 6.447649955749512 77
1746052561484 6.433902740478516 78
1746052567653 6.422979831695557 79
1746052573232 6.411891937255859 80
1746052579734 6.370907306671143 81
1746052585316 6.426376819610596 82
1746052591864 6.472590923309326 83
1746052597529 6.418964385986328 84
1746052604101 6.468321800231934 85
1746052609802 6.38510274887085 86
1746052616334 6.438741683959961 87
1746052622005 6.423793792724609 88
1746052628350 6.3822736740112305 89
1746052634226 6.517433166503906 90
1746052640218 6.411432266235352 91
