1746052099930 0.00045454545454545455 0
1746052105572 0.0009090909090909091 1
1746052111665 0.0013636363636363635 2
1746052117326 0.0018181818181818182 3
1746052122887 0.0022727272727272726 4
1746052128912 0.002727272727272727 5
1746052134437 0.003181818181818182 6
1746052140744 0.0036363636363636364 7
1746052146248 0.004090909090909091 8
1746052152634 0.004545454545454545 9
1746052158152 0.005 10
1746052164532 0.005454545454545454 11
1746052170044 0.00590909090909091 12
1746052176047 0.006363636363636364 13
1746052181727 0.006818181818181818 14
1746052187238 0.007272727272727273 15
1746052193396 0.007727272727272728 16
1746052198925 0.008181818181818182 17
1746052205255 0.008636363636363636 18
1746052210757 0.00909090909090909 19
1746052217170 0.009545454545454546 20
1746052222650 0.01 21
1746052229067 0.009971098265895954 22
1746052234599 0.009942196531791908 23
1746052240629 0.009913294797687862 24
1746052246290 0.009884393063583815 25
1746052251935 0.009855491329479769 26
1746052257947 0.009826589595375723 27
1746052263626 0.009797687861271677 28
1746052269978 0.00976878612716763 29
1746052275572 0.009739884393063584 30
1746052281885 0.009710982658959538 31
1746052287375 0.009682080924855492 32
1746052293700 0.009653179190751445 33
1746052299218 0.0096242774566474 34
1746052305377 0.009595375722543353 35
1746052310936 0.009566473988439307 36
1746052316651 0.00953757225433526 37
1746052322470 0.009508670520231214 38
1746052327936 0.009479768786127168 39
1746052334301 0.009450867052023122 40
1746052339772 0.009421965317919076 41
1746052346106 0.00939306358381503 42
1746052351570 0.009364161849710983 43
1746052357858 0.009335260115606937 44
1746052363346 0.00930635838150289 45
1746052369504 0.009277456647398844 46
1746052375085 0.009248554913294798 47
1746052380660 0.009219653179190752 48
1746052386552 0.009190751445086706 49
1746052392035 0.00916184971098266 50
1746052398343 0.009132947976878613 51
1746052404106 0.009104046242774567 52
1746052410547 0.009075144508670521 53
1746052416206 0.009046242774566475 54
1746052422965 0.009017341040462428 55
1746052429014 0.008988439306358382 56
1746052435574 0.008959537572254336 57
1746052441160 0.00893063583815029 58
1746052447693 0.008901734104046244 59
1746052453526 0.008872832369942197 60
1746052459919 0.00884393063583815 61
1746052465893 0.008815028901734105 62
1746052471789 0.008786127167630059 63
1746052477870 0.008757225433526012 64
1746052483559 0.008728323699421964 65
1746052490010 0.00869942196531792 66
1746052495732 0.008670520231213874 67
1746052502272 0.008641618497109827 68
1746052507938 0.00861271676300578 69
1746052514445 0.008583815028901735 70
1746052520030 0.008554913294797689 71
1746052526528 0.008526011560693643 72
1746052532111 0.008497109826589595 73
1746052538577 0.00846820809248555 74
1746052544105 0.008439306358381504 75
1746052550109 0.008410404624277458 76
1746052555888 0.00838150289017341 77
1746052561484 0.008352601156069365 78
1746052567653 0.008323699421965319 79
1746052573232 0.008294797687861271 80
1746052579734 0.008265895953757225 81
1746052585316 0.008236994219653179 82
1746052591864 0.008208092485549134 83
1746052597529 0.008179190751445086 84
1746052604101 0.00815028901734104 85
1746052609802 0.008121387283236994 86
1746052616334 0.00809248554913295 87
1746052622005 0.008063583815028901 88
1746052628350 0.008034682080924855 89
1746052634226 0.008005780346820809 90
1746052640218 0.007976878612716764 91
