1745549575045 9.117096900939941 0
1745549579759 8.489067077636719 1
1745549583674 7.77093505859375 2
1745549587385 7.177023410797119 3
1745549591213 6.704314231872559 4
1745549595455 6.505268573760986 5
1745549599156 6.4910078048706055 6
1745549602864 6.518542766571045 7
1745549607487 6.521589756011963 8
1745549611178 6.494049549102783 9
1745549614892 6.482534408569336 10
1745549619382 6.3543219566345215 11
1745549623125 6.333041191101074 12
1745549626818 6.390013217926025 13
1745549630812 6.393911361694336 14
1745549634921 6.3997931480407715 15
1745549638585 6.304051399230957 16
1745549642283 6.262416839599609 17
1745549646883 6.343272686004639 18
1745549650559 6.283910274505615 19
1745549654238 6.2860307693481445 20
1745549658803 6.207583427429199 21
1745549662502 6.19513463973999 22
1745549666181 6.142723083496094 23
1745549670205 6.128111839294434 24
1745549674290 6.138764381408691 25
1745549677969 6.003340244293213 26
1745549681640 5.935950756072998 27
1745549686214 6.039759159088135 28
1745549689913 5.9681220054626465 29
1745549693610 5.898838996887207 30
1745549698171 5.822281837463379 31
1745549701866 5.860426902770996 32
1745549705611 5.841253757476807 33
1745549709728 5.7476091384887695 34
1745549713707 5.73590612411499 35
1745549717410 5.741570472717285 36
1745549721106 5.730684757232666 37
1745549725604 5.563235759735107 38
1745549729301 5.601334571838379 39
1745549733006 5.480695724487305 40
1745549737633 5.632246017456055 41
1745549741321 5.507711887359619 42
1745549745021 5.445387840270996 43
1745549749227 5.385860919952393 44
1745549753137 5.491439342498779 45
1745549756841 5.377700328826904 46
1745549760533 5.517300128936768 47
1745549765052 5.357036590576172 48
1745549768740 5.35867977142334 49
1745549772430 5.35705041885376 50
1745549777027 5.374255657196045 51
1745549780704 5.329482555389404 52
1745549784394 5.3100266456604 53
1745549788670 5.295654296875 54
1745549792592 5.260821342468262 55
1745549796288 5.227390766143799 56
1745549799998 5.273195743560791 57
1745549804358 5.188558101654053 58
1745549808101 5.225070476531982 59
1745549811780 5.165153503417969 60
1745549816335 5.245118141174316 61
1745549820021 5.083539962768555 62
1745549823726 5.138525485992432 63
1745549828113 5.291197299957275 64
1745549831912 5.094693660736084 65
1745549835593 5.227642059326172 66
1745549839344 5.011045455932617 67
1745549843694 5.061184883117676 68
1745549847353 5.0679497718811035 69
1745549851046 5.011686325073242 70
1745549855678 5.023835182189941 71
1745549859342 5.144402503967285 72
1745549863018 5.084656715393066 73
1745549867375 5.055802822113037 74
1745549871212 4.9438605308532715 75
1745549874870 5.047586441040039 76
1745549878625 4.882635116577148 77
1745549883028 4.933593273162842 78
1745549886752 4.999727725982666 79
1745549888827 5.062917232513428 80
1745549927000 4.949282646179199 81
1745549930689 4.943312644958496 82
1745549935070 4.842080593109131 83
1745549938738 4.8159685134887695 84
1745549942431 4.87631893157959 85
1745549947058 4.8514909744262695 86
1745549950749 4.943270683288574 87
1745549954436 4.868546009063721 88
1745549958723 4.827294826507568 89
1745549962577 4.888972759246826 90
1745549966260 4.807888031005859 91
1745549969952 4.845935821533203 92
1745549974348 4.866489410400391 93
1745549978022 4.8729705810546875 94
1745549981700 4.756987571716309 95
1745549986326 4.870782852172852 96
1745549989976 4.801966190338135 97
1745549993661 4.791980743408203 98
1745549997912 4.786596775054932 99
1745550001768 4.697023868560791 100
1745550005502 4.716569900512695 101
1745550009207 4.682857990264893 102
1745550013574 4.756780624389648 103
1745550017268 4.85062837600708 104
1745550020954 4.879584789276123 105
1745550025559 4.9348554611206055 106
1745550029229 4.765501976013184 107
1745550032943 4.643250465393066 108
1745550037261 4.678203105926514 109
1745550041076 4.757448673248291 110
1745550044761 4.793487071990967 111
1745550048512 4.812591075897217 112
1745550052891 4.718283653259277 113
1745550056550 4.669254302978516 114
1745550060210 4.7810959815979 115
1745550064886 4.781607627868652 116
1745550068574 4.688296794891357 117
1745550072233 4.686107635498047 118
1745550076542 4.821589469909668 119
1745550080380 4.738340377807617 120
1745550084064 4.693914413452148 121
1745550087796 4.693538188934326 122
1745550092165 4.727074146270752 123
1745550095841 4.7062602043151855 124
1745550099514 4.706090450286865 125
1745550104098 4.766195774078369 126
1745550107785 4.654821872711182 127
1745550111449 4.625563144683838 128
1745550115791 4.697211742401123 129
1745550119601 4.670782089233398 130
1745550123313 4.625121593475342 131
1745550127129 4.638312339782715 132
1745550131420 4.635464191436768 133
1745550135073 4.680942058563232 134
1745550138768 4.608952522277832 135
1745550143380 4.668370246887207 136
1745550147047 4.590019226074219 137
1745550150703 4.669108867645264 138
1745550155191 4.622743606567383 139
1745550158956 4.56642484664917 140
1745550162612 4.5522990226745605 141
1745550166474 4.626168251037598 142
1745550170686 4.640029430389404 143
1745550174348 4.667862415313721 144
1745550178001 4.62702751159668 145
1745550182587 4.64669132232666 146
1745550186392 4.625284194946289 147
1745550190065 4.564333438873291 148
1745550194529 4.631146430969238 149
1745550198269 4.582944869995117 150
1745550201949 4.646022796630859 151
1745550205832 4.602294445037842 152
1745550209978 4.633663177490234 153
1745550213665 4.577522277832031 154
1745550217320 4.632040023803711 155
1745550221943 4.560349941253662 156
1745550225650 4.664682865142822 157
1745550229359 4.585044860839844 158
1745550233901 4.636475563049316 159
1745550237658 4.590921878814697 160
1745550239750 4.550785064697266 161
