1745549575045 0.00036345134139992297 0
1745549579759 0.055198777467012405 1
1745549583674 0.03687315806746483 2
1745549587385 0.03432559594511986 3
1745549591213 0.035157233476638794 4
1745549595455 0.058154817670583725 5
1745549599156 0.05700630322098732 6
1745549602864 0.05708661302924156 7
1745549607487 0.0582893081009388 8
1745549611178 0.014982664957642555 9
1745549614892 0.012634601444005966 10
1745549619382 0.05946408957242966 11
1745549623125 0.06082640960812569 12
1745549626818 0.06793852150440216 13
1745549630812 0.0574035719037056 14
1745549634921 0.06137184053659439 15
1745549638585 0.06378760933876038 16
1745549642283 0.060824982821941376 17
1745549646883 0.06441371887922287 18
1745549650559 0.06543853133916855 19
1745549654238 0.07818476855754852 20
1745549658803 0.08122356235980988 21
1745549662502 0.07952982932329178 22
1745549666181 0.08914845436811447 23
1745549670205 0.1055038571357727 24
1745549674290 0.09932209551334381 25
1745549677969 0.11096972972154617 26
1745549681640 0.11943069100379944 27
1745549686214 0.1025693416595459 28
1745549689913 0.122726209461689 29
1745549693610 0.12195917218923569 30
1745549698171 0.13286712765693665 31
1745549701866 0.12818850576877594 32
1745549705611 0.12931591272354126 33
1745549709728 0.137873575091362 34
1745549713707 0.1293061077594757 35
1745549717410 0.1333649754524231 36
1745549721106 0.13133864104747772 37
1745549725604 0.14381790161132812 38
1745549729301 0.13848820328712463 39
1745549733006 0.15142355859279633 40
1745549737633 0.14473150670528412 41
1745549741321 0.14975041151046753 42
1745549745021 0.1597898155450821 43
1745549749227 0.1544710099697113 44
1745549753137 0.15786056220531464 45
1745549756841 0.15614576637744904 46
1745549760533 0.15549704432487488 47
1745549765052 0.1682436317205429 48
1745549768740 0.1589963436126709 49
1745549772430 0.16216039657592773 50
1745549777027 0.15939587354660034 51
1745549780704 0.16891594231128693 52
1745549784394 0.16371962428092957 53
1745549788670 0.1647268384695053 54
1745549792592 0.17338436841964722 55
1745549796288 0.17629322409629822 56
1745549799998 0.17366164922714233 57
1745549804358 0.1795647293329239 58
1745549808101 0.16958916187286377 59
1745549811780 0.17685899138450623 60
1745549816335 0.17571629583835602 61
1745549820021 0.1932287961244583 62
1745549823726 0.1877972036600113 63
1745549828113 0.17688295245170593 64
1745549831912 0.17782273888587952 65
1745549835593 0.1725202202796936 66
1745549839344 0.1884353756904602 67
1745549843694 0.18729530274868011 68
1745549847353 0.1896684169769287 69
1745549851046 0.1886812150478363 70
1745549855678 0.18955464661121368 71
1745549859342 0.1743406355381012 72
1745549863018 0.18232113122940063 73
1745549867375 0.1890495866537094 74
1745549871212 0.19404387474060059 75
1745549874870 0.18631914258003235 76
1745549878625 0.20264166593551636 77
1745549883028 0.19759896397590637 78
1745549886752 0.19446603953838348 79
1745549888827 0.19071005284786224 80
1745549927000 0.19687999784946442 81
1745549930689 0.19519159197807312 82
1745549935070 0.20334692299365997 83
1745549938738 0.20433996617794037 84
1745549942431 0.1930725872516632 85
1745549947058 0.19748419523239136 86
1745549950749 0.20054815709590912 87
1745549954436 0.19753457605838776 88
1745549958723 0.20700334012508392 89
1745549962577 0.1969580352306366 90
1745549966260 0.21162377297878265 91
1745549969952 0.20323258638381958 92
1745549974348 0.20246587693691254 93
1745549978022 0.19963042438030243 94
1745549981700 0.21013766527175903 95
1745549986326 0.20748339593410492 96
1745549989976 0.20880770683288574 97
1745549993661 0.21074329316616058 98
1745549997912 0.20830993354320526 99
1745550001768 0.218719020485878 100
1745550005502 0.21205544471740723 101
1745550009207 0.22699308395385742 102
1745550013574 0.20968596637248993 103
1745550017268 0.21006448566913605 104
1745550020954 0.19771155714988708 105
1745550025559 0.19430996477603912 106
1745550029229 0.21767780184745789 107
1745550032943 0.22886306047439575 108
1745550037261 0.22719348967075348 109
1745550041076 0.21585284173488617 110
1745550044761 0.21642611920833588 111
1745550048512 0.20515701174736023 112
1745550052891 0.2179338037967682 113
1745550056550 0.2280053049325943 114
1745550060210 0.21563859283924103 115
1745550064886 0.21112678945064545 116
1745550068574 0.22395792603492737 117
1745550072233 0.22201848030090332 118
1745550076542 0.20322512090206146 119
1745550080380 0.21834827959537506 120
1745550084064 0.22168172895908356 121
1745550087796 0.2197481244802475 122
1745550092165 0.21883238852024078 123
1745550095841 0.2179030030965805 124
1745550099514 0.2155744880437851 125
1745550104098 0.21596989035606384 126
1745550107785 0.2226366400718689 127
1745550111449 0.2267407327890396 128
1745550115791 0.22478151321411133 129
1745550119601 0.22351707518100739 130
1745550123313 0.23150770366191864 131
1745550127129 0.22436212003231049 132
1745550131420 0.22329914569854736 133
1745550135073 0.22552601993083954 134
1745550138768 0.23165760934352875 135
1745550143380 0.2246260792016983 136
1745550147047 0.2276657074689865 137
1745550150703 0.22582535445690155 138
1745550155191 0.21657882630825043 139
1745550158956 0.22996431589126587 140
1745550162612 0.2323346585035324 141
1745550166474 0.23377838730812073 142
1745550170686 0.22702127695083618 143
1745550174348 0.22093161940574646 144
1745550178001 0.23165781795978546 145
1745550182587 0.22660157084465027 146
1745550186392 0.2261449694633484 147
1745550190065 0.23303726315498352 148
1745550194529 0.22581703960895538 149
1745550198269 0.23181362450122833 150
1745550201949 0.22670626640319824 151
1745550205832 0.23318417370319366 152
1745550209978 0.21894943714141846 153
1745550213665 0.23420530557632446 154
1745550217320 0.2257709950208664 155
1745550221943 0.2300661951303482 156
1745550225650 0.2267705500125885 157
1745550229359 0.2339393049478531 158
1745550233901 0.22763177752494812 159
1745550237658 0.2336006760597229 160
1745550239750 0.2300625741481781 161
