1745238502891 0.0 0
1745238503172 0.02602405846118927 1
1745238503445 0.0739089772105217 2
1745238503718 0.07262779027223587 3
1745238503989 0.07060251384973526 4
1745238504263 0.07193432003259659 5
1745238504535 0.0676950216293335 6
1745238504807 0.07192505151033401 7
1745238505094 0.07611068338155746 8
1745238505369 0.07881180197000504 9
1745238505642 0.06881769001483917 10
1745238505915 0.0662999227643013 11
1745238506189 0.07373504340648651 12
1745238506462 0.06598512828350067 13
1745238506735 0.07155688852071762 14
1745238507009 0.07526881992816925 15
1745238507299 0.07259589433670044 16
1745238507575 0.07392306625843048 17
1745238507848 0.0677083358168602 18
1745238508121 0.041995808482170105 19
1745238508397 0.03911685198545456 20
1745238508670 0.039216846227645874 21
1745238508942 0.03496503457427025 22
1745238509216 0.039860859513282776 23
1745238509492 0.07593803852796555 24
1745238509764 0.07001059502363205 25
1745238510033 0.07351422309875488 26
1745238510309 0.07073449343442917 27
1745238510583 0.0741172805428505 28
1745238510857 0.07823224365711212 29
1745238511130 0.094263456761837 30
1745238511406 0.09166666865348816 31
1745238511681 0.09589041024446487 32
1745238511955 0.10779952257871628 33
1745238512230 0.10488729923963547 34
1745238512506 0.11276236921548843 35
1745238512782 0.11283005028963089 36
1745238513055 0.11642805486917496 37
1745238513333 0.12086156010627747 38
1745238513611 0.12386993318796158 39
1745238513884 0.122422955930233 40
1745238514164 0.13187575340270996 41
1745238514447 0.1284458339214325 42
1745238514727 0.12992756068706512 43
1745238515000 0.13365860283374786 44
1745238515276 0.1350991576910019 45
1745238515553 0.14652973413467407 46
1745238515846 0.14509700238704681 47
1745238516125 0.14230217039585114 48
1745238516404 0.14685629308223724 49
1745238516680 0.13944387435913086 50
1745238516968 0.1488150805234909 51
1745238517244 0.14748287200927734 52
1745238517521 0.15415455400943756 53
1745238517796 0.15787069499492645 54
1745238518073 0.16275247931480408 55
1745238518351 0.16048049926757812 56
1745238518625 0.1564614325761795 57
1745238518903 0.16205205023288727 58
1745238519179 0.16358530521392822 59
1745238519386 0.1611134111881256 60
1745238522901 0.17770814895629883 61
1745238523180 0.17434611916542053 62
1745238523457 0.17915229499340057 63
1745238523733 0.17312349379062653 64
1745238524012 0.1799437701702118 65
1745238524290 0.1736479550600052 66
1745238524568 0.18197207152843475 67
1745238524846 0.18930718302726746 68
1745238525121 0.17580439150333405 69
1745238525399 0.181880384683609 70
1745238525679 0.18679073452949524 71
1745238525959 0.18588697910308838 72
1745238526234 0.18802505731582642 73
1745238526527 0.19620709121227264 74
1745238526802 0.19036410748958588 75
1745238527085 0.1906449943780899 76
1745238527363 0.198689803481102 77
1745238527642 0.19486911594867706 78
1745238527917 0.19162234663963318 79
1745238528195 0.20233580470085144 80
1745238528477 0.1993514746427536 81
1745238528758 0.20598454773426056 82
1745238529037 0.20443393290042877 83
1745238529331 0.2049286663532257 84
1745238529614 0.207148939371109 85
1745238529894 0.19966107606887817 86
1745238530170 0.21392205357551575 87
1745238530448 0.21776694059371948 88
1745238530729 0.20563195645809174 89
1745238531007 0.20677627623081207 90
1745238531284 0.21210037171840668 91
1745238531563 0.2182847261428833 92
1745238531843 0.21361033618450165 93
1745238532119 0.20683996379375458 94
1745238532398 0.2143494039773941 95
1745238532679 0.22172991931438446 96
1745238532960 0.21374399960041046 97
1745238533235 0.22425320744514465 98
1745238533514 0.22840166091918945 99
1745238533794 0.2159082144498825 100
1745238534083 0.21917599439620972 101
1745238534362 0.2236851006746292 102
1745238534648 0.21876901388168335 103
1745238534929 0.2364499717950821 104
1745238535208 0.22435198724269867 105
1745238535483 0.2254878282546997 106
1745238535765 0.2269260138273239 107
1745238536045 0.21837906539440155 108
1745238536336 0.2218329757452011 109
1745238536616 0.22624361515045166 110
1745238536897 0.22803843021392822 111
1745238537177 0.23101410269737244 112
1745238537456 0.2305750697851181 113
1745238537737 0.23813170194625854 114
1745238538016 0.22872301936149597 115
1745238538298 0.23086152970790863 116
1745238538579 0.24526049196720123 117
1745238538869 0.23493020236492157 118
1745238539150 0.23935185372829437 119
1745238539434 0.23289473354816437 120
1745238539644 0.23577319085597992 121
1745238543231 0.2404266744852066 122
1745238543511 0.24035421013832092 123
1745238543806 0.24071279168128967 124
1745238544088 0.2527293860912323 125
1745238544369 0.24349212646484375 126
1745238544651 0.23699422180652618 127
1745238544931 0.25531408190727234 128
1745238545211 0.2688729465007782 129
1745238545491 0.25336748361587524 130
1745238545772 0.2472735047340393 131
1745238546053 0.2358769178390503 132
1745238546344 0.2554437220096588 133
1745238546623 0.24120980501174927 134
1745238546904 0.2511647641658783 135
1745238547188 0.2511398196220398 136
1745238547471 0.2589453160762787 137
1745238547754 0.25576192140579224 138
1745238548038 0.25715669989585876 139
1745238548316 0.251948744058609 140
1745238548607 0.25336959958076477 141
1745238548891 0.24380871653556824 142
1745238549174 0.25172439217567444 143
1745238549457 0.2564629912376404 144
1745238549739 0.249404177069664 145
1745238550022 0.2495187669992447 146
1745238550307 0.2566659450531006 147
1745238550590 0.2556251287460327 148
1745238550881 0.25843873620033264 149
1745238551162 0.25777512788772583 150
1745238551443 0.24739667773246765 151
1745238551725 0.26391369104385376 152
1745238552008 0.25739389657974243 153
1745238552295 0.2515074908733368 154
1745238552578 0.263348788022995 155
1745238552864 0.264934241771698 156
1745238553150 0.2569368779659271 157
1745238553454 0.26489493250846863 158
1745238553734 0.257818341255188 159
1745238554021 0.26436781883239746 160
1745238554304 0.25897523760795593 161
1745238554586 0.25207027792930603 162
1745238554869 0.2665015161037445 163
1745238555154 0.27277275919914246 164
1745238555437 0.26642051339149475 165
1745238555726 0.25992363691329956 166
1745238556006 0.26636019349098206 167
1745238556304 0.2664218246936798 168
1745238556589 0.2554890215396881 169
1745238556875 0.27031874656677246 170
1745238557158 0.27539804577827454 171
1745238557443 0.2603776156902313 172
1745238557726 0.26495593786239624 173
1745238558009 0.26203569769859314 174
1745238558293 0.26351264119148254 175
1745238558589 0.26264092326164246 176
1745238558874 0.2613338232040405 177
1745238559161 0.25177109241485596 178
1745238559445 0.27170276641845703 179
1745238559731 0.2637043595314026 180
1745238560014 0.2680097818374634 181
1745238560225 0.29071468114852905 182
1745238563887 0.2730289697647095 183
1745238564170 0.2723243534564972 184
1745238564453 0.2707694470882416 185
1745238564737 0.26540762186050415 186
1745238565021 0.2794506847858429 187
1745238565307 0.2708094120025635 188
1745238565589 0.2731836438179016 189
1745238565875 0.29235586524009705 190
1745238566172 0.27676671743392944 191
1745238566457 0.28111860156059265 192
1745238566741 0.272091269493103 193
1745238567026 0.273337721824646 194
1745238567319 0.2786182463169098 195
1745238567609 0.2747707664966583 196
1745238567895 0.2743412256240845 197
1745238568180 0.2790370285511017 198
1745238568468 0.2715331017971039 199
1745238568761 0.26519617438316345 200
1745238569058 0.273381769657135 201
1745238569342 0.26578930020332336 202
1745238569625 0.27376237511634827 203
1745238569912 0.2785281836986542 204
1745238570194 0.2853115200996399 205
1745238570478 0.27947789430618286 206
1745238570762 0.2805507779121399 207
1745238571048 0.2688256800174713 208
1745238571342 0.28316161036491394 209
1745238571644 0.2905956506729126 210
1745238571931 0.2865135371685028 211
1745238572222 0.2809935510158539 212
1745238572508 0.27916932106018066 213
1745238572792 0.2889484763145447 214
1745238573080 0.28167596459388733 215
1745238573368 0.2754327952861786 216
1745238573656 0.28849807381629944 217
1745238573957 0.29187241196632385 218
1745238574243 0.2809837758541107 219
1745238574529 0.28800541162490845 220
1745238574815 0.2719292640686035 221
1745238575102 0.2777959704399109 222
1745238575386 0.28989705443382263 223
1745238575670 0.28524699807167053 224
1745238575962 0.2741781175136566 225
1745238576252 0.2929985225200653 226
1745238576541 0.2879943251609802 227
1745238576833 0.29241615533828735 228
1745238577123 0.27721455693244934 229
1745238577412 0.2802909016609192 230
1745238577702 0.28010231256484985 231
1745238577991 0.28924331068992615 232
1745238578278 0.2858051657676697 233
1745238578565 0.2718428075313568 234
1745238578865 0.2864272892475128 235
1745238579151 0.2867245674133301 236
1745238579449 0.28121986985206604 237
1745238579738 0.2733551561832428 238
1745238580024 0.29186683893203735 239
1745238580319 0.2866574823856354 240
1745238580608 0.2875817120075226 241
1745238580899 0.2696026563644409 242
1745238581119 0.28746113181114197 243
1745238584986 0.28954681754112244 244
1745238585275 0.28262391686439514 245
1745238585566 0.29429659247398376 246
1745238585858 0.2854766249656677 247
1745238586147 0.2927933633327484 248
1745238586438 0.3069154918193817 249
1745238586728 0.29699525237083435 250
1745238587032 0.2949123978614807 251
1745238587323 0.2856203317642212 252
1745238587615 0.29951953887939453 253
1745238587905 0.28810426592826843 254
1745238588194 0.2956535518169403 255
1745238588486 0.283932089805603 256
1745238588777 0.2841756343841553 257
1745238589067 0.2907528579235077 258
1745238589358 0.2955056130886078 259
1745238589649 0.28439661860466003 260
1745238589941 0.2870049774646759 261
1745238590233 0.29047277569770813 262
1745238590525 0.2964426875114441 263
1745238590813 0.29075443744659424 264
1745238591105 0.29391559958457947 265
1745238591395 0.2920425236225128 266
1745238591683 0.29603591561317444 267
1745238591983 0.2938057482242584 268
1745238592271 0.28313007950782776 269
1745238592568 0.2665305435657501 270
1745238592863 0.28215599060058594 271
1745238593157 0.294260710477829 272
1745238593451 0.2995511591434479 273
1745238593743 0.29299163818359375 274
1745238594035 0.29464107751846313 275
1745238594324 0.29464784264564514 276
1745238594625 0.2896277606487274 277
1745238594919 0.28879401087760925 278
1745238595211 0.3035222589969635 279
1745238595504 0.2916901707649231 280
1745238595796 0.294174462556839 281
1745238596084 0.29402536153793335 282
1745238596373 0.2822350561618805 283
1745238596664 0.29714199900627136 284
1745238596950 0.29591304063796997 285
1745238597252 0.2921473979949951 286
1745238597543 0.29368290305137634 287
1745238597832 0.2822294533252716 288
1745238598124 0.28626176714897156 289
1745238598412 0.2900312542915344 290
1745238598700 0.30182453989982605 291
1745238598992 0.28362929821014404 292
1745238599280 0.28667059540748596 293
1745238599568 0.306723952293396 294
1745238599868 0.3137930929660797 295
1745238600156 0.28499963879585266 296
1745238600442 0.30002427101135254 297
1745238600732 0.30419668555259705 298
1745238601022 0.3066270351409912 299
1745238601312 0.28677839040756226 300
1745238601599 0.30992424488067627 301
1745238601889 0.30208414793014526 302
1745238602189 0.3015526235103607 303
1745238602400 0.3023797869682312 304
1745238606192 0.3020561635494232 305
1745238606481 0.293072372674942 306
1745238606770 0.3176981806755066 307
1745238607060 0.29439279437065125 308
1745238607349 0.31168320775032043 309
1745238607648 0.29392802715301514 310
1745238607935 0.29964327812194824 311
1745238608229 0.30144667625427246 312
1745238608519 0.30424466729164124 313
1745238608806 0.3107185363769531 314
1745238609094 0.3059732913970947 315
1745238609381 0.3152164816856384 316
1745238609669 0.3128684461116791 317
1745238609956 0.28921568393707275 318
1745238610242 0.29850950837135315 319
1745238610529 0.30773597955703735 320
1745238610818 0.29347333312034607 321
1745238611105 0.305593341588974 322
1745238611392 0.3022516071796417 323
1745238611678 0.29976886510849 324
1745238611964 0.30340516567230225 325
1745238612249 0.3072744607925415 326
1745238612535 0.2990943491458893 327
1745238612835 0.3005501627922058 328
1745238613119 0.30465948581695557 329
1745238613403 0.29417726397514343 330
1745238613689 0.2995759844779968 331
1745238613978 0.2992865741252899 332
1745238614265 0.28466489911079407 333
1745238614552 0.2989487648010254 334
1745238614836 0.31366512179374695 335
1745238615121 0.2896902561187744 336
1745238615405 0.2897821366786957 337
1745238615689 0.29608869552612305 338
1745238615977 0.3101496994495392 339
1745238616262 0.29252445697784424 340
1745238616548 0.294109970331192 341
1745238616840 0.29858091473579407 342
1745238617126 0.3192186951637268 343
1745238617412 0.29781854152679443 344
1745238617710 0.3193899393081665 345
1745238617996 0.31087610125541687 346
1745238618281 0.3007310628890991 347
1745238618566 0.29612454771995544 348
1745238618853 0.3075823485851288 349
1745238619139 0.30976465344429016 350
1745238619422 0.32119622826576233 351
1745238619713 0.3028886914253235 352
1745238620003 0.3036326766014099 353
1745238620303 0.2882172763347626 354
1745238620588 0.3077848553657532 355
1745238620874 0.3076923191547394 356
1745238621158 0.3007802367210388 357
1745238621444 0.30027279257774353 358
1745238621729 0.2950879633426666 359
1745238622016 0.30681508779525757 360
1745238622304 0.29727044701576233 361
1745238622590 0.3005830645561218 362
1745238622876 0.31251516938209534 363
1745238623163 0.30125880241394043 364
1745238623377 0.30557408928871155 365
1745238627068 0.3100358545780182 366
1745238627354 0.31714504957199097 367
1745238627637 0.30610889196395874 368
1745238627922 0.30250731110572815 369
1745238628220 0.3118257224559784 370
1745238628506 0.3081585764884949 371
1745238628791 0.3024767339229584 372
1745238629075 0.3108317255973816 373
1745238629359 0.3155447840690613 374
1745238629642 0.2989486753940582 375
1745238629925 0.3079715669155121 376
1745238630209 0.31290990114212036 377
1745238630493 0.306413471698761 378
1745238630775 0.3234541118144989 379
1745238631060 0.31547921895980835 380
1745238631344 0.32009947299957275 381
1745238631627 0.31322652101516724 382
1745238631911 0.30786871910095215 383
1745238632198 0.302085280418396 384
1745238632481 0.316307008266449 385
1745238632771 0.30236271023750305 386
1745238633062 0.3121238052845001 387
1745238633353 0.3091287910938263 388
1745238633636 0.3022744059562683 389
1745238633918 0.3165348768234253 390
1745238634202 0.2960827052593231 391
1745238634495 0.303536057472229 392
1745238634787 0.3143128454685211 393
1745238635080 0.31867343187332153 394
1745238635368 0.3040505349636078 395
1745238635653 0.3184702396392822 396
1745238635953 0.3025677800178528 397
1745238636240 0.3077441453933716 398
1745238636525 0.3042290210723877 399
1745238636810 0.31794169545173645 400
1745238637093 0.305912584066391 401
1745238637379 0.30531394481658936 402
1745238637662 0.2958906292915344 403
1745238637945 0.31631505489349365 404
1745238638245 0.2981746792793274 405
1745238638530 0.3057880997657776 406
1745238638815 0.30570730566978455 407
1745238639100 0.30865126848220825 408
1745238639383 0.31931576132774353 409
1745238639667 0.3038128614425659 410
1745238639950 0.3010531961917877 411
1745238640232 0.30606982111930847 412
1745238640516 0.31456416845321655 413
1745238640816 0.311372846364975 414
1745238641102 0.3058236241340637 415
1745238641386 0.313987135887146 416
1745238641669 0.3204617500305176 417
1745238641954 0.3101426064968109 418
1745238642238 0.3121943771839142 419
1745238642522 0.31210145354270935 420
1745238642808 0.3080197274684906 421
1745238643105 0.30938461422920227 422
1745238643390 0.3204755187034607 423
1745238643675 0.31227460503578186 424
1745238643959 0.3050449788570404 425
1745238644173 0.3052390217781067 426
1745238647872 0.3225189447402954 427
1745238648158 0.30807238817214966 428
1745238648460 0.316051185131073 429
1745238648747 0.3209654986858368 430
1745238649034 0.3361549377441406 431
1745238649320 0.3241506516933441 432
1745238649603 0.32052603363990784 433
1745238649887 0.31719347834587097 434
1745238650172 0.3167762756347656 435
1745238650459 0.31908565759658813 436
1745238650742 0.31078827381134033 437
1745238651041 0.3437863886356354 438
1745238651327 0.3154592216014862 439
1745238651610 0.3185833990573883 440
1745238651894 0.3271718919277191 441
1745238652181 0.31799039244651794 442
1745238652466 0.31938520073890686 443
1745238652748 0.3215837776660919 444
1745238653032 0.32210037112236023 445
1745238653331 0.3059711158275604 446
1745238653618 0.3153010904788971 447
1745238653903 0.31192660331726074 448
1745238654189 0.3197755813598633 449
1745238654473 0.3051832616329193 450
1745238654758 0.32013294100761414 451
1745238655041 0.3086419701576233 452
1745238655327 0.30933877825737 453
1745238655612 0.31456777453422546 454
1745238655910 0.3218826949596405 455
1745238656195 0.32506063580513 456
1745238656482 0.31702402234077454 457
1745238656765 0.3180248439311981 458
1745238657052 0.31808769702911377 459
1745238657336 0.31732672452926636 460
1745238657620 0.3281632661819458 461
1745238657906 0.3042784631252289 462
1745238658203 0.32325637340545654 463
1745238658488 0.32831859588623047 464
1745238658776 0.32470062375068665 465
1745238659062 0.31216129660606384 466
1745238659347 0.29958778619766235 467
1745238659638 0.32231059670448303 468
1745238659924 0.31366270780563354 469
1745238660212 0.30298176407814026 470
1745238660503 0.3116011619567871 471
1745238660792 0.3172557055950165 472
1745238661082 0.329102098941803 473
1745238661369 0.30043673515319824 474
1745238661655 0.31248021125793457 475
1745238661940 0.3232079744338989 476
1745238662225 0.3237966299057007 477
1745238662510 0.3101123571395874 478
1745238662795 0.30190372467041016 479
1745238663080 0.29854846000671387 480
1745238663367 0.32185524702072144 481
1745238663657 0.303350031375885 482
1745238663947 0.31344637274742126 483
1745238664234 0.31554004549980164 484
1745238664521 0.30964866280555725 485
1745238664806 0.30160367488861084 486
1745238665017 0.33438754081726074 487
1745238668788 0.31504595279693604 488
1745238669075 0.3321075737476349 489
1745238669361 0.33724644780158997 490
1745238669648 0.3238188922405243 491
1745238669939 0.3163090646266937 492
1745238670229 0.3266919255256653 493
1745238670514 0.32034239172935486 494
1745238670802 0.3282432556152344 495
1745238671091 0.3276413381099701 496
1745238671383 0.3234889805316925 497
1745238671672 0.3223571181297302 498
1745238671970 0.3146723508834839 499
1745238672273 0.32524242997169495 500
1745238672562 0.32701924443244934 501
1745238672851 0.3199710249900818 502
1745238673139 0.3155723512172699 503
1745238673426 0.34432661533355713 504
1745238673714 0.32247304916381836 505
1745238674013 0.3147008419036865 506
1745238674304 0.310796856880188 507
1745238674593 0.3279348909854889 508
1745238674885 0.3151208758354187 509
1745238675176 0.3109390139579773 510
1745238675464 0.3103373944759369 511
1745238675748 0.3214567005634308 512
1745238676034 0.3360554277896881 513
1745238676324 0.3188486695289612 514
1745238676623 0.33805951476097107 515
1745238676914 0.3198983669281006 516
1745238677202 0.3168845474720001 517
1745238677497 0.3213469088077545 518
1745238677786 0.33558017015457153 519
1745238678073 0.31975454092025757 520
1745238678359 0.33296436071395874 521
1745238678645 0.33023422956466675 522
1745238678943 0.31518131494522095 523
1745238679230 0.30811530351638794 524
1745238679521 0.32758763432502747 525
1745238679813 0.3260965347290039 526
1745238680098 0.3244147300720215 527
1745238680384 0.3303932249546051 528
1745238680670 0.3187219798564911 529
1745238680958 0.29808780550956726 530
1745238681249 0.33194682002067566 531
1745238681537 0.3301995098590851 532
1745238681825 0.32151955366134644 533
1745238682116 0.31975674629211426 534
1745238682405 0.3206952214241028 535
1745238682693 0.3193015456199646 536
1745238682981 0.3234116733074188 537
1745238683270 0.31149885058403015 538
1745238683560 0.3144110441207886 539
1745238683861 0.3148409128189087 540
1745238684148 0.3239266276359558 541
1745238684435 0.3254625201225281 542
1745238684724 0.31793680787086487 543
1745238685016 0.3296468257904053 544
1745238685304 0.31333157420158386 545
1745238685594 0.32827505469322205 546
1745238685888 0.31017547845840454 547
1745238686103 0.35047951340675354 548
1745238689893 0.3298207223415375 549
1745238690182 0.34134384989738464 550
1745238690469 0.31643834710121155 551
1745238690757 0.33594414591789246 552
1745238691046 0.3197130560874939 553
1745238691333 0.34093421697616577 554
1745238691619 0.33726319670677185 555
1745238691915 0.3378075957298279 556
1745238692203 0.3366643488407135 557
1745238692491 0.3336796760559082 558
1745238692777 0.32471728324890137 559
1745238693064 0.335628479719162 560
1745238693353 0.3482447862625122 561
1745238693641 0.33271685242652893 562
1745238693931 0.3334578275680542 563
1745238694231 0.3289302587509155 564
1745238694520 0.343267560005188 565
1745238694809 0.32174307107925415 566
1745238695098 0.32558494806289673 567
1745238695385 0.3484687805175781 568
1745238695671 0.3442290425300598 569
1745238695956 0.3377661406993866 570
1745238696244 0.3397655189037323 571
1745238696533 0.3435218334197998 572
1745238696833 0.322688490152359 573
1745238697121 0.3178563117980957 574
1745238697409 0.3396044671535492 575
1745238697694 0.3278448283672333 576
1745238697981 0.3144947588443756 577
1745238698268 0.31809401512145996 578
1745238698563 0.3246881067752838 579
1745238698849 0.31636232137680054 580
1745238699139 0.3190532326698303 581
1745238699456 0.31397369503974915 582
1745238699742 0.338678240776062 583
1745238700033 0.3408624231815338 584
1745238700326 0.3158348798751831 585
1745238700614 0.3215624690055847 586
1745238700904 0.31772518157958984 587
1745238701194 0.32425278425216675 588
1745238701483 0.314186692237854 589
1745238701768 0.3348245620727539 590
1745238702068 0.3262368440628052 591
1745238702355 0.3258790373802185 592
1745238702643 0.3392895758152008 593
1745238702927 0.33299508690834045 594
1745238703212 0.32249516248703003 595
1745238703497 0.3167514503002167 596
1745238703785 0.3353692889213562 597
1745238704074 0.31493911147117615 598
1745238704362 0.32325422763824463 599
1745238704648 0.32829728722572327 600
1745238704933 0.31286346912384033 601
1745238705218 0.339902400970459 602
1745238705504 0.34034472703933716 603
1745238705792 0.32811298966407776 604
1745238706081 0.33981356024742126 605
1745238706370 0.30483028292655945 606
1745238706654 0.3234874904155731 607
1745238706952 0.3160899877548218 608
1745238707168 0.3265857994556427 609
