1745238502891 9.363625526428223 0
1745238503172 8.895342826843262 1
1745238503445 8.476319313049316 2
1745238503718 8.094143867492676 3
1745238503989 7.822144985198975 4
1745238504263 7.536954402923584 5
1745238504535 7.26845645904541 6
1745238504807 6.994762897491455 7
1745238505094 6.799153804779053 8
1745238505369 6.614957809448242 9
1745238505642 6.529762268066406 10
1745238505915 6.458037853240967 11
1745238506189 6.344952583312988 12
1745238506462 6.354923725128174 13
1745238506735 6.278824329376221 14
1745238507009 6.365106582641602 15
1745238507299 6.375691890716553 16
1745238507575 6.335515022277832 17
1745238507848 6.327826499938965 18
1745238508121 6.343571186065674 19
1745238508397 6.3218841552734375 20
1745238508670 6.38535737991333 21
1745238508942 6.296046257019043 22
1745238509216 6.268576145172119 23
1745238509492 6.314368724822998 24
1745238509764 6.260263919830322 25
1745238510033 6.27061128616333 26
1745238510309 6.285198211669922 27
1745238510583 6.222198009490967 28
1745238510857 6.261176586151123 29
1745238511130 6.16363000869751 30
1745238511406 6.197062969207764 31
1745238511681 6.156110763549805 32
1745238511955 6.110231876373291 33
1745238512230 6.053582668304443 34
1745238512506 6.068182468414307 35
1745238512782 6.082184314727783 36
1745238513055 5.984335899353027 37
1745238513333 5.993102073669434 38
1745238513611 6.026830673217773 39
1745238513884 5.933045864105225 40
1745238514164 5.9521565437316895 41
1745238514447 5.872925281524658 42
1745238514727 5.876009464263916 43
1745238515000 5.865913391113281 44
1745238515276 5.851379871368408 45
1745238515553 5.8293867111206055 46
1745238515846 5.774153709411621 47
1745238516125 5.767271041870117 48
1745238516404 5.695792198181152 49
1745238516680 5.706718921661377 50
1745238516968 5.644618511199951 51
1745238517244 5.626942157745361 52
1745238517521 5.670446395874023 53
1745238517796 5.57291316986084 54
1745238518073 5.5804643630981445 55
1745238518351 5.565497875213623 56
1745238518625 5.556346416473389 57
1745238518903 5.472023963928223 58
1745238519179 5.422328948974609 59
1745238519386 5.4702558517456055 60
1745238522901 5.389567852020264 61
1745238523180 5.401632308959961 62
1745238523457 5.334204196929932 63
1745238523733 5.33754301071167 64
1745238524012 5.272553443908691 65
1745238524290 5.3675642013549805 66
1745238524568 5.257506847381592 67
1745238524846 5.27805757522583 68
1745238525121 5.2951884269714355 69
1745238525399 5.292694091796875 70
1745238525679 5.290527820587158 71
1745238525959 5.247161388397217 72
1745238526234 5.154460906982422 73
1745238526527 5.204204559326172 74
1745238526802 5.2708210945129395 75
1745238527085 5.208181858062744 76
1745238527363 5.107728958129883 77
1745238527642 5.20542573928833 78
1745238527917 5.203392028808594 79
1745238528195 5.129333019256592 80
1745238528477 5.1297526359558105 81
1745238528758 5.045511245727539 82
1745238529037 5.099967002868652 83
1745238529331 5.091218948364258 84
1745238529614 5.1064581871032715 85
1745238529894 5.129651069641113 86
1745238530170 4.9533233642578125 87
1745238530448 4.998775959014893 88
1745238530729 5.034353733062744 89
1745238531007 5.04849100112915 90
1745238531284 4.994028568267822 91
1745238531563 4.925053596496582 92
1745238531843 4.925214767456055 93
1745238532119 5.047732830047607 94
1745238532398 4.955437183380127 95
1745238532679 4.940310478210449 96
1745238532960 4.968136787414551 97
1745238533235 4.866878986358643 98
1745238533514 4.832891941070557 99
1745238533794 4.892075061798096 100
1745238534083 4.9212141036987305 101
1745238534362 4.865468978881836 102
1745238534648 4.912938117980957 103
1745238534929 4.806140422821045 104
1745238535208 4.855897426605225 105
1745238535483 4.8885955810546875 106
1745238535765 4.835638999938965 107
1745238536045 4.894474029541016 108
1745238536336 4.92714262008667 109
1745238536616 4.835144519805908 110
1745238536897 4.842573165893555 111
1745238537177 4.853957653045654 112
1745238537456 4.781956672668457 113
1745238537737 4.76508092880249 114
1745238538016 4.892496109008789 115
1745238538298 4.853879451751709 116
1745238538579 4.726110458374023 117
1745238538869 4.73354959487915 118
1745238539150 4.781879901885986 119
1745238539434 4.768496990203857 120
1745238539644 4.7405266761779785 121
1745238543231 4.68571662902832 122
1745238543511 4.6876959800720215 123
1745238543806 4.666082382202148 124
1745238544088 4.555485725402832 125
1745238544369 4.591695308685303 126
1745238544651 4.65435791015625 127
1745238544931 4.579316139221191 128
1745238545211 4.443339824676514 129
1745238545491 4.543605804443359 130
1745238545772 4.597090244293213 131
1745238546053 4.729093551635742 132
1745238546344 4.5000319480896 133
1745238546623 4.694620132446289 134
1745238546904 4.52703857421875 135
1745238547188 4.590022087097168 136
1745238547471 4.480200290679932 137
1745238547754 4.534404754638672 138
1745238548038 4.57234525680542 139
1745238548316 4.529537677764893 140
1745238548607 4.530379295349121 141
1745238548891 4.572119235992432 142
1745238549174 4.547715187072754 143
1745238549457 4.512754917144775 144
1745238549739 4.585937976837158 145
1745238550022 4.562503814697266 146
1745238550307 4.498709201812744 147
1745238550590 4.570219039916992 148
1745238550881 4.504806041717529 149
1745238551162 4.476548671722412 150
1745238551443 4.599535942077637 151
1745238551725 4.479501724243164 152
1745238552008 4.539315223693848 153
1745238552295 4.565030574798584 154
1745238552578 4.431244373321533 155
1745238552864 4.45205020904541 156
1745238553150 4.429749488830566 157
1745238553454 4.4147210121154785 158
1745238553734 4.586497783660889 159
1745238554021 4.422821998596191 160
1745238554304 4.49439001083374 161
1745238554586 4.582211017608643 162
1745238554869 4.424313545227051 163
1745238555154 4.388596534729004 164
1745238555437 4.487239837646484 165
1745238555726 4.487836837768555 166
1745238556006 4.422613143920898 167
1745238556304 4.483131408691406 168
1745238556589 4.506292819976807 169
1745238556875 4.423947334289551 170
1745238557158 4.38686990737915 171
1745238557443 4.51210355758667 172
1745238557726 4.41500186920166 173
1745238558009 4.470861434936523 174
1745238558293 4.476967811584473 175
1745238558589 4.441910266876221 176
1745238558874 4.445956230163574 177
1745238559161 4.519956588745117 178
1745238559445 4.38922643661499 179
1745238559731 4.47120475769043 180
1745238560014 4.458627700805664 181
1745238560225 4.291896820068359 182
1745238563887 4.348476886749268 183
1745238564170 4.293028354644775 184
1745238564453 4.328904628753662 185
1745238564737 4.343780517578125 186
1745238565021 4.241607666015625 187
1745238565307 4.282180309295654 188
1745238565589 4.310164451599121 189
1745238565875 4.172363758087158 190
1745238566172 4.272459030151367 191
1745238566457 4.253654479980469 192
1745238566741 4.3140435218811035 193
1745238567026 4.255248069763184 194
1745238567319 4.319819927215576 195
1745238567609 4.293665885925293 196
1745238567895 4.259802341461182 197
1745238568180 4.217262268066406 198
1745238568468 4.290847301483154 199
1745238568761 4.39891242980957 200
1745238569058 4.2879533767700195 201
1745238569342 4.374990463256836 202
1745238569625 4.337265491485596 203
1745238569912 4.261171340942383 204
1745238570194 4.215433120727539 205
1745238570478 4.270055294036865 206
1745238570762 4.252414703369141 207
1745238571048 4.311553955078125 208
1745238571342 4.194602012634277 209
1745238571644 4.209368705749512 210
1745238571931 4.25563907623291 211
1745238572222 4.301116466522217 212
1745238572508 4.2857489585876465 213
1745238572792 4.191131591796875 214
1745238573080 4.2421040534973145 215
1745238573368 4.240489482879639 216
1745238573656 4.163685321807861 217
1745238573957 4.168089866638184 218
1745238574243 4.219333171844482 219
1745238574529 4.228212356567383 220
1745238574815 4.32387638092041 221
1745238575102 4.238133907318115 222
1745238575386 4.102828502655029 223
1745238575670 4.233603000640869 224
1745238575962 4.301842212677002 225
1745238576252 4.175346374511719 226
1745238576541 4.213195323944092 227
1745238576833 4.132936954498291 228
1745238577123 4.212927341461182 229
1745238577412 4.1549601554870605 230
1745238577702 4.307149410247803 231
1745238577991 4.22120475769043 232
1745238578278 4.148914813995361 233
1745238578565 4.299394130706787 234
1745238578865 4.213311195373535 235
1745238579151 4.210283279418945 236
1745238579449 4.277683734893799 237
1745238579738 4.2964253425598145 238
1745238580024 4.199907302856445 239
1745238580319 4.109859943389893 240
1745238580608 4.22178840637207 241
1745238580899 4.349759578704834 242
1745238581119 4.157979488372803 243
1745238584986 4.06950044631958 244
1745238585275 4.138925075531006 245
1745238585566 4.014301776885986 246
1745238585858 4.095502853393555 247
1745238586147 4.04661226272583 248
1745238586438 3.934915781021118 249
1745238586728 4.064517974853516 250
1745238587032 4.065891265869141 251
1745238587323 4.085540771484375 252
1745238587615 4.026668548583984 253
1745238587905 4.130175590515137 254
1745238588194 4.085800647735596 255
1745238588486 4.182501792907715 256
1745238588777 4.121886253356934 257
1745238589067 4.121738433837891 258
1745238589358 4.082077980041504 259
1745238589649 4.156853675842285 260
1745238589941 4.128468990325928 261
1745238590233 4.0886993408203125 262
1745238590525 4.049351692199707 263
1745238590813 4.106504440307617 264
1745238591105 4.063117027282715 265
1745238591395 4.1077985763549805 266
1745238591683 4.064373016357422 267
1745238591983 4.124535083770752 268
1745238592271 4.146972179412842 269
1745238592568 4.305149555206299 270
1745238592863 4.144258499145508 271
1745238593157 4.106827735900879 272
1745238593451 4.006526470184326 273
1745238593743 4.0913166999816895 274
1745238594035 4.058298110961914 275
1745238594324 4.027851104736328 276
1745238594625 4.027007579803467 277
1745238594919 4.124636650085449 278
1745238595211 4.027811050415039 279
1745238595504 4.126832962036133 280
1745238595796 4.053371429443359 281
1745238596084 4.057103157043457 282
1745238596373 4.162586212158203 283
1745238596664 4.01125955581665 284
1745238596950 4.016999244689941 285
1745238597252 4.111039638519287 286
1745238597543 4.074855327606201 287
1745238597832 4.130924224853516 288
1745238598124 4.1233110427856445 289
1745238598412 4.182799339294434 290
1745238598700 4.052825450897217 291
1745238598992 4.137170314788818 292
1745238599280 4.089437484741211 293
1745238599568 3.9910147190093994 294
1745238599868 3.9944329261779785 295
1745238600156 4.16487455368042 296
1745238600442 4.061036109924316 297
1745238600732 3.989356756210327 298
1745238601022 4.0148844718933105 299
1745238601312 4.113077640533447 300
1745238601599 3.980041742324829 301
1745238601889 4.06578254699707 302
1745238602189 3.9715402126312256 303
1745238602400 4.085302352905273 304
1745238606192 3.955242156982422 305
1745238606481 3.938572645187378 306
1745238606770 3.8252179622650146 307
1745238607060 3.96946120262146 308
1745238607349 3.9504358768463135 309
1745238607648 3.983821392059326 310
1745238607935 3.8875107765197754 311
1745238608229 3.9661130905151367 312
1745238608519 3.9338669776916504 313
1745238608806 3.9414546489715576 314
1745238609094 3.8787336349487305 315
1745238609381 3.8463094234466553 316
1745238609669 3.913414478302002 317
1745238609956 4.075998306274414 318
1745238610242 3.9905364513397217 319
1745238610529 3.9343128204345703 320
1745238610818 4.0011887550354 321
1745238611105 3.9177846908569336 322
1745238611392 3.9721415042877197 323
1745238611678 3.9841935634613037 324
1745238611964 3.9501571655273438 325
1745238612249 3.939448595046997 326
1745238612535 3.967801094055176 327
1745238612835 3.9659602642059326 328
1745238613119 3.9913954734802246 329
1745238613403 4.027126312255859 330
1745238613689 3.9508535861968994 331
1745238613978 3.938800096511841 332
1745238614265 4.016184329986572 333
1745238614552 4.034084796905518 334
1745238614836 3.9232654571533203 335
1745238615121 4.027492046356201 336
1745238615405 4.088895320892334 337
1745238615689 3.985126495361328 338
1745238615977 3.8594605922698975 339
1745238616262 4.0125508308410645 340
1745238616548 3.985785484313965 341
1745238616840 3.930407762527466 342
1745238617126 3.8637094497680664 343
1745238617412 3.95308780670166 344
1745238617710 3.8486149311065674 345
1745238617996 3.9180710315704346 346
1745238618281 3.9621541500091553 347
1745238618566 4.002192497253418 348
1745238618853 3.92141056060791 349
1745238619139 3.905057668685913 350
1745238619422 3.77327036857605 351
1745238619713 4.030263900756836 352
1745238620003 3.9234094619750977 353
1745238620303 4.0659918785095215 354
1745238620588 3.876539707183838 355
1745238620874 3.953103542327881 356
1745238621158 3.963658332824707 357
1745238621444 4.025753498077393 358
1745238621729 4.0235114097595215 359
1745238622016 3.9322848320007324 360
1745238622304 4.011537551879883 361
1745238622590 3.9769344329833984 362
1745238622876 3.9117746353149414 363
1745238623163 4.01881742477417 364
1745238623377 3.856794834136963 365
1745238627068 3.847913980484009 366
1745238627354 3.736016035079956 367
1745238627637 3.9023101329803467 368
1745238627922 3.8674774169921875 369
1745238628220 3.8589775562286377 370
1745238628506 3.844456195831299 371
1745238628791 3.9064886569976807 372
1745238629075 3.8366503715515137 373
1745238629359 3.8054535388946533 374
1745238629642 3.90964412689209 375
1745238629925 3.832000255584717 376
1745238630209 3.8103132247924805 377
1745238630493 3.8114101886749268 378
1745238630775 3.7213821411132812 379
1745238631060 3.7906148433685303 380
1745238631344 3.747699022293091 381
1745238631627 3.746105194091797 382
1745238631911 3.873992919921875 383
1745238632198 3.930500030517578 384
1745238632481 3.7691478729248047 385
1745238632771 3.9294373989105225 386
1745238633062 3.826289415359497 387
1745238633353 3.874338388442993 388
1745238633636 3.8816988468170166 389
1745238633918 3.7870662212371826 390
1745238634202 3.9925639629364014 391
1745238634495 3.9452908039093018 392
1745238634787 3.829805374145508 393
1745238635080 3.7900285720825195 394
1745238635368 3.922534704208374 395
1745238635653 3.741007089614868 396
1745238635953 3.8979766368865967 397
1745238636240 3.821605920791626 398
1745238636525 3.8840465545654297 399
1745238636810 3.8191142082214355 400
1745238637093 3.928989887237549 401
1745238637379 3.8730051517486572 402
1745238637662 3.8969318866729736 403
1745238637945 3.811481475830078 404
1745238638245 3.9616591930389404 405
1745238638530 3.898630380630493 406
1745238638815 3.9763729572296143 407
1745238639100 3.9399502277374268 408
1745238639383 3.790649175643921 409
1745238639667 3.880239963531494 410
1745238639950 3.9414196014404297 411
1745238640232 3.9338135719299316 412
1745238640516 3.844956874847412 413
1745238640816 3.8182499408721924 414
1745238641102 3.9408583641052246 415
1745238641386 3.879901885986328 416
1745238641669 3.818319797515869 417
1745238641954 3.9039652347564697 418
1745238642238 3.8785200119018555 419
1745238642522 3.8362791538238525 420
1745238642808 3.883267641067505 421
1745238643105 3.8712244033813477 422
1745238643390 3.7758288383483887 423
1745238643675 3.842653512954712 424
1745238643959 3.9871022701263428 425
1745238644173 3.8863847255706787 426
1745238647872 3.7349977493286133 427
1745238648158 3.8166425228118896 428
1745238648460 3.7467639446258545 429
1745238648747 3.706080198287964 430
1745238649034 3.636910915374756 431
1745238649320 3.6480212211608887 432
1745238649603 3.7312185764312744 433
1745238649887 3.789797306060791 434
1745238650172 3.7338016033172607 435
1745238650459 3.7861199378967285 436
1745238650742 3.809802770614624 437
1745238651041 3.6008641719818115 438
1745238651327 3.8281965255737305 439
1745238651610 3.7473998069763184 440
1745238651894 3.722942590713501 441
1745238652181 3.739590883255005 442
1745238652466 3.718501567840576 443
1745238652748 3.769235134124756 444
1745238653032 3.780623197555542 445
1745238653331 3.8265600204467773 446
1745238653618 3.7560651302337646 447
1745238653903 3.798556327819824 448
1745238654189 3.76092791557312 449
1745238654473 3.835949182510376 450
1745238654758 3.7414915561676025 451
1745238655041 3.777653932571411 452
1745238655327 3.848966598510742 453
1745238655612 3.7703702449798584 454
1745238655910 3.708345413208008 455
1745238656195 3.7537593841552734 456
1745238656482 3.7644433975219727 457
1745238656765 3.7244396209716797 458
1745238657052 3.7287211418151855 459
1745238657336 3.7886009216308594 460
1745238657620 3.6913225650787354 461
1745238657906 3.8210411071777344 462
1745238658203 3.7322463989257812 463
1745238658488 3.706552505493164 464
1745238658776 3.708041191101074 465
1745238659062 3.7921228408813477 466
1745238659347 3.9218456745147705 467
1745238659638 3.693610906600952 468
1745238659924 3.818894147872925 469
1745238660212 3.8596057891845703 470
1745238660503 3.7571158409118652 471
1745238660792 3.7609570026397705 472
1745238661082 3.6804888248443604 473
1745238661369 3.909947633743286 474
1745238661655 3.813015937805176 475
1745238661940 3.6896612644195557 476
1745238662225 3.8118979930877686 477
1745238662510 3.8490004539489746 478
1745238662795 3.8474252223968506 479
1745238663080 3.8192806243896484 480
1745238663367 3.8099727630615234 481
1745238663657 3.8966426849365234 482
1745238663947 3.871907949447632 483
1745238664234 3.789086103439331 484
1745238664521 3.7872843742370605 485
1745238664806 3.8375155925750732 486
1745238665017 3.7726235389709473 487
1745238668788 3.732678174972534 488
1745238669075 3.6257314682006836 489
1745238669361 3.545128583908081 490
1745238669648 3.634594440460205 491
1745238669939 3.6886098384857178 492
1745238670229 3.722806215286255 493
1745238670514 3.695969820022583 494
1745238670802 3.5772664546966553 495
1745238671091 3.656870126724243 496
1745238671383 3.590305805206299 497
1745238671672 3.7135508060455322 498
1745238671970 3.7358484268188477 499
1745238672273 3.595872163772583 500
1745238672562 3.645719528198242 501
1745238672851 3.6868369579315186 502
1745238673139 3.7549943923950195 503
1745238673426 3.5331265926361084 504
1745238673714 3.745647430419922 505
1745238674013 3.732137680053711 506
1745238674304 3.7615935802459717 507
1745238674593 3.660418748855591 508
1745238674885 3.762646198272705 509
1745238675176 3.7743349075317383 510
1745238675464 3.8384718894958496 511
1745238675748 3.7118585109710693 512
1745238676034 3.677239179611206 513
1745238676324 3.726466178894043 514
1745238676623 3.610960006713867 515
1745238676914 3.6935572624206543 516
1745238677202 3.7396435737609863 517
1745238677497 3.779675245285034 518
1745238677786 3.6361968517303467 519
1745238678073 3.7035489082336426 520
1745238678359 3.5987679958343506 521
1745238678645 3.641472339630127 522
1745238678943 3.749316453933716 523
1745238679230 3.8284707069396973 524
1745238679521 3.586648464202881 525
1745238679813 3.6768202781677246 526
1745238680098 3.76499342918396 527
1745238680384 3.687770366668701 528
1745238680670 3.7276384830474854 529
1745238680958 3.904259443283081 530
1745238681249 3.6272594928741455 531
1745238681537 3.6240110397338867 532
1745238681825 3.7406656742095947 533
1745238682116 3.743741512298584 534
1745238682405 3.6945180892944336 535
1745238682693 3.7069220542907715 536
1745238682981 3.674769401550293 537
1745238683270 3.7723238468170166 538
1745238683560 3.7319588661193848 539
1745238683861 3.78796124458313 540
1745238684148 3.6755118370056152 541
1745238684435 3.737170934677124 542
1745238684724 3.7144429683685303 543
1745238685016 3.703437566757202 544
1745238685304 3.7630720138549805 545
1745238685594 3.64827299118042 546
1745238685888 3.804292917251587 547
1745238686103 3.5113844871520996 548
1745238689893 3.6052491664886475 549
1745238690182 3.508922815322876 550
1745238690469 3.675692558288574 551
1745238690757 3.5474841594696045 552
1745238691046 3.6543569564819336 553
1745238691333 3.4676401615142822 554
1745238691619 3.475511312484741 555
1745238691915 3.5679283142089844 556
1745238692203 3.5471320152282715 557
1745238692491 3.5981130599975586 558
1745238692777 3.577380895614624 559
1745238693064 3.5861523151397705 560
1745238693353 3.50764799118042 561
1745238693641 3.5851776599884033 562
1745238693931 3.5898163318634033 563
1745238694231 3.698204755783081 564
1745238694520 3.49359393119812 565
1745238694809 3.67342209815979 566
1745238695098 3.604469060897827 567
1745238695385 3.4677927494049072 568
1745238695671 3.5396010875701904 569
1745238695956 3.5101919174194336 570
1745238696244 3.561478853225708 571
1745238696533 3.5424957275390625 572
1745238696833 3.6744015216827393 573
1745238697121 3.7132468223571777 574
1745238697409 3.5742650032043457 575
1745238697694 3.6097707748413086 576
1745238697981 3.7495763301849365 577
1745238698268 3.7274820804595947 578
1745238698563 3.6655447483062744 579
1745238698849 3.719402313232422 580
1745238699139 3.640331506729126 581
1745238699456 3.6916110515594482 582
1745238699742 3.5800626277923584 583
1745238700033 3.5242018699645996 584
1745238700326 3.7363693714141846 585
1745238700614 3.6978044509887695 586
1745238700904 3.706482410430908 587
1745238701194 3.667551279067993 588
1745238701483 3.737086296081543 589
1745238701768 3.628032922744751 590
1745238702068 3.7043683528900146 591
1745238702355 3.617633819580078 592
1745238702643 3.5236709117889404 593
1745238702927 3.6062395572662354 594
1745238703212 3.6885135173797607 595
1745238703497 3.7002968788146973 596
1745238703785 3.59118914604187 597
1745238704074 3.713240385055542 598
1745238704362 3.710118532180786 599
1745238704648 3.6648809909820557 600
1745238704933 3.686324119567871 601
1745238705218 3.5664710998535156 602
1745238705504 3.5793297290802 603
1745238705792 3.699836015701294 604
1745238706081 3.5179975032806396 605
1745238706370 3.753415107727051 606
1745238706654 3.7309787273406982 607
1745238706952 3.7251811027526855 608
1745238707168 3.6693856716156006 609
