1745425597692 9.367636680603027 0
1745425601922 8.445381164550781 1
1745425605473 7.2918829917907715 2
1745425609045 6.739458084106445 3
1745425613643 6.486533164978027 4
1745425617229 6.43558931350708 5
1745425620780 6.532115459442139 6
1745425624654 6.676837921142578 7
1745425628514 6.793711185455322 8
1745425632069 6.813543796539307 9
1745425635626 6.69216251373291 10
1745425640156 6.578686714172363 11
1745425643705 6.484881401062012 12
1745425647260 6.558889389038086 13
1745425651335 6.538125514984131 14
1745425655138 6.511525630950928 15
1745425658676 6.483958721160889 16
1745425662254 6.47514009475708 17
1745425666673 6.5073065757751465 18
1745425670247 6.391054153442383 19
1745425673803 6.421577453613281 20
1745425678082 6.4078826904296875 21
1745425681778 6.4358229637146 22
1745425685380 6.433237075805664 23
1745425688960 6.390858173370361 24
1745425693168 6.411855697631836 25
1745425696789 6.383904933929443 26
1745425700370 6.300766944885254 27
1745425704922 6.313908576965332 28
1745425708485 6.375743865966797 29
1745425712072 6.335515975952148 30
1745425715863 6.330913066864014 31
1745425719780 6.3006696701049805 32
1745425723334 6.233898162841797 33
1745425726923 6.278530120849609 34
1745425731506 6.193459987640381 35
1745425735060 6.20880651473999 36
1745425738634 6.2524261474609375 37
1745425742674 6.232162952423096 38
1745425746484 6.211294174194336 39
1745425750070 6.16995906829834 40
1745425753666 6.066162586212158 41
1745425758099 6.062865257263184 42
1745425761720 6.0883588790893555 43
1745425765304 6.205329418182373 44
1745425769683 6.109506607055664 45
1745425773363 6.106540679931641 46
1745425776954 6.07750940322876 47
1745425780556 6.143013954162598 48
1745425784712 6.119658470153809 49
1745425788274 6.023651123046875 50
1745425791861 6.048940181732178 51
1745425796473 6.035952568054199 52
1745425800056 5.970514297485352 53
1745425803639 6.1041741371154785 54
1745425807552 6.014820098876953 55
1745425811479 6.0045270919799805 56
1745425815067 5.987880706787109 57
1745425818671 5.9276323318481445 58
1745425823203 5.96990966796875 59
1745425826800 5.965009689331055 60
1745425830396 5.896942615509033 61
1745425834719 5.909702777862549 62
1745425838461 5.9144606590271 63
1745425842055 5.893869876861572 64
1745425845651 5.884960174560547 65
1745425849880 5.923094749450684 66
1745425853521 5.895317077636719 67
1745425857139 5.8262481689453125 68
1745425861739 5.91928768157959 69
1745425865372 5.936119079589844 70
1745425868968 5.837481498718262 71
1745425872862 5.88633394241333 72
1745425876731 5.788207054138184 73
1745425880303 5.828533172607422 74
1745425883879 5.820319652557373 75
1745425888413 5.825780868530273 76
1745425892011 5.831545829772949 77
1745425895597 5.7532525062561035 78
1745425898120 5.812112808227539 79
1745426024465 5.659036159515381 80
1745426028067 5.667409420013428 81
1745426032379 5.665192127227783 82
1745426035983 5.772552490234375 83
1745426039600 5.630446434020996 84
1745426044140 5.79556131362915 85
1745426047756 5.630521774291992 86
1745426051345 5.63088846206665 87
1745426055072 5.767373085021973 88
1745426059068 5.662142753601074 89
1745426062699 5.765999794006348 90
1745426066272 5.746034145355225 91
1745426070837 5.684530258178711 92
1745426074458 5.665706634521484 93
1745426078029 5.610151290893555 94
1745426082137 5.64658260345459 95
1745426085941 5.639624118804932 96
1745426089518 5.655879020690918 97
1745426093142 5.6844258308410645 98
1745426097532 5.624180793762207 99
1745426101111 5.613803863525391 100
1745426104695 5.595294952392578 101
1745426109214 5.629096031188965 102
1745426112863 5.609511852264404 103
1745426116441 5.515986442565918 104
1745426120016 5.577483177185059 105
1745426124181 5.494797229766846 106
1745426127826 5.508056640625 107
1745426131468 5.647039890289307 108
1745426136120 5.5706586837768555 109
1745426139698 5.51331090927124 110
1745426143292 5.558374881744385 111
1745426147357 5.535041332244873 112
1745426151148 5.606227874755859 113
1745426154755 5.531717777252197 114
1745426158360 5.534548282623291 115
1745426162757 5.513671398162842 116
1745426166366 5.523144245147705 117
1745426169985 5.490907669067383 118
1745426174498 5.542317867279053 119
1745426178129 5.494943618774414 120
1745426181708 5.502922058105469 121
1745426185312 5.497347354888916 122
1745426189423 5.482967376708984 123
1745426193023 5.543015956878662 124
1745426196602 5.42417049407959 125
1745426201177 5.431612968444824 126
1745426204753 5.461676597595215 127
1745426208347 5.440728664398193 128
1745426212390 5.466948986053467 129
1745426216224 5.399443626403809 130
1745426219803 5.4791412353515625 131
1745426223405 5.424681186676025 132
1745426227884 5.360607147216797 133
1745426231462 5.424744606018066 134
1745426235052 5.364018440246582 135
1745426239380 5.368556499481201 136
1745426243128 5.361514568328857 137
1745426246714 5.399964332580566 138
1745426250324 5.392111301422119 139
1745426254542 5.4394941329956055 140
1745426258136 5.450096130371094 141
1745426261728 5.394623756408691 142
1745426266287 5.3385138511657715 143
1745426269877 5.448270797729492 144
1745426273503 5.353869438171387 145
1745426277310 5.38033390045166 146
1745426281210 5.429186820983887 147
1745426284803 5.384570598602295 148
1745426288384 5.408625602722168 149
1745426292938 5.357776165008545 150
1745426296538 5.384670257568359 151
1745426300130 5.352710247039795 152
1745426304346 5.467909336090088 153
1745426308118 5.366007328033447 154
1745426311684 5.443112373352051 155
1745426315266 5.373832702636719 156
1745426319561 5.405264377593994 157
1745426323152 5.362234115600586 158
1745426325687 5.435042381286621 159
1745426452184 5.310129165649414 160
1745426455768 5.274258136749268 161
1745426459435 5.2857770919799805 162
1745426463448 5.220691680908203 163
1745426467032 5.216396808624268 164
1745426470604 5.207447528839111 165
1745426475215 5.273200988769531 166
1745426478816 5.274868011474609 167
1745426482416 5.304562091827393 168
1745426486560 5.228574275970459 169
1745426490352 5.244672775268555 170
1745426493991 5.2865142822265625 171
1745426497564 5.240355014801025 172
1745426501911 5.1968913078308105 173
1745426505511 5.213348865509033 174
1745426509094 5.277174949645996 175
1745426513526 5.233534336090088 176
1745426517173 5.275386333465576 177
1745426520797 5.155030727386475 178
1745426524443 5.28466272354126 179
1745426528538 5.3164567947387695 180
1745426532111 5.279262065887451 181
1745426535697 5.265798568725586 182
1745426540262 5.249187469482422 183
1745426543875 5.248124599456787 184
1745426547463 5.2129926681518555 185
1745426551351 5.303548812866211 186
1745426555258 5.20730447769165 187
1745426558825 5.2123589515686035 188
1745426562404 5.1968302726745605 189
1745426566942 5.208855628967285 190
1745426570516 5.256206512451172 191
1745426574096 5.237019062042236 192
1745426578306 5.231074333190918 193
1745426582047 5.237549781799316 194
1745426585705 5.179386138916016 195
1745426589302 5.2072272300720215 196
1745426593619 5.268004894256592 197
1745426597196 5.294136047363281 198
1745426600776 5.2204718589782715 199
1745426605276 5.1995439529418945 200
1745426608891 5.259237766265869 201
1745426612477 5.244576930999756 202
1745426616265 5.171716690063477 203
1745426620226 5.211486339569092 204
1745426623838 5.223927974700928 205
1745426627449 5.197749137878418 206
1745426631997 5.185678005218506 207
1745426635573 5.187797546386719 208
1745426639159 5.259673118591309 209
1745426643302 5.2804765701293945 210
1745426647141 5.223149299621582 211
1745426650737 5.207078456878662 212
1745426654371 5.186972141265869 213
1745426658746 5.191164970397949 214
1745426662324 5.2594194412231445 215
1745426665909 5.1534810066223145 216
1745426670353 5.225825786590576 217
1745426674092 5.1392316818237305 218
1745426677676 5.2213029861450195 219
1745426681295 5.2831807136535645 220
1745426685375 5.15468168258667 221
1745426688955 5.17438268661499 222
1745426692532 5.174592018127441 223
1745426697163 5.190279960632324 224
1745426700770 5.165968418121338 225
1745426704414 5.168301105499268 226
1745426708447 5.101445198059082 227
1745426712245 5.172800064086914 228
1745426715846 5.111756324768066 229
1745426719459 5.149550914764404 230
1745426723863 5.147662162780762 231
1745426727485 5.19521427154541 232
1745426731100 5.199481964111328 233
1745426735643 5.185020923614502 234
1745426739305 5.111796855926514 235
1745426742907 5.115350723266602 236
1745426746530 5.118453502655029 237
1745426751016 5.158236026763916 238
1745426753664 5.152310848236084 239
1745426880812 5.047012805938721 240
1745426884406 5.039821624755859 241
1745426888012 5.102907180786133 242
1745426892518 5.096468448638916 243
1745426896160 5.1147847175598145 244
1745426899759 5.115837097167969 245
1745426903434 5.098233699798584 246
1745426907461 5.151642799377441 247
1745426911041 5.17320442199707 248
1745426914670 5.145264625549316 249
1745426919291 5.128877639770508 250
1745426922867 5.234597206115723 251
1745426926456 5.081781387329102 252
1745426930539 5.12380313873291 253
1745426934331 5.132140636444092 254
1745426937930 5.151295185089111 255
1745426941538 5.15382194519043 256
1745426945974 5.049127101898193 257
1745426949573 5.113283157348633 258
1745426953160 5.231746196746826 259
1745426957581 5.140594482421875 260
1745426961254 5.172389507293701 261
1745426964847 5.1429595947265625 262
1745426968453 5.134744644165039 263
1745426972588 5.190263271331787 264
1745426976243 5.124380588531494 265
1745426979846 5.081576347351074 266
1745426984454 5.028483867645264 267
1745426988059 5.088456153869629 268
1745426991643 5.153255939483643 269
1745426995607 5.130058765411377 270
1745426999439 5.042794227600098 271
1745427003021 5.056861877441406 272
1745427006654 5.156249523162842 273
1745427011128 5.123391628265381 274
1745427014748 5.12251091003418 275
1745427018321 5.1244025230407715 276
1745427022670 5.0955352783203125 277
1745427026394 5.0261454582214355 278
1745427029978 5.1472392082214355 279
1745427033554 5.117021083831787 280
1745427037800 5.100625514984131 281
1745427041400 5.097473621368408 282
1745427044988 5.063767433166504 283
1745427049604 5.197170257568359 284
1745427053201 5.069862365722656 285
1745427056816 5.117070198059082 286
1745427060756 5.144176959991455 287
1745427064643 5.070252418518066 288
1745427068268 5.083805561065674 289
1745427071871 5.1698899269104 290
1745427076413 5.112881660461426 291
1745427079997 5.078673362731934 292
1745427083570 5.046209335327148 293
1745427087788 5.100367069244385 294
1745427091541 5.018570423126221 295
1745427095201 5.063443660736084 296
1745427098805 5.109220027923584 297
1745427103071 4.996546745300293 298
1745427106664 5.096971035003662 299
1745427110266 4.946988582611084 300
1745427114823 5.04959774017334 301
1745427118425 5.119210720062256 302
1745427122018 5.004015922546387 303
1745427125787 5.075047969818115 304
1745427129758 5.113536834716797 305
1745427133339 5.09805154800415 306
1745427136950 5.028619766235352 307
1745427141544 5.044002056121826 308
1745427145149 4.947546482086182 309
1745427148757 5.035930156707764 310
1745427152890 5.101681232452393 311
1745427156731 4.917575836181641 312
1745427160331 4.941624164581299 313
1745427163900 5.015586853027344 314
1745427168262 5.059066295623779 315
1745427171866 4.997464656829834 316
1745427175462 5.04102087020874 317
