1745425597692 0.0 0
1745425601922 0.07167524099349976 1
1745425605473 0.07221958786249161 2
1745425609045 0.07129865139722824 3
1745425613643 0.06748849153518677 4
1745425617229 0.062210407108068466 5
1745425620780 0.050693485885858536 6
1745425624654 0.06942988187074661 7
1745425628514 0.04095663130283356 8
1745425632069 0.0721108540892601 9
1745425635626 0.07371753454208374 10
1745425640156 0.07612388581037521 11
1745425643705 0.040471725165843964 12
1745425647260 0.037145212292671204 13
1745425651335 0.04115384444594383 14
1745425655138 0.07550870627164841 15
1745425658676 0.06966029107570648 16
1745425662254 0.07544483989477158 17
1745425666673 0.07369093596935272 18
1745425670247 0.07287874817848206 19
1745425673803 0.06844364106655121 20
1745425678082 0.07297228276729584 21
1745425681778 0.07025311887264252 22
1745425685380 0.06723525375127792 23
1745425688960 0.0681033805012703 24
1745425693168 0.07173842936754227 25
1745425696789 0.06539368629455566 26
1745425700370 0.07895270735025406 27
1745425704922 0.08183985948562622 28
1745425708485 0.0769866332411766 29
1745425712072 0.07784732431173325 30
1745425715863 0.08060089498758316 31
1745425719780 0.079486183822155 32
1745425723334 0.09002169221639633 33
1745425726923 0.09135948121547699 34
1745425731506 0.082407645881176 35
1745425735060 0.0916154682636261 36
1745425738634 0.084622323513031 37
1745425742674 0.08496282249689102 38
1745425746484 0.0976816862821579 39
1745425750070 0.09173987060785294 40
1745425753666 0.09624432027339935 41
1745425758099 0.08844519406557083 42
1745425761720 0.09687228500843048 43
1745425765304 0.10383018106222153 44
1745425769683 0.10652187466621399 45
1745425773363 0.11029748618602753 46
1745425776954 0.09634072333574295 47
1745425780556 0.09804335236549377 48
1745425784712 0.10269332677125931 49
1745425788274 0.10000783950090408 50
1745425791861 0.09670344740152359 51
1745425796473 0.10094287246465683 52
1745425800056 0.11041593551635742 53
1745425803639 0.11425977200269699 54
1745425807552 0.11645471304655075 55
1745425811479 0.10710231959819794 56
1745425815067 0.117848239839077 57
1745425818671 0.12353450804948807 58
1745425823203 0.11582192778587341 59
1745425826800 0.11030369251966476 60
1745425830396 0.12218818068504333 61
1745425834719 0.11673339456319809 62
1745425838461 0.12448076903820038 63
1745425842055 0.11856967955827713 64
1745425845651 0.1262517124414444 65
1745425849880 0.11782850325107574 66
1745425853521 0.12566259503364563 67
1745425857139 0.12461737543344498 68
1745425861739 0.11863646656274796 69
1745425865372 0.12187137454748154 70
1745425868968 0.11639676243066788 71
1745425872862 0.11736178398132324 72
1745425876731 0.13166995346546173 73
1745425880303 0.12390612810850143 74
1745425883879 0.12107767909765244 75
1745425888413 0.12146849930286407 76
1745425892011 0.13057923316955566 77
1745425895597 0.12545375525951385 78
1745425898120 0.12482539564371109 79
1745426024465 0.12618900835514069 80
1745426028067 0.1288922280073166 81
1745426032379 0.1350569874048233 82
1745426035983 0.13254956901073456 83
1745426039600 0.13809457421302795 84
1745426044140 0.12705689668655396 85
1745426047756 0.13485221564769745 86
1745426051345 0.13533896207809448 87
1745426055072 0.13112403452396393 88
1745426059068 0.13636364042758942 89
1745426062699 0.12923741340637207 90
1745426066272 0.12871287763118744 91
1745426070837 0.13499775528907776 92
1745426074458 0.13162925839424133 93
1745426078029 0.13768233358860016 94
1745426082137 0.14041095972061157 95
1745426085941 0.13738207519054413 96
1745426089518 0.133822962641716 97
1745426093142 0.14238795638084412 98
1745426097532 0.1437985897064209 99
1745426101111 0.14099542796611786 100
1745426104695 0.13302502036094666 101
1745426109214 0.1359100490808487 102
1745426112863 0.1390049159526825 103
1745426116441 0.1421099156141281 104
1745426120016 0.14752288162708282 105
1745426124181 0.14435163140296936 106
1745426127826 0.1472298949956894 107
1745426131468 0.13560375571250916 108
1745426136120 0.14969615638256073 109
1745426139698 0.14670787751674652 110
1745426143292 0.148647740483284 111
1745426147357 0.14066344499588013 112
1745426151148 0.1510968655347824 113
1745426154755 0.14603078365325928 114
1745426158360 0.14737699925899506 115
1745426162757 0.14460857212543488 116
1745426166366 0.14462342858314514 117
1745426169985 0.15926313400268555 118
1745426174498 0.14877483248710632 119
1745426178129 0.14812679588794708 120
1745426181708 0.15602295100688934 121
1745426185312 0.15392470359802246 122
1745426189423 0.1560402661561966 123
1745426193023 0.15466666221618652 124
1745426196602 0.15589100122451782 125
1745426201177 0.1614963561296463 126
1745426204753 0.1579924374818802 127
1745426208347 0.1643335372209549 128
1745426212390 0.16168813407421112 129
1745426216224 0.15802069008350372 130
1745426219803 0.14954984188079834 131
1745426223405 0.1617945432662964 132
1745426227884 0.17015017569065094 133
1745426231462 0.1581062227487564 134
1745426235052 0.1615801602602005 135
1745426239380 0.16712328791618347 136
1745426243128 0.1676831990480423 137
1745426246714 0.15848810970783234 138
1745426250324 0.16545358300209045 139
1745426254542 0.1621735394001007 140
1745426258136 0.15589380264282227 141
1745426261728 0.15811902284622192 142
1745426266287 0.16662395000457764 143
1745426269877 0.1592312902212143 144
1745426273503 0.1577308177947998 145
1745426277310 0.16581858694553375 146
1745426281210 0.1643061637878418 147
1745426284803 0.15931573510169983 148
1745426288384 0.15853999555110931 149
1745426292938 0.16692812740802765 150
1745426296538 0.1621621549129486 151
1745426300130 0.16423389315605164 152
1745426304346 0.156700000166893 153
1745426308118 0.16348373889923096 154
1745426311684 0.16423407196998596 155
1745426315266 0.1614319235086441 156
1745426319561 0.15887685120105743 157
1745426323152 0.169211283326149 158
1745426325687 0.160662442445755 159
1745426452184 0.1611950844526291 160
1745426455768 0.16665491461753845 161
1745426459435 0.16794925928115845 162
1745426463448 0.16943396627902985 163
1745426467032 0.16973546147346497 164
1745426470604 0.17337748408317566 165
1745426475215 0.16545233130455017 166
1745426478816 0.16421343386173248 167
1745426482416 0.16552703082561493 168
1745426486560 0.1753554493188858 169
1745426490352 0.17432738840579987 170
1745426493991 0.17213848233222961 171
1745426497564 0.17679668962955475 172
1745426501911 0.16637881100177765 173
1745426505511 0.17466731369495392 174
1745426509094 0.16944186389446259 175
1745426513526 0.17301587760448456 176
1745426517173 0.16226963698863983 177
1745426520797 0.17683707177639008 178
1745426524443 0.17007021605968475 179
1745426528538 0.16843637824058533 180
1745426532111 0.1633402705192566 181
1745426535697 0.16997651755809784 182
1745426540262 0.18091616034507751 183
1745426543875 0.17250168323516846 184
1745426547463 0.1729317605495453 185
1745426551351 0.17309540510177612 186
1745426555258 0.1727970689535141 187
1745426558825 0.16186915338039398 188
1745426562404 0.177906796336174 189
1745426566942 0.1855248212814331 190
1745426570516 0.16534486413002014 191
1745426574096 0.1706860512495041 192
1745426578306 0.1710236817598343 193
1745426582047 0.1792207807302475 194
1745426585705 0.18335410952568054 195
1745426589302 0.16940133273601532 196
1745426593619 0.17597542703151703 197
1745426597196 0.1657688468694687 198
1745426600776 0.17376144230365753 199
1745426605276 0.1720636636018753 200
1745426608891 0.16802233457565308 201
1745426612477 0.17869652807712555 202
1745426616265 0.1790573000907898 203
1745426620226 0.18139363825321198 204
1745426623838 0.17558570206165314 205
1745426627449 0.1737702190876007 206
1745426631997 0.17747993767261505 207
1745426635573 0.1801273375749588 208
1745426639159 0.16960877180099487 209
1745426643302 0.17256608605384827 210
1745426647141 0.17059436440467834 211
1745426650737 0.16883116960525513 212
1745426654371 0.17825491726398468 213
1745426658746 0.17653311789035797 214
1745426662324 0.17175573110580444 215
1745426665909 0.1797013282775879 216
1745426670353 0.18183189630508423 217
1745426674092 0.180320605635643 218
1745426677676 0.18000634014606476 219
1745426681295 0.17575140297412872 220
1745426685375 0.17797915637493134 221
1745426688955 0.17992131412029266 222
1745426692532 0.1762046217918396 223
1745426697163 0.17043404281139374 224
1745426700770 0.18619826436042786 225
1745426704414 0.18009211122989655 226
1745426708447 0.1853407621383667 227
1745426712245 0.1691165268421173 228
1745426715846 0.16831354796886444 229
1745426719459 0.17373082041740417 230
1745426723863 0.18533727526664734 231
1745426727485 0.17833800613880157 232
1745426731100 0.18145246803760529 233
1745426735643 0.1923612654209137 234
1745426739305 0.18142205476760864 235
1745426742907 0.19141323864459991 236
1745426746530 0.1797245442867279 237
1745426751016 0.17209146916866302 238
1745426753664 0.18453946709632874 239
1745426880812 0.18669095635414124 240
1745426884406 0.1890752613544464 241
1745426888012 0.1869906485080719 242
1745426892518 0.18082578480243683 243
1745426896160 0.1827583611011505 244
1745426899759 0.1878069043159485 245
1745426903434 0.1855042725801468 246
1745426907461 0.16644243896007538 247
1745426911041 0.17704664170742035 248
1745426914670 0.18110409379005432 249
1745426919291 0.1743432879447937 250
1745426922867 0.16501940786838531 251
1745426926456 0.18394219875335693 252
1745426930539 0.18314893543720245 253
1745426934331 0.1783003956079483 254
1745426937930 0.17826658487319946 255
1745426941538 0.17820201814174652 256
1745426945974 0.1886778175830841 257
1745426949573 0.182587668299675 258
1745426953160 0.1771647185087204 259
1745426957581 0.18239186704158783 260
1745426961254 0.1687607616186142 261
1745426964847 0.1773730367422104 262
1745426968453 0.17993681132793427 263
1745426972588 0.17881955206394196 264
1745426976243 0.1878090500831604 265
1745426979846 0.18756073713302612 266
1745426984454 0.1862121969461441 267
1745426988059 0.17826427519321442 268
1745426991643 0.17473255097866058 269
1745426995607 0.1827235221862793 270
1745426999439 0.18249045312404633 271
1745427003021 0.18472635746002197 272
1745427006654 0.1894000917673111 273
1745427011128 0.18141618371009827 274
1745427014748 0.1820048987865448 275
1745427018321 0.17449189722537994 276
1745427022670 0.17883950471878052 277
1745427026394 0.18637709319591522 278
1745427029978 0.17649142444133759 279
1745427033554 0.18313689529895782 280
1745427037800 0.18475347757339478 281
1745427041400 0.19219732284545898 282
1745427044988 0.18752838671207428 283
1745427049604 0.17648784816265106 284
1745427053201 0.18643274903297424 285
1745427056816 0.17749543488025665 286
1745427060756 0.18550342321395874 287
1745427064643 0.18150410056114197 288
1745427068268 0.18244536221027374 289
1745427071871 0.18655523657798767 290
1745427076413 0.1796075999736786 291
1745427079997 0.18234865367412567 292
1745427083570 0.19416899979114532 293
1745427087788 0.1882728636264801 294
1745427091541 0.20000000298023224 295
1745427095201 0.18737851083278656 296
1745427098805 0.1788221001625061 297
1745427103071 0.19452278316020966 298
1745427106664 0.1937662959098816 299
1745427110266 0.2035743147134781 300
1745427114823 0.18614034354686737 301
1745427118425 0.1846083700656891 302
1745427122018 0.19261384010314941 303
1745427125787 0.19473502039909363 304
1745427129758 0.17473891377449036 305
1745427133339 0.18386870622634888 306
1745427136950 0.18921403586864471 307
1745427141544 0.19365771114826202 308
1745427145149 0.19512394070625305 309
1745427148757 0.1848306804895401 310
1745427152890 0.1832926720380783 311
1745427156731 0.19409024715423584 312
1745427160331 0.19446639716625214 313
1745427163900 0.18212401866912842 314
1745427168262 0.1841031163930893 315
1745427171866 0.18993420898914337 316
1745427175462 0.18841663002967834 317
