1746049619338 2.395761251449585 0
1746049621514 2.395717144012451 1
1746049623582 2.393634557723999 2
1746049625715 2.3975231647491455 3
1746049627760 2.3960437774658203 4
1746049629810 2.3970301151275635 5
1746049631857 2.3956985473632812 6
1746049634045 2.395414352416992 7
1746049636169 2.34667706489563 8
1746049638232 2.3480937480926514 9
1746049640290 2.3501498699188232 10
1746049642337 2.346938371658325 11
1746049644380 2.2655088901519775 12
1746049646711 2.265281915664673 13
1746049648779 2.268616199493408 14
1746049650838 2.264178514480591 15
1746049652890 2.155801296234131 16
1746049654954 2.1581239700317383 17
1746049657002 2.1544582843780518 18
1746049659384 2.1589956283569336 19
1746049661433 2.0436103343963623 20
1746049663476 2.041271448135376 21
1746049665526 2.0470452308654785 22
1746049667578 2.0414087772369385 23
1746049669633 1.9149751663208008 24
1746049671975 1.911250352859497 25
1746049674020 1.9162240028381348 26
1746049676062 1.9158588647842407 27
1746049678105 1.808146595954895 28
1746049680150 1.8118054866790771 29
1746049682252 1.8092458248138428 30
1746049684504 1.8124102354049683 31
1746049686553 1.7423171997070312 32
1746049688604 1.724053978919983 33
1746049690647 1.7437381744384766 34
1746049692697 1.7231649160385132 35
1746049694919 1.6901812553405762 36
1746049696993 1.6890925168991089 37
1746049699041 1.6929876804351807 38
1746049701090 1.6853934526443481 39
1746049703137 1.6820868253707886 40
1746049705181 1.655742883682251 41
1746049707368 1.671483039855957 42
1746049709463 1.6648318767547607 43
1746049711512 1.6737157106399536 44
1746049713560 1.6692414283752441 45
1746049715611 1.6556469202041626 46
1746049717666 1.6660375595092773 47
1746049719836 1.6840406656265259 48
1746049721886 1.693537950515747 49
1746049723947 1.6900502443313599 50
1746049725999 1.6816970109939575 51
1746049728045 1.6966238021850586 52
1746049730109 1.7041847705841064 53
1746049732343 1.7003775835037231 54
1746049734431 1.7091317176818848 55
1746049736486 1.7001804113388062 56
1746049738533 1.7098208665847778 57
1746049740594 1.7039661407470703 58
1746049742648 1.7043814659118652 59
1746049744858 1.6844819784164429 60
1746049746936 1.700118064880371 61
1746049748989 1.703249454498291 62
1746049751045 1.6750048398971558 63
1746049753105 1.6708719730377197 64
1746049755168 1.6817437410354614 65
1746049757527 1.6779348850250244 66
1746049759600 1.6849571466445923 67
1746049761679 1.668733835220337 68
1746049763740 1.684075951576233 69
1746049765792 1.6606459617614746 70
1746049767862 1.6557059288024902 71
1746049770052 1.669036865234375 72
1746049772108 1.665966510772705 73
1746049774167 1.6605231761932373 74
1746049776228 1.662553071975708 75
1746049778278 1.665079116821289 76
1746049780359 1.6595475673675537 77
1746049782480 1.6665648221969604 78
1746049784527 1.6494321823120117 79
1746049786575 1.660079002380371 80
1746049788166 1.6599987745285034 81
1746050223113 1.65312659740448 82
1746050225237 1.6519808769226074 83
1746050227286 1.662829041481018 84
1746050229372 1.6556392908096313 85
1746050231432 1.63993501663208 86
1746050233483 1.6374636888504028 87
1746050235801 1.651833415031433 88
1746050237889 1.6462534666061401 89
1746050239948 1.6572345495224 90
1746050241999 1.6560534238815308 91
1746050244047 1.6508049964904785 92
1746050246106 1.6489231586456299 93
1746050248299 1.6404441595077515 94
1746050250376 1.6599806547164917 95
1746050252445 1.6513686180114746 96
1746050254507 1.651012897491455 97
1746050256566 1.6513563394546509 98
1746050258618 1.6639251708984375 99
1746050260838 1.6683032512664795 100
1746050262912 1.6445927619934082 101
1746050264976 1.6365914344787598 102
1746050267022 1.6526179313659668 103
1746050269084 1.6387265920639038 104
1746050271142 1.6568816900253296 105
1746050273366 1.6338838338851929 106
1746050275414 1.649023413658142 107
1746050277486 1.6464883089065552 108
1746050279537 1.6525213718414307 109
1746050281588 1.6528208255767822 110
1746050283666 1.6420048475265503 111
1746050285769 1.6494401693344116 112
1746050287836 1.6497591733932495 113
1746050289889 1.646202564239502 114
1746050291952 1.6433031558990479 115
1746050294001 1.6519540548324585 116
1746050296143 1.6463979482650757 117
1746050298312 1.6472474336624146 118
1746050300375 1.6445640325546265 119
1746050302431 1.64401113986969 120
1746050304483 1.660086989402771 121
1746050306539 1.6334055662155151 122
1746050308729 1.638304352760315 123
1746050310791 1.6312804222106934 124
1746050312861 1.6510162353515625 125
1746050314920 1.637516736984253 126
1746050316975 1.646307110786438 127
1746050319033 1.653111457824707 128
1746050321211 1.651569128036499 129
1746050323281 1.6535499095916748 130
1746050325352 1.6458107233047485 131
1746050327396 1.6407371759414673 132
1746050329448 1.6465498208999634 133
1746050331502 1.6440629959106445 134
1746050333873 1.6434342861175537 135
1746050335934 1.6352646350860596 136
1746050338003 1.6415457725524902 137
1746050340067 1.6444789171218872 138
1746050342123 1.6487571001052856 139
1746050344194 1.6454154253005981 140
1746050346471 1.6416118144989014 141
1746050348527 1.6419742107391357 142
1746050350585 1.634747862815857 143
1746050352639 1.6405856609344482 144
1746050354697 1.6472430229187012 145
1746050356891 1.6520764827728271 146
1746050358950 1.651737928390503 147
1746050361004 1.649088740348816 148
1746050363062 1.646195888519287 149
1746050365118 1.6493040323257446 150
1746050367174 1.6398704051971436 151
1746050369549 1.642665147781372 152
1746050371606 1.6489903926849365 153
1746050373670 1.6561094522476196 154
1746050375731 1.6409227848052979 155
1746050377798 1.641177773475647 156
1746050379863 1.648478388786316 157
1746050382246 1.6462671756744385 158
1746050384305 1.6485838890075684 159
1746050386378 1.647139310836792 160
1746050388447 1.6323107481002808 161
1746050390514 1.6422498226165771 162
1746050392105 1.6265231370925903 163
1746050829734 1.645990014076233 164
1746050831785 1.6345710754394531 165
1746050833992 1.6218219995498657 166
1746050836066 1.6227227449417114 167
1746050838121 1.6357253789901733 168
1746050840177 1.6301019191741943 169
1746050842233 1.643693447113037 170
1746050844303 1.6337708234786987 171
1746050846658 1.6234949827194214 172
1746050848717 1.6373140811920166 173
1746050850770 1.628523349761963 174
1746050852824 1.6337193250656128 175
1746050854879 1.6356823444366455 176
1746050856947 1.6302270889282227 177
1746050859185 1.634800672531128 178
1746050861248 1.6276750564575195 179
1746050863305 1.6247217655181885 180
1746050865361 1.639177918434143 181
1746050867423 1.6346733570098877 182
1746050869519 1.631839394569397 183
1746050871772 1.635005235671997 184
1746050873828 1.6339681148529053 185
1746050875877 1.6403249502182007 186
1746050877939 1.6281895637512207 187
1746050880022 1.6471205949783325 188
1746050882243 1.6359091997146606 189
1746050884314 1.6359939575195312 190
1746050886371 1.6232014894485474 191
1746050888434 1.64283287525177 192
1746050890514 1.6295992136001587 193
1746050892582 1.6269246339797974 194
1746050894951 1.6270496845245361 195
1746050897011 1.641126036643982 196
1746050899067 1.621235728263855 197
1746050901125 1.6176904439926147 198
1746050903184 1.6093850135803223 199
1746050905250 1.6269376277923584 200
1746050907539 1.6196784973144531 201
1746050909591 1.628174066543579 202
1746050911646 1.628764271736145 203
1746050913694 1.627082347869873 204
1746050915748 1.627710223197937 205
1746050917833 1.6154953241348267 206
1746050920011 1.6350994110107422 207
1746050922059 1.6254955530166626 208
1746050924127 1.6159498691558838 209
1746050926172 1.6225075721740723 210
1746050928221 1.6358298063278198 211
1746050930336 1.6289992332458496 212
1746050932450 1.6233433485031128 213
1746050934503 1.6044237613677979 214
1746050936581 1.6159322261810303 215
1746050938643 1.6215022802352905 216
1746050940701 1.608772873878479 217
1746050942912 1.622642159461975 218
1746050945037 1.618564248085022 219
1746050947097 1.6044636964797974 220
1746050949159 1.6155290603637695 221
1746050951213 1.6150050163269043 222
1746050953282 1.6155827045440674 223
1746050955468 1.6082549095153809 224
1746050957534 1.632161259651184 225
1746050959591 1.6013660430908203 226
1746050961649 1.605359673500061 227
1746050963702 1.5948060750961304 228
1746050965760 1.5978813171386719 229
1746050967935 1.5949333906173706 230
1746050969998 1.596364974975586 231
1746050972047 1.600231647491455 232
1746050974104 1.6039944887161255 233
1746050976155 1.6151121854782104 234
1746050978224 1.5958024263381958 235
1746050980450 1.5989506244659424 236
1746050982518 1.5907243490219116 237
1746050984574 1.593153476715088 238
1746050986628 1.61272394657135 239
1746050988683 1.5998530387878418 240
1746050990742 1.574533462524414 241
1746050993113 1.595384120941162 242
1746050995219 1.6065975427627563 243
1746050997282 1.5808583498001099 244
1746050998861 1.5798885822296143 245
1746051435473 1.5727862119674683 246
1746051437537 1.5829267501831055 247
1746051439599 1.5825942754745483 248
1746051441656 1.5775631666183472 249
1746051443727 1.5688457489013672 250
1746051446072 1.5756126642227173 251
1746051448167 1.5881626605987549 252
1746051450239 1.5810644626617432 253
1746051452302 1.5692107677459717 254
1746051454353 1.5799025297164917 255
1746051456404 1.575398325920105 256
1746051458706 1.5766241550445557 257
1746051460783 1.5667752027511597 258
1746051462855 1.5582084655761719 259
1746051464905 1.5592970848083496 260
1746051466977 1.5685853958129883 261
1746051469039 1.5698637962341309 262
1746051471396 1.5642560720443726 263
1746051473456 1.5543614625930786 264
1746051475516 1.5679248571395874 265
1746051477577 1.5877012014389038 266
1746051479639 1.5609763860702515 267
1746051481812 1.5646898746490479 268
1746051483986 1.5608779191970825 269
1746051486034 1.5421550273895264 270
1746051488086 1.5567002296447754 271
1746051490143 1.5543553829193115 272
1746051492204 1.5789846181869507 273
1746051494516 1.5575451850891113 274
1746051496625 1.5651814937591553 275
1746051498693 1.5594456195831299 276
1746051500738 1.537379503250122 277
1746051502788 1.5504369735717773 278
1746051504840 1.5611178874969482 279
1746051507190 1.5527654886245728 280
1746051509255 1.5624257326126099 281
1746051511315 1.5472177267074585 282
1746051513371 1.5542935132980347 283
1746051515430 1.5327322483062744 284
1746051517488 1.5398707389831543 285
1746051519773 1.5337274074554443 286
1746051521843 1.544067621231079 287
1746051523905 1.546572208404541 288
1746051525971 1.5435270071029663 289
1746051528022 1.5429788827896118 290
1746051530226 1.5269598960876465 291
1746051532354 1.529374122619629 292
1746051534413 1.551844596862793 293
1746051536468 1.5436623096466064 294
1746051538526 1.5367704629898071 295
1746051540588 1.5384955406188965 296
1746051542882 1.5420093536376953 297
1746051544965 1.5270652770996094 298
1746051547024 1.5398350954055786 299
1746051549083 1.551569938659668 300
1746051551135 1.544787049293518 301
1746051553206 1.536168098449707 302
1746051555429 1.527179479598999 303
1746051557520 1.5335397720336914 304
1746051559585 1.535349726676941 305
1746051561639 1.5288338661193848 306
1746051563695 1.531151294708252 307
1746051565754 1.548133134841919 308
1746051568074 1.547461748123169 309
1746051570143 1.5268405675888062 310
1746051572202 1.5332728624343872 311
1746051574260 1.5385174751281738 312
1746051576321 1.5384104251861572 313
1746051578381 1.5261822938919067 314
1746051580553 1.5143969058990479 315
1746051582629 1.5333127975463867 316
1746051584693 1.520883560180664 317
1746051586759 1.5178585052490234 318
1746051588816 1.5227258205413818 319
1746051590904 1.526858925819397 320
1746051593035 1.5324316024780273 321
1746051595092 1.5312504768371582 322
1746051597160 1.521996021270752 323
1746051599227 1.5262328386306763 324
1746051601287 1.5249372720718384 325
1746051603458 1.5264465808868408 326
1746051605235 1.5356825590133667 327
