1746049619338 0.00012606366362888366 0
1746049621514 5.823772517032921e-05 1
1746049623582 6.241028313525021e-05 2
1746049625715 0.0 3
1746049627760 0.00020159935229457915 4
1746049629810 0.00012835323286708444 5
1746049631857 0.0 6
1746049634045 0.00019766752666328102 7
1746049636169 0.0004886903334408998 8
1746049638232 0.00014168319466989487 9
1746049640290 0.0005401651142165065 10
1746049642337 0.00021350794122554362 11
1746049644380 0.015743514522910118 12
1746049646711 0.015265306457877159 13
1746049648779 0.01603611186146736 14
1746049650838 0.016288185492157936 15
1746049652890 0.06307435035705566 16
1746049654954 0.05819295719265938 17
1746049657002 0.06408073008060455 18
1746049659384 0.05921632796525955 19
1746049661433 0.0617760606110096 20
1746049663476 0.06346415728330612 21
1746049665526 0.05689576640725136 22
1746049667578 0.0598621591925621 23
1746049669633 0.06292539834976196 24
1746049671975 0.06692282855510712 25
1746049674020 0.061909019947052 26
1746049676062 0.06138432398438454 27
1746049678105 0.05594976618885994 28
1746049680150 0.0638340413570404 29
1746049682252 0.06290450692176819 30
1746049684504 0.05917159840464592 31
1746049686553 0.05872808024287224 32
1746049688604 0.06220740079879761 33
1746049690647 0.05553894862532616 34
1746049692697 0.05867290869355202 35
1746049694919 0.06014801934361458 36
1746049696993 0.05713781341910362 37
1746049699041 0.058697208762168884 38
1746049701090 0.05830570310354233 39
1746049703137 0.05879265069961548 40
1746049705181 0.06586556881666183 41
1746049707368 0.05923766270279884 42
1746049709463 0.06378012150526047 43
1746049711512 0.05669481307268143 44
1746049713560 0.05938317999243736 45
1746049715611 0.06195497140288353 46
1746049717666 0.06397407501935959 47
1746049719836 0.06394557654857635 48
1746049721886 0.06306780874729156 49
1746049723947 0.06048516929149628 50
1746049725999 0.06256222724914551 51
1746049728045 0.056337084621191025 52
1746049730109 0.051543958485126495 53
1746049732343 0.05390293151140213 54
1746049734431 0.05516154319047928 55
1746049736486 0.053811658173799515 56
1746049738533 0.05215277895331383 57
1746049740594 0.05217594653367996 58
1746049742648 0.0496467687189579 59
1746049744858 0.046480197459459305 60
1746049746936 0.04686899855732918 61
1746049748989 0.04778033867478371 62
1746049751045 0.04987718164920807 63
1746049753105 0.0486210435628891 64
1746049755168 0.0476018488407135 65
1746049757527 0.04614083841443062 66
1746049759600 0.048750877380371094 67
1746049761679 0.046783626079559326 68
1746049763740 0.043837279081344604 69
1746049765792 0.04927138611674309 70
1746049767862 0.048672862350940704 71
1746049770052 0.04730989784002304 72
1746049772108 0.044911645352840424 73
1746049774167 0.044941581785678864 74
1746049776228 0.048502665013074875 75
1746049778278 0.04944266006350517 76
1746049780359 0.04864388704299927 77
1746049782480 0.05178437754511833 78
1746049784527 0.05127767473459244 79
1746049786575 0.06455761194229126 80
1746049788166 0.05814986675977707 81
1746050223113 0.06121782213449478 82
1746050225237 0.06353303045034409 83
1746050227286 0.060049306601285934 84
1746050229372 0.06120702996850014 85
1746050231432 0.06499657034873962 86
1746050233483 0.06097406521439552 87
1746050235801 0.062288545072078705 88
1746050237889 0.06497500836849213 89
1746050239948 0.06608985364437103 90
1746050241999 0.06242052838206291 91
1746050244047 0.06100695580244064 92
1746050246106 0.06103445217013359 93
1746050248299 0.062114167958498 94
1746050250376 0.05961095914244652 95
1746050252445 0.060706403106451035 96
1746050254507 0.061825450509786606 97
1746050256566 0.06044953316450119 98
1746050258618 0.061346445232629776 99
1746050260838 0.06374560296535492 100
1746050262912 0.06427938491106033 101
1746050264976 0.06499586999416351 102
1746050267022 0.06188446283340454 103
1746050269084 0.06470155715942383 104
1746050271142 0.05992407724261284 105
1746050273366 0.061501313000917435 106
1746050275414 0.0618462935090065 107
1746050277486 0.06296142935752869 108
1746050279537 0.06073305755853653 109
1746050281588 0.06457804888486862 110
1746050283666 0.056672971695661545 111
1746050285769 0.05776869133114815 112
1746050287836 0.061798859387636185 113
1746050289889 0.06608922779560089 114
1746050291952 0.0605359822511673 115
1746050294001 0.06170341745018959 116
1746050296143 0.05757327005267143 117
1746050298312 0.06176047772169113 118
1746050300375 0.06386350095272064 119
1746050302431 0.06101030483841896 120
1746050304483 0.059388209134340286 121
1746050306539 0.060835182666778564 122
1746050308729 0.05983647331595421 123
1746050310791 0.06328451633453369 124
1746050312861 0.0577726848423481 125
1746050314920 0.05879098176956177 126
1746050316975 0.060453400015830994 127
1746050319033 0.058098699897527695 128
1746050321211 0.05997516214847565 129
1746050323281 0.057139188051223755 130
1746050325352 0.05605679750442505 131
1746050327396 0.05786057189106941 132
1746050329448 0.05722248554229736 133
1746050331502 0.05309425666928291 134
1746050333873 0.059434276074171066 135
1746050335934 0.059099048376083374 136
1746050338003 0.054607316851615906 137
1746050340067 0.058156441897153854 138
1746050342123 0.061109013855457306 139
1746050344194 0.0543975904583931 140
1746050346471 0.05589669942855835 141
1746050348527 0.06021428108215332 142
1746050350585 0.0560736358165741 143
1746050352639 0.05415007472038269 144
1746050354697 0.05617009103298187 145
1746050356891 0.05933290719985962 146
1746050358950 0.056596726179122925 147
1746050361004 0.05440988019108772 148
1746050363062 0.058689866214990616 149
1746050365118 0.06360221654176712 150
1746050367174 0.056441448628902435 151
1746050369549 0.05974183976650238 152
1746050371606 0.057845935225486755 153
1746050373670 0.0557793453335762 154
1746050375731 0.0607362762093544 155
1746050377798 0.06230096518993378 156
1746050379863 0.05727923661470413 157
1746050382246 0.05790077894926071 158
1746050384305 0.06058264523744583 159
1746050386378 0.05987165868282318 160
1746050388447 0.06294038146734238 161
1746050390514 0.06564397364854813 162
1746050392105 0.06046843156218529 163
1746050829734 0.06422152370214462 164
1746050831785 0.06386030465364456 165
1746050833992 0.06502882391214371 166
1746050836066 0.06868550926446915 167
1746050838121 0.06019986793398857 168
1746050840177 0.06452398002147675 169
1746050842233 0.06080394610762596 170
1746050844303 0.06762982904911041 171
1746050846658 0.06399399042129517 172
1746050848717 0.06150931492447853 173
1746050850770 0.06231312081217766 174
1746050852824 0.06883279979228973 175
1746050854879 0.06137903407216072 176
1746050856947 0.06490620225667953 177
1746050859185 0.06416919082403183 178
1746050861248 0.06266406178474426 179
1746050863305 0.060861606150865555 180
1746050865361 0.058870382606983185 181
1746050867423 0.06249554455280304 182
1746050869519 0.06566716730594635 183
1746050871772 0.06350386887788773 184
1746050873828 0.0646815225481987 185
1746050875877 0.06546524167060852 186
1746050877939 0.06523434817790985 187
1746050880022 0.06728331744670868 188
1746050882243 0.06794633716344833 189
1746050884314 0.06721039116382599 190
1746050886371 0.07126767933368683 191
1746050888434 0.06497349590063095 192
1746050890514 0.07181280106306076 193
1746050892582 0.06429346650838852 194
1746050894951 0.06978919357061386 195
1746050897011 0.07372183352708817 196
1746050899067 0.06916181743144989 197
1746050901125 0.07387732714414597 198
1746050903184 0.07529051601886749 199
1746050905250 0.07227010279893875 200
1746050907539 0.06995110958814621 201
1746050909591 0.06592573970556259 202
1746050911646 0.06993965804576874 203
1746050913694 0.06547772139310837 204
1746050915748 0.06963951885700226 205
1746050917833 0.0689944326877594 206
1746050920011 0.07122252881526947 207
1746050922059 0.07699733227491379 208
1746050924127 0.07190226763486862 209
1746050926172 0.0770346075296402 210
1746050928221 0.07568350434303284 211
1746050930336 0.07659895718097687 212
1746050932450 0.07527011632919312 213
1746050934503 0.07604290544986725 214
1746050936581 0.07921142876148224 215
1746050938643 0.08014819025993347 216
1746050940701 0.0724257081747055 217
1746050942912 0.07850407063961029 218
1746050945037 0.07207020372152328 219
1746050947097 0.08184314519166946 220
1746050949159 0.08123777061700821 221
1746050951213 0.07823198288679123 222
1746050953282 0.08209509402513504 223
1746050955468 0.07975926250219345 224
1746050957534 0.07749795913696289 225
1746050959591 0.08031409233808517 226
1746050961649 0.07646101713180542 227
1746050963702 0.08471289277076721 228
1746050965760 0.08295344561338425 229
1746050967935 0.08729688823223114 230
1746050969998 0.08227553963661194 231
1746050972047 0.08451773226261139 232
1746050974104 0.08517908304929733 233
1746050976155 0.0818721279501915 234
1746050978224 0.08837279677391052 235
1746050980450 0.08589385449886322 236
1746050982518 0.08839615434408188 237
1746050984574 0.08892975002527237 238
1746050986628 0.0868220403790474 239
1746050988683 0.09038552641868591 240
1746050990742 0.09506423026323318 241
1746050993113 0.0871385857462883 242
1746050995219 0.09001608192920685 243
1746050997282 0.09846740961074829 244
1746050998861 0.09599146991968155 245
1746051435473 0.09594667702913284 246
1746051437537 0.09802479296922684 247
1746051439599 0.09333629161119461 248
1746051441656 0.0971774160861969 249
1746051443727 0.09503114223480225 250
1746051446072 0.09391169250011444 251
1746051448167 0.096709243953228 252
1746051450239 0.09641065448522568 253
1746051452302 0.09988109022378922 254
1746051454353 0.09361903369426727 255
1746051456404 0.09585972130298615 256
1746051458706 0.09543918818235397 257
1746051460783 0.10294906049966812 258
1746051462855 0.10417524725198746 259
1746051464905 0.1098254844546318 260
1746051466977 0.09632522612810135 261
1746051469039 0.1035538837313652 262
1746051471396 0.10417966544628143 263
1746051473456 0.10863137245178223 264
1746051475516 0.10128805786371231 265
1746051477577 0.10149772465229034 266
1746051479639 0.10378971695899963 267
1746051481812 0.10507538914680481 268
1746051483986 0.10938482731580734 269
1746051486034 0.10897558182477951 270
1746051488086 0.11275902390480042 271
1746051490143 0.10948081314563751 272
1746051492204 0.09871076047420502 273
1746051494516 0.10775794833898544 274
1746051496625 0.1110897809267044 275
1746051498693 0.10727331042289734 276
1746051500738 0.10807766020298004 277
1746051502788 0.10637872666120529 278
1746051504840 0.107620008289814 279
1746051507190 0.10488154739141464 280
1746051509255 0.09966777265071869 281
1746051511315 0.11231673508882523 282
1746051513371 0.10715033113956451 283
1746051515430 0.11512341350317001 284
1746051517488 0.11267030239105225 285
1746051519773 0.11185724288225174 286
1746051521843 0.10855793207883835 287
1746051523905 0.11559858173131943 288
1746051525971 0.1112828403711319 289
1746051528022 0.11714167147874832 290
1746051530226 0.11500284820795059 291
1746051532354 0.11155978590250015 292
1746051534413 0.1122039332985878 293
1746051536468 0.11801692843437195 294
1746051538526 0.1163945123553276 295
1746051540588 0.10965948551893234 296
1746051542882 0.114053875207901 297
1746051544965 0.11764310300350189 298
1746051547024 0.11332207173109055 299
1746051549083 0.11274852603673935 300
1746051551135 0.10987403243780136 301
1746051553206 0.11733368784189224 302
1746051555429 0.11888036131858826 303
1746051557520 0.11378937214612961 304
1746051559585 0.11376777291297913 305
1746051561639 0.11678272485733032 306
1746051563695 0.11305186152458191 307
1746051565754 0.11536520719528198 308
1746051568074 0.1175827905535698 309
1746051570143 0.11687742918729782 310
1746051572202 0.11893469840288162 311
1746051574260 0.11498560756444931 312
1746051576321 0.11658874154090881 313
1746051578381 0.11417122930288315 314
1746051580553 0.1247243657708168 315
1746051582629 0.12090304493904114 316
1746051584693 0.12489700317382812 317
1746051586759 0.12390056997537613 318
1746051588816 0.11743935197591782 319
1746051590904 0.11610648036003113 320
1746051593035 0.12334828823804855 321
1746051595092 0.11889990419149399 322
1746051597160 0.1272432655096054 323
1746051599227 0.11673825234174728 324
1746051601287 0.12121614813804626 325
1746051603458 0.11954228579998016 326
1746051605235 0.11445606499910355 327
