1746049619338 0.0 0
1746049621514 0.0 1
1746049623582 0.0 2
1746049625715 0.002 3
1746049627760 0.002 4
1746049629810 0.002 5
1746049631857 0.002 6
1746049634045 0.004 7
1746049636169 0.004 8
1746049638232 0.004 9
1746049640290 0.004 10
1746049642337 0.006 11
1746049644380 0.006 12
1746049646711 0.006 13
1746049648779 0.006 14
1746049650838 0.008 15
1746049652890 0.008 16
1746049654954 0.008 17
1746049657002 0.008 18
1746049659384 0.01 19
1746049661433 0.01 20
1746049663476 0.01 21
1746049665526 0.01 22
1746049667578 0.009873417721518988 23
1746049669633 0.009873417721518988 24
1746049671975 0.009873417721518988 25
1746049674020 0.009873417721518988 26
1746049676062 0.009746835443037975 27
1746049678105 0.009746835443037975 28
1746049680150 0.009746835443037975 29
1746049682252 0.009746835443037975 30
1746049684504 0.009620253164556962 31
1746049686553 0.009620253164556962 32
1746049688604 0.009620253164556962 33
1746049690647 0.009620253164556962 34
1746049692697 0.00949367088607595 35
1746049694919 0.00949367088607595 36
1746049696993 0.00949367088607595 37
1746049699041 0.00949367088607595 38
1746049701090 0.009367088607594937 39
1746049703137 0.009367088607594937 40
1746049705181 0.009367088607594937 41
1746049707368 0.009367088607594937 42
1746049709463 0.009240506329113924 43
1746049711512 0.009240506329113924 44
1746049713560 0.009240506329113924 45
1746049715611 0.009240506329113924 46
1746049717666 0.009113924050632912 47
1746049719836 0.009113924050632912 48
1746049721886 0.009113924050632912 49
1746049723947 0.009113924050632912 50
1746049725999 0.008987341772151899 51
1746049728045 0.008987341772151899 52
1746049730109 0.008987341772151899 53
1746049732343 0.008987341772151899 54
1746049734431 0.008860759493670886 55
1746049736486 0.008860759493670886 56
1746049738533 0.008860759493670886 57
1746049740594 0.008860759493670886 58
1746049742648 0.008734177215189874 59
1746049744858 0.008734177215189874 60
1746049746936 0.008734177215189874 61
1746049748989 0.008734177215189874 62
1746049751045 0.008607594936708861 63
1746049753105 0.008607594936708861 64
1746049755168 0.008607594936708861 65
1746049757527 0.008607594936708861 66
1746049759600 0.008481012658227849 67
1746049761679 0.008481012658227849 68
1746049763740 0.008481012658227849 69
1746049765792 0.008481012658227849 70
1746049767862 0.008354430379746836 71
1746049770052 0.008354430379746836 72
1746049772108 0.008354430379746836 73
1746049774167 0.008354430379746836 74
1746049776228 0.008227848101265823 75
1746049778278 0.008227848101265823 76
1746049780359 0.008227848101265823 77
1746049782480 0.008227848101265823 78
1746049784527 0.00810126582278481 79
1746049786575 0.00810126582278481 80
1746049788166 0.007974683544303798 81
1746050223113 0.007974683544303798 82
1746050225237 0.007974683544303798 83
1746050227286 0.007974683544303798 84
1746050229372 0.007848101265822785 85
1746050231432 0.007848101265822785 86
1746050233483 0.007848101265822785 87
1746050235801 0.007848101265822785 88
1746050237889 0.007721518987341773 89
1746050239948 0.007721518987341773 90
1746050241999 0.007721518987341773 91
1746050244047 0.007721518987341773 92
1746050246106 0.00759493670886076 93
1746050248299 0.00759493670886076 94
1746050250376 0.00759493670886076 95
1746050252445 0.00759493670886076 96
1746050254507 0.0074683544303797466 97
1746050256566 0.0074683544303797466 98
1746050258618 0.0074683544303797466 99
1746050260838 0.0074683544303797466 100
1746050262912 0.007341772151898735 101
1746050264976 0.007341772151898735 102
1746050267022 0.007341772151898735 103
1746050269084 0.007341772151898735 104
1746050271142 0.007215189873417721 105
1746050273366 0.007215189873417721 106
1746050275414 0.007215189873417721 107
1746050277486 0.007215189873417721 108
1746050279537 0.007088607594936709 109
1746050281588 0.007088607594936709 110
1746050283666 0.007088607594936709 111
1746050285769 0.007088607594936709 112
1746050287836 0.006962025316455697 113
1746050289889 0.006962025316455697 114
1746050291952 0.006962025316455697 115
1746050294001 0.006962025316455697 116
1746050296143 0.006835443037974683 117
1746050298312 0.006835443037974683 118
1746050300375 0.006835443037974683 119
1746050302431 0.006835443037974683 120
1746050304483 0.006708860759493672 121
1746050306539 0.006708860759493672 122
1746050308729 0.006708860759493672 123
1746050310791 0.006708860759493672 124
1746050312861 0.006582278481012658 125
1746050314920 0.006582278481012658 126
1746050316975 0.006582278481012658 127
1746050319033 0.006582278481012658 128
1746050321211 0.0064556962025316455 129
1746050323281 0.0064556962025316455 130
1746050325352 0.0064556962025316455 131
1746050327396 0.0064556962025316455 132
1746050329448 0.006329113924050634 133
1746050331502 0.006329113924050634 134
1746050333873 0.006329113924050634 135
1746050335934 0.006329113924050634 136
1746050338003 0.00620253164556962 137
1746050340067 0.00620253164556962 138
1746050342123 0.00620253164556962 139
1746050344194 0.00620253164556962 140
1746050346471 0.0060759493670886075 141
1746050348527 0.0060759493670886075 142
1746050350585 0.0060759493670886075 143
1746050352639 0.0060759493670886075 144
1746050354697 0.005949367088607595 145
1746050356891 0.005949367088607595 146
1746050358950 0.005949367088607595 147
1746050361004 0.005949367088607595 148
1746050363062 0.005822784810126582 149
1746050365118 0.005822784810126582 150
1746050367174 0.005822784810126582 151
1746050369549 0.005822784810126582 152
1746050371606 0.0056962025316455705 153
1746050373670 0.0056962025316455705 154
1746050375731 0.0056962025316455705 155
1746050377798 0.0056962025316455705 156
1746050379863 0.005569620253164557 157
1746050382246 0.005569620253164557 158
1746050384305 0.005569620253164557 159
1746050386378 0.005569620253164557 160
1746050388447 0.005443037974683544 161
1746050390514 0.005443037974683544 162
1746050392105 0.005316455696202531 163
1746050829734 0.005316455696202531 164
1746050831785 0.005316455696202531 165
1746050833992 0.005316455696202531 166
1746050836066 0.005189873417721519 167
1746050838121 0.005189873417721519 168
1746050840177 0.005189873417721519 169
1746050842233 0.005189873417721519 170
1746050844303 0.005063291139240506 171
1746050846658 0.005063291139240506 172
1746050848717 0.005063291139240506 173
1746050850770 0.005063291139240506 174
1746050852824 0.004936708860759494 175
1746050854879 0.004936708860759494 176
1746050856947 0.004936708860759494 177
1746050859185 0.004936708860759494 178
1746050861248 0.004810126582278481 179
1746050863305 0.004810126582278481 180
1746050865361 0.004810126582278481 181
1746050867423 0.004810126582278481 182
1746050869519 0.0046835443037974685 183
1746050871772 0.0046835443037974685 184
1746050873828 0.0046835443037974685 185
1746050875877 0.0046835443037974685 186
1746050877939 0.004556962025316456 187
1746050880022 0.004556962025316456 188
1746050882243 0.004556962025316456 189
1746050884314 0.004556962025316456 190
1746050886371 0.004430379746835443 191
1746050888434 0.004430379746835443 192
1746050890514 0.004430379746835443 193
1746050892582 0.004430379746835443 194
1746050894951 0.004303797468354431 195
1746050897011 0.004303797468354431 196
1746050899067 0.004303797468354431 197
1746050901125 0.004303797468354431 198
1746050903184 0.004177215189873418 199
1746050905250 0.004177215189873418 200
1746050907539 0.004177215189873418 201
1746050909591 0.004177215189873418 202
1746050911646 0.004050632911392405 203
1746050913694 0.004050632911392405 204
1746050915748 0.004050632911392405 205
1746050917833 0.004050632911392405 206
1746050920011 0.003924050632911393 207
1746050922059 0.003924050632911393 208
1746050924127 0.003924050632911393 209
1746050926172 0.003924050632911393 210
1746050928221 0.00379746835443038 211
1746050930336 0.00379746835443038 212
1746050932450 0.00379746835443038 213
1746050934503 0.00379746835443038 214
1746050936581 0.0036708860759493674 215
1746050938643 0.0036708860759493674 216
1746050940701 0.0036708860759493674 217
1746050942912 0.0036708860759493674 218
1746050945037 0.0035443037974683543 219
1746050947097 0.0035443037974683543 220
1746050949159 0.0035443037974683543 221
1746050951213 0.0035443037974683543 222
1746050953282 0.0034177215189873417 223
1746050955468 0.0034177215189873417 224
1746050957534 0.0034177215189873417 225
1746050959591 0.0034177215189873417 226
1746050961649 0.003291139240506329 227
1746050963702 0.003291139240506329 228
1746050965760 0.003291139240506329 229
1746050967935 0.003291139240506329 230
1746050969998 0.003164556962025317 231
1746050972047 0.003164556962025317 232
1746050974104 0.003164556962025317 233
1746050976155 0.003164556962025317 234
1746050978224 0.0030379746835443038 235
1746050980450 0.0030379746835443038 236
1746050982518 0.0030379746835443038 237
1746050984574 0.0030379746835443038 238
1746050986628 0.002911392405063291 239
1746050988683 0.002911392405063291 240
1746050990742 0.002911392405063291 241
1746050993113 0.002911392405063291 242
1746050995219 0.0027848101265822785 243
1746050997282 0.0027848101265822785 244
1746050998861 0.0026582278481012654 245
1746051435473 0.0026582278481012654 246
1746051437537 0.0026582278481012654 247
1746051439599 0.0026582278481012654 248
1746051441656 0.002531645569620253 249
1746051443727 0.002531645569620253 250
1746051446072 0.002531645569620253 251
1746051448167 0.002531645569620253 252
1746051450239 0.0024050632911392406 253
1746051452302 0.0024050632911392406 254
1746051454353 0.0024050632911392406 255
1746051456404 0.0024050632911392406 256
1746051458706 0.002278481012658228 257
1746051460783 0.002278481012658228 258
1746051462855 0.002278481012658228 259
1746051464905 0.002278481012658228 260
1746051466977 0.0021518987341772153 261
1746051469039 0.0021518987341772153 262
1746051471396 0.0021518987341772153 263
1746051473456 0.0021518987341772153 264
1746051475516 0.0020253164556962027 265
1746051477577 0.0020253164556962027 266
1746051479639 0.0020253164556962027 267
1746051481812 0.0020253164556962027 268
1746051483986 0.00189873417721519 269
1746051486034 0.00189873417721519 270
1746051488086 0.00189873417721519 271
1746051490143 0.00189873417721519 272
1746051492204 0.0017721518987341772 273
1746051494516 0.0017721518987341772 274
1746051496625 0.0017721518987341772 275
1746051498693 0.0017721518987341772 276
1746051500738 0.0016455696202531645 277
1746051502788 0.0016455696202531645 278
1746051504840 0.0016455696202531645 279
1746051507190 0.0016455696202531645 280
1746051509255 0.0015189873417721519 281
1746051511315 0.0015189873417721519 282
1746051513371 0.0015189873417721519 283
1746051515430 0.0015189873417721519 284
1746051517488 0.0013924050632911392 285
1746051519773 0.0013924050632911392 286
1746051521843 0.0013924050632911392 287
1746051523905 0.0013924050632911392 288
1746051525971 0.0012658227848101266 289
1746051528022 0.0012658227848101266 290
1746051530226 0.0012658227848101266 291
1746051532354 0.0012658227848101266 292
1746051534413 0.001139240506329114 293
1746051536468 0.001139240506329114 294
1746051538526 0.001139240506329114 295
1746051540588 0.001139240506329114 296
1746051542882 0.0010126582278481013 297
1746051544965 0.0010126582278481013 298
1746051547024 0.0010126582278481013 299
1746051549083 0.0010126582278481013 300
1746051551135 0.0008860759493670886 301
1746051553206 0.0008860759493670886 302
1746051555429 0.0008860759493670886 303
1746051557520 0.0008860759493670886 304
1746051559585 0.0007594936708860759 305
1746051561639 0.0007594936708860759 306
1746051563695 0.0007594936708860759 307
1746051565754 0.0007594936708860759 308
1746051568074 0.0006329113924050633 309
1746051570143 0.0006329113924050633 310
1746051572202 0.0006329113924050633 311
1746051574260 0.0006329113924050633 312
1746051576321 0.0005063291139240507 313
1746051578381 0.0005063291139240507 314
1746051580553 0.0005063291139240507 315
1746051582629 0.0005063291139240507 316
1746051584693 0.00037974683544303797 317
1746051586759 0.00037974683544303797 318
1746051588816 0.00037974683544303797 319
1746051590904 0.00037974683544303797 320
1746051593035 0.00025316455696202533 321
1746051595092 0.00025316455696202533 322
1746051597160 0.00025316455696202533 323
1746051599227 0.00025316455696202533 324
1746051601287 0.00012658227848101267 325
1746051603458 0.00012658227848101267 326
1746051605235 0.0 327
