1745349847796 0.00023450324079021811 0
1745349851324 0.02700343355536461 1
1745349855873 0.06527452915906906 2
1745349859425 0.06437432765960693 3
1745349862952 0.07020740211009979 4
1745349867091 0.0683647021651268 5
1745349870855 0.07250883430242538 6
1745349874370 0.07195935398340225 7
1745349877875 0.07130124419927597 8
1745349882146 0.06424911320209503 9
1745349885695 0.07318084686994553 10
1745349889197 0.04041171446442604 11
1745349893447 0.04114063084125519 12
1745349897090 0.03477218374609947 13
1745349900638 0.039587266743183136 14
1745349904149 0.07648620754480362 15
1745349908391 0.07177919149398804 16
1745349911938 0.06709820032119751 17
1745349915473 0.07452574372291565 18
1745349919849 0.07087206095457077 19
1745349923419 0.07697807252407074 20
1745349926965 0.07430259883403778 21
1745349930530 0.06583251804113388 22
1745349934580 0.07577720284461975 23
1745349938083 0.07647497206926346 24
1745349941596 0.07432925701141357 25
1745349946029 0.07280125468969345 26
1745349949604 0.07118672132492065 27
1745349953098 0.07334499806165695 28
1745349956615 0.06743878871202469 29
1745349960686 0.07218820601701736 30
1745349964195 0.0709042102098465 31
1745349967788 0.0745205506682396 32
1745349972268 0.06977811455726624 33
1745349975781 0.0657307431101799 34
1745349979300 0.07040636986494064 35
1745349982901 0.07525891810655594 36
1745349986840 0.08074883371591568 37
1745349990414 0.06806826591491699 38
1745349993946 0.0757865458726883 39
1745349998467 0.07116444408893585 40
1745350001983 0.06972222030162811 41
1745350005525 0.07070143520832062 42
1745350009405 0.07436290383338928 43
1745350013205 0.07274280488491058 44
1745350016733 0.07084188610315323 45
1745350020282 0.07251513749361038 46
1745350024736 0.07399767637252808 47
1745350028264 0.06647763401269913 48
1745350031826 0.06498637795448303 49
1745350035856 0.07194507122039795 50
1745350039583 0.07015305757522583 51
1745350043090 0.07091529667377472 52
1745350046612 0.0689002275466919 53
1745350051058 0.07237204164266586 54
1745350054581 0.07219661772251129 55
1745350058099 0.08024193346500397 56
1745350062266 0.07686810195446014 57
1745350065960 0.06864957511425018 58
1745350069468 0.07179272174835205 59
1745350072158 0.07229653745889664 60
1745350168666 0.0696931779384613 61
1745350172211 0.06809363514184952 62
1745350175757 0.07061883062124252 63
1745350180224 0.07132290303707123 64
1745350183764 0.0689912959933281 65
1745350187306 0.0716131180524826 66
1745350191256 0.07427423447370529 67
1745350194994 0.07194038480520248 68
1745350198518 0.07021276652812958 69
1745350202077 0.07210367918014526 70
1745350206402 0.07304293662309647 71
1745350209906 0.07347532361745834 72
1745350213454 0.0720621794462204 73
1745350217743 0.06919174641370773 74
1745350221441 0.07430379092693329 75
1745350224952 0.07546156644821167 76
1745350228470 0.0719103068113327 77
1745350232486 0.06995683908462524 78
1745350236009 0.07036641985177994 79
1745350239553 0.07208757847547531 80
1745350244015 0.07153569161891937 81
1745350247546 0.07387558370828629 82
1745350251059 0.0763789489865303 83
1745350254814 0.07223006337881088 84
1745350258627 0.07450229674577713 85
1745350262174 0.07156344503164291 86
1745350265720 0.07450166344642639 87
1745350270092 0.0766935646533966 88
1745350273635 0.07186740636825562 89
1745350277174 0.06647022813558578 90
1745350281299 0.07271642237901688 91
1745350284946 0.07166590541601181 92
1745350288452 0.07269996404647827 93
1745350292016 0.0742180123925209 94
1745350296261 0.07013333588838577 95
1745350299802 0.06944642215967178 96
1745350303322 0.07090894877910614 97
1745350307780 0.07220929116010666 98
1745350311310 0.07210099697113037 99
1745350314882 0.07014980167150497 100
1745350318464 0.06994470208883286 101
1745350322380 0.07619480043649673 102
1745350325913 0.06932190805673599 103
1745350329441 0.07237076759338379 104
1745350333898 0.07109124958515167 105
1745350337433 0.07206281274557114 106
1745350340966 0.07229554653167725 107
1745350344903 0.06724995374679565 108
1745350348639 0.07193012535572052 109
1745350352215 0.07216494530439377 110
1745350355730 0.07010309398174286 111
1745350359992 0.07119984924793243 112
1745350363504 0.07540865987539291 113
1745350367037 0.06994704157114029 114
1745350371330 0.07492239028215408 115
1745350374935 0.07020872831344604 116
1745350378458 0.06906628608703613 117
1745350382026 0.06957197189331055 118
1745350386071 0.07340342551469803 119
1745350389594 0.06700680404901505 120
1745350392193 0.07365439087152481 121
1745350488248 0.07153758406639099 122
1745350491786 0.07536134123802185 123
1745350495310 0.07057083398103714 124
1745350499725 0.07308792322874069 125
1745350503310 0.0740610733628273 126
1745350506838 0.06732217967510223 127
1745350510429 0.06626645475625992 128
1745350514312 0.07474400848150253 129
1745350517828 0.07089503854513168 130
1745350521342 0.07841954380273819 131
1745350525839 0.0711052417755127 132
1745350529377 0.07726650685071945 133
1745350532933 0.0701608657836914 134
1745350536885 0.07481177896261215 135
1745350540617 0.07259558886289597 136
1745350544151 0.07658949494361877 137
1745350547672 0.06780782341957092 138
1745350551944 0.07117909938097 139
1745350555460 0.0687088668346405 140
1745350558988 0.0714697390794754 141
1745350563286 0.06988278031349182 142
1745350566913 0.07378214597702026 143
1745350570453 0.072758249938488 144
1745350573964 0.07065429538488388 145
1745350577993 0.06589674204587936 146
1745350581543 0.07524438947439194 147
1745350585061 0.07094182819128036 148
1745350589506 0.06574209779500961 149
1745350593054 0.07521405071020126 150
1745350596581 0.06887315958738327 151
1745350600340 0.07086671888828278 152
1745350604203 0.07437213510274887 153
1745350607733 0.07700599730014801 154
1745350611255 0.06681936979293823 155
1745350615631 0.07250254601240158 156
1745350619140 0.06580202281475067 157
1745350622690 0.06980282068252563 158
1745350626803 0.07159729301929474 159
1745350630515 0.0695156678557396 160
1745350634027 0.07098892331123352 161
1745350637581 0.07087472081184387 162
1745350641724 0.07466980069875717 163
1745350645247 0.06956583261489868 164
1745350648756 0.06876572221517563 165
1745350653207 0.07533929497003555 166
1745350656749 0.07035213708877563 167
1745350660263 0.07009857892990112 168
1745350663835 0.07146462798118591 169
1745350667736 0.06955087929964066 170
1745350671255 0.07493387907743454 171
1745350674761 0.07226191461086273 172
1745350679252 0.06903286278247833 173
1745350682794 0.06692998111248016 174
1745350686314 0.07609996944665909 175
1745350690189 0.08095855265855789 176
1745350693946 0.0623723603785038 177
1745350697468 0.07207661122083664 178
1745350700990 0.07749584317207336 179
1745350705293 0.07056451588869095 180
1745350708827 0.0727885514497757 181
1745350711438 0.06753472238779068 182
1745350807877 0.07914379239082336 183
1745350811418 0.06920783966779709 184
1745350814935 0.07175210118293762 185
1745350819169 0.0702749565243721 186
1745350822811 0.07626201212406158 187
1745350826357 0.07440453767776489 188
1745350829888 0.07592891901731491 189
1745350834012 0.0700443759560585 190
1745350837541 0.0690864846110344 191
1745350841066 0.06856343150138855 192
1745350845553 0.07705573737621307 193
1745350849103 0.07699092477560043 194
1745350852620 0.07156699150800705 195
1745350856382 0.06814378499984741 196
1745350860243 0.07811678200960159 197
1745350863803 0.07327370345592499 198
1745350867328 0.06887619197368622 199
1745350871712 0.0670926496386528 200
1745350875223 0.06751120090484619 201
1745350878739 0.0691932663321495 202
1745350882877 0.06985911726951599 203
1745350886546 0.06731212884187698 204
1745350890108 0.07445581257343292 205
1745350893629 0.07404448091983795 206
1745350897780 0.07019993662834167 207
1745350901326 0.06988564133644104 208
1745350904834 0.07314833253622055 209
1745350909262 0.06952483206987381 210
1745350912799 0.06846505403518677 211
1745350916337 0.07037853449583054 212
1745350919953 0.07167983055114746 213
1745350923856 0.07173517346382141 214
1745350927370 0.06560000032186508 215
1745350930888 0.07540135085582733 216
1745350935365 0.06779307126998901 217
1745350938887 0.0695308968424797 218
1745350942396 0.06766235083341599 219
1745350946297 0.07170035690069199 220
1745350950034 0.06736979633569717 221
1745350953572 0.07236321270465851 222
1745350957104 0.07686761021614075 223
1745350961402 0.07101308554410934 224
1745350964924 0.0652487650513649 225
1745350968465 0.06688250601291656 226
1745350972698 0.0736650750041008 227
1745350976298 0.06924863159656525 228
1745350979792 0.069078728556633 229
1745350983321 0.07367482036352158 230
1745350987407 0.0740891546010971 231
1745350990932 0.0733802318572998 232
1745350994432 0.07285622507333755 233
1745350998895 0.07171730697154999 234
1745351002423 0.07624747604131699 235
1745351005938 0.0761425793170929 236
1745351009621 0.07381530851125717 237
1745351013468 0.07269052416086197 238
1745351016996 0.06782042980194092 239
1745351020503 0.07358942180871964 240
1745351024918 0.07165761291980743 241
1745351028449 0.07856191694736481 242
1745351031065 0.0715264156460762 243
1745351127270 0.07010582089424133 244
1745351130829 0.07174498587846756 245
1745351134357 0.07556112110614777 246
1745351138452 0.07068736106157303 247
1745351142132 0.07202322036027908 248
1745351145638 0.07393679022789001 249
1745351149187 0.06695768237113953 250
1745351153393 0.0708284080028534 251
1745351156915 0.07306122779846191 252
1745351160426 0.07121424376964569 253
1745351164842 0.073829784989357 254
1745351168442 0.06877390295267105 255
1745351171953 0.07334981858730316 256
1745351175470 0.07700658589601517 257
1745351179426 0.07371839880943298 258
1745351182933 0.06973821669816971 259
1745351186449 0.07010853290557861 260
1745351190923 0.07248042523860931 261
1745351194457 0.07026691734790802 262
1745351198011 0.07029815018177032 263
1745351201810 0.07190439105033875 264
1745351205613 0.07089405506849289 265
1745351209148 0.07687192410230637 266
1745351212658 0.07194813340902328 267
1745351217004 0.07659687101840973 268
1745351220522 0.0685659795999527 269
1745351224049 0.07563091069459915 270
1745351228153 0.07501702010631561 271
1745351231852 0.07136845588684082 272
1745351235370 0.07225216925144196 273
1745351238899 0.07652334123849869 274
1745351243062 0.07054001837968826 275
1745351246587 0.06839579343795776 276
1745351250104 0.06937117129564285 277
1745351254489 0.06526917219161987 278
1745351258072 0.07361099869012833 279
1745351261597 0.0751730352640152 280
1745351265101 0.06836006045341492 281
1745351269076 0.07129862159490585 282
1745351272587 0.07263540476560593 283
1745351276139 0.0676325261592865 284
1745351280647 0.06932047009468079 285
1745351284163 0.07098902761936188 286
1745351287694 0.07060098648071289 287
1745351291560 0.07202714681625366 288
1745351295308 0.07055044174194336 289
1745351298822 0.07706699520349503 290
1745351302342 0.06577415764331818 291
1745351306645 0.07124906778335571 292
1745351310165 0.06889466196298599 293
1745351313682 0.07394218444824219 294
1745351317903 0.06454793363809586 295
1745351321550 0.07572684437036514 296
1745351325075 0.06909186393022537 297
1745351328606 0.07244633883237839 298
1745351332697 0.07175105810165405 299
1745351336217 0.07517890632152557 300
1745351339735 0.0738224983215332 301
1745351344209 0.07378419488668442 302
1745351347750 0.07128974050283432 303
1745351350350 0.07225557416677475 304
