1745349847796 9.384849548339844 0
1745349851324 8.85206127166748 1
1745349855873 8.083756446838379 2
1745349859425 7.586428165435791 3
1745349862952 7.164882183074951 4
1745349867091 6.864339351654053 5
1745349870855 6.598568916320801 6
1745349874370 6.4550251960754395 7
1745349877875 6.391959190368652 8
1745349882146 6.40504789352417 9
1745349885695 6.430084228515625 10
1745349889197 6.411843299865723 11
1745349893447 6.431601524353027 12
1745349897090 6.340994834899902 13
1745349900638 6.3404927253723145 14
1745349904149 6.331445217132568 15
1745349908391 6.256303787231445 16
1745349911938 6.3068084716796875 17
1745349915473 6.295058250427246 18
1745349919849 6.283978462219238 19
1745349923419 6.352055549621582 20
1745349926965 6.277461051940918 21
1745349930530 6.353137969970703 22
1745349934580 6.238166332244873 23
1745349938083 6.244761943817139 24
1745349941596 6.243148326873779 25
1745349946029 6.272362232208252 26
1745349949604 6.278658390045166 27
1745349953098 6.290579319000244 28
1745349956615 6.245364189147949 29
1745349960686 6.271975040435791 30
1745349964195 6.243263244628906 31
1745349967788 6.256809711456299 32
1745349972268 6.24839448928833 33
1745349975781 6.31574010848999 34
1745349979300 6.28624963760376 35
1745349982901 6.278271675109863 36
1745349986840 6.265555381774902 37
1745349990414 6.269885063171387 38
1745349993946 6.280289173126221 39
1745349998467 6.31279993057251 40
1745350001983 6.2841057777404785 41
1745350005525 6.255134582519531 42
1745350009405 6.243546962738037 43
1745350013205 6.276464462280273 44
1745350016733 6.227931022644043 45
1745350020282 6.241540431976318 46
1745350024736 6.31078577041626 47
1745350028264 6.288491249084473 48
1745350031826 6.258958339691162 49
1745350035856 6.253363132476807 50
1745350039583 6.258056163787842 51
1745350043090 6.267293930053711 52
1745350046612 6.214915752410889 53
1745350051058 6.2157487869262695 54
1745350054581 6.313038349151611 55
1745350058099 6.226942539215088 56
1745350062266 6.195847034454346 57
1745350065960 6.267944812774658 58
1745350069468 6.273599624633789 59
1745350072158 6.195041656494141 60
1745350168666 6.249416828155518 61
1745350172211 6.272143840789795 62
1745350175757 6.224197864532471 63
1745350180224 6.193566799163818 64
1745350183764 6.269392490386963 65
1745350187306 6.2712788581848145 66
1745350191256 6.237948417663574 67
1745350194994 6.186399936676025 68
1745350198518 6.293686389923096 69
1745350202077 6.2533278465271 70
1745350206402 6.2051472663879395 71
1745350209906 6.2447590827941895 72
1745350213454 6.1713480949401855 73
1745350217743 6.2481889724731445 74
1745350221441 6.212596416473389 75
1745350224952 6.2170515060424805 76
1745350228470 6.230645656585693 77
1745350232486 6.236616134643555 78
1745350236009 6.223081111907959 79
1745350239553 6.268903732299805 80
1745350244015 6.217698097229004 81
1745350247546 6.28767728805542 82
1745350251059 6.23985481262207 83
1745350254814 6.257920265197754 84
1745350258627 6.225551605224609 85
1745350262174 6.30417013168335 86
1745350265720 6.2218756675720215 87
1745350270092 6.249003887176514 88
1745350273635 6.2147722244262695 89
1745350277174 6.197181224822998 90
1745350281299 6.217950820922852 91
1745350284946 6.285703182220459 92
1745350288452 6.232456207275391 93
1745350292016 6.176405429840088 94
1745350296261 6.252903461456299 95
1745350299802 6.185155391693115 96
1745350303322 6.130056381225586 97
1745350307780 6.280999183654785 98
1745350311310 6.284822940826416 99
1745350314882 6.235176086425781 100
1745350318464 6.208043575286865 101
1745350322380 6.183165550231934 102
1745350325913 6.281095504760742 103
1745350329441 6.215578079223633 104
1745350333898 6.1886138916015625 105
1745350337433 6.256065845489502 106
1745350340966 6.276916980743408 107
1745350344903 6.280932903289795 108
1745350348639 6.277221202850342 109
1745350352215 6.276442050933838 110
1745350355730 6.238255977630615 111
1745350359992 6.25547456741333 112
1745350363504 6.242168426513672 113
1745350367037 6.26706600189209 114
1745350371330 6.237976551055908 115
1745350374935 6.276796817779541 116
1745350378458 6.282209873199463 117
1745350382026 6.2417778968811035 118
1745350386071 6.240222930908203 119
1745350389594 6.210611343383789 120
1745350392193 6.234067916870117 121
1745350488248 6.259261131286621 122
1745350491786 6.169140815734863 123
1745350495310 6.238058090209961 124
1745350499725 6.248350620269775 125
1745350503310 6.241207122802734 126
1745350506838 6.201075553894043 127
1745350510429 6.234771728515625 128
1745350514312 6.254324436187744 129
1745350517828 6.251311302185059 130
1745350521342 6.224928855895996 131
1745350525839 6.242580413818359 132
1745350529377 6.2090277671813965 133
1745350532933 6.268465995788574 134
1745350536885 6.221755027770996 135
1745350540617 6.239908218383789 136
1745350544151 6.222898006439209 137
1745350547672 6.257813930511475 138
1745350551944 6.265458583831787 139
1745350555460 6.257466793060303 140
1745350558988 6.227280616760254 141
1745350563286 6.250115871429443 142
1745350566913 6.211512088775635 143
1745350570453 6.252526760101318 144
1745350573964 6.220463752746582 145
1745350577993 6.229074954986572 146
1745350581543 6.164044380187988 147
1745350585061 6.185581207275391 148
1745350589506 6.265039920806885 149
1745350593054 6.220400333404541 150
1745350596581 6.237920761108398 151
1745350600340 6.257771015167236 152
1745350604203 6.195125579833984 153
1745350607733 6.1970720291137695 154
1745350611255 6.349388599395752 155
1745350615631 6.1807074546813965 156
1745350619140 6.2216997146606445 157
1745350622690 6.224143981933594 158
1745350626803 6.189596652984619 159
1745350630515 6.2320170402526855 160
1745350634027 6.269664764404297 161
1745350637581 6.217385292053223 162
1745350641724 6.237360954284668 163
1745350645247 6.229855537414551 164
1745350648756 6.2847747802734375 165
1745350653207 6.211719512939453 166
1745350656749 6.180591583251953 167
1745350660263 6.207614898681641 168
1745350663835 6.16343355178833 169
1745350667736 6.208849906921387 170
1745350671255 6.263064861297607 171
1745350674761 6.186436653137207 172
1745350679252 6.257458686828613 173
1745350682794 6.272058963775635 174
1745350686314 6.223081111907959 175
1745350690189 6.209438800811768 176
1745350693946 6.2430219650268555 177
1745350697468 6.257289886474609 178
1745350700990 6.241302490234375 179
1745350705293 6.28827428817749 180
1745350708827 6.2438178062438965 181
1745350711438 6.288992881774902 182
1745350807877 6.201570510864258 183
1745350811418 6.2349629402160645 184
1745350814935 6.215432643890381 185
1745350819169 6.246652603149414 186
1745350822811 6.176413536071777 187
1745350826357 6.219439506530762 188
1745350829888 6.227665901184082 189
1745350834012 6.260711193084717 190
1745350837541 6.283957481384277 191
1745350841066 6.229829788208008 192
1745350845553 6.269336700439453 193
1745350849103 6.239258766174316 194
1745350852620 6.230012893676758 195
1745350856382 6.263976573944092 196
1745350860243 6.188361644744873 197
1745350863803 6.200055122375488 198
1745350867328 6.2104411125183105 199
1745350871712 6.2419867515563965 200
1745350875223 6.271856784820557 201
1745350878739 6.236818790435791 202
1745350882877 6.194238185882568 203
1745350886546 6.262314796447754 204
1745350890108 6.253336429595947 205
1745350893629 6.191770076751709 206
1745350897780 6.21246862411499 207
1745350901326 6.2460784912109375 208
1745350904834 6.235273838043213 209
1745350909262 6.236189365386963 210
1745350912799 6.236578464508057 211
1745350916337 6.243372917175293 212
1745350919953 6.247481346130371 213
1745350923856 6.215788841247559 214
1745350927370 6.294322490692139 215
1745350930888 6.185173034667969 216
1745350935365 6.250213623046875 217
1745350938887 6.205801486968994 218
1745350942396 6.2797956466674805 219
1745350946297 6.23058557510376 220
1745350950034 6.2179718017578125 221
1745350953572 6.24445104598999 222
1745350957104 6.20087194442749 223
1745350961402 6.260231971740723 224
1745350964924 6.193445682525635 225
1745350968465 6.236542224884033 226
1745350972698 6.2149338722229 227
1745350976298 6.204864501953125 228
1745350979792 6.254372596740723 229
1745350983321 6.20179557800293 230
1745350987407 6.233316898345947 231
1745350990932 6.221400737762451 232
1745350994432 6.28714656829834 233
1745350998895 6.224971294403076 234
1745351002423 6.178765296936035 235
1745351005938 6.170665740966797 236
1745351009621 6.225175380706787 237
1745351013468 6.209097385406494 238
1745351016996 6.233273506164551 239
1745351020503 6.214947700500488 240
1745351024918 6.257587432861328 241
1745351028449 6.21909236907959 242
1745351031065 6.2671732902526855 243
1745351127270 6.192708492279053 244
1745351130829 6.239207744598389 245
1745351134357 6.208963394165039 246
1745351138452 6.20378303527832 247
1745351142132 6.158863544464111 248
1745351145638 6.214364528656006 249
1745351149187 6.2280192375183105 250
1745351153393 6.216153144836426 251
1745351156915 6.1901726722717285 252
1745351160426 6.256734371185303 253
1745351164842 6.218543529510498 254
1745351168442 6.176496982574463 255
1745351171953 6.2688374519348145 256
1745351175470 6.168551921844482 257
1745351179426 6.247167110443115 258
1745351182933 6.263415813446045 259
1745351186449 6.179471492767334 260
1745351190923 6.256285667419434 261
1745351194457 6.24855899810791 262
1745351198011 6.235747337341309 263
1745351201810 6.2349467277526855 264
1745351205613 6.21848201751709 265
1745351209148 6.187097549438477 266
1745351212658 6.251471519470215 267
1745351217004 6.15595817565918 268
1745351220522 6.227571487426758 269
1745351224049 6.233590602874756 270
1745351228153 6.243452548980713 271
1745351231852 6.177412986755371 272
1745351235370 6.26157808303833 273
1745351238899 6.206770896911621 274
1745351243062 6.268083095550537 275
1745351246587 6.230798244476318 276
1745351250104 6.277509689331055 277
1745351254489 6.226179599761963 278
1745351258072 6.2371296882629395 279
1745351261597 6.266646385192871 280
1745351265101 6.269399642944336 281
1745351269076 6.2634687423706055 282
1745351272587 6.1982293128967285 283
1745351276139 6.262554168701172 284
1745351280647 6.203585624694824 285
1745351284163 6.226705551147461 286
1745351287694 6.276612281799316 287
1745351291560 6.234655380249023 288
1745351295308 6.263189792633057 289
1745351298822 6.125368595123291 290
1745351302342 6.250406742095947 291
1745351306645 6.2562994956970215 292
1745351310165 6.258249759674072 293
1745351313682 6.234936237335205 294
1745351317903 6.1903533935546875 295
1745351321550 6.212751865386963 296
1745351325075 6.277960300445557 297
1745351328606 6.260115623474121 298
1745351332697 6.184582233428955 299
1745351336217 6.217465400695801 300
1745351339735 6.210263252258301 301
1745351344209 6.18007230758667 302
1745351347750 6.189650058746338 303
1745351350350 6.2699103355407715 304
