1745551277628 0.00018794636707752943 0
1745551281315 6.26605688012205e-05 1
1745551285000 6.64628460071981e-05 2
1745551289181 0.00018976532737724483 3
1745551293138 0.04810512065887451 4
1745551296809 0.048228539526462555 5
1745551300484 0.04652213305234909 6
1745551304987 0.049987100064754486 7
1745551308670 0.04933442547917366 8
1745551312335 0.04501210153102875 9
1745551316898 0.050497185438871384 10
1745551320572 0.053200092166662216 11
1745551324258 0.03452436253428459 12
1745551328351 0.03233210742473602 13
1745551332345 0.032563965767621994 14
1745551336037 0.033081572502851486 15
1745551339716 0.014541546814143658 16
1745551344245 0.013672616332769394 17
1745551347923 0.013527575880289078 18
1745551351582 0.014861851930618286 19
1745551356156 0.05506754666566849 20
1745551359847 0.059250377118587494 21
1745551363520 0.05987311527132988 22
1745551367532 0.059953995048999786 23
1745551371573 0.03415166959166527 24
1745551375233 0.030859049409627914 25
