1745551277628 2.283520460128784 0
1745551281315 2.2867555618286133 1
1745551285000 2.283872127532959 2
1745551289181 2.2842066287994385 3
1745551293138 2.051600933074951 4
1745551296809 2.0501163005828857 5
1745551300484 2.049426555633545 6
1745551304987 2.0478782653808594 7
1745551308670 1.865593671798706 8
1745551312335 1.8848140239715576 9
1745551316898 1.8539648056030273 10
1745551320572 1.8593076467514038 11
1745551324258 2.016134738922119 12
1745551328351 1.9954147338867188 13
1745551332345 1.9962992668151855 14
1745551336037 2.000040054321289 15
1745551339716 1.9629795551300049 16
1745551344245 1.9471012353897095 17
1745551347923 1.9649924039840698 18
1745551351582 1.9604517221450806 19
1745551356156 1.7979525327682495 20
1745551359847 1.8213390111923218 21
1745551363520 1.8088326454162598 22
1745551367532 1.8213708400726318 23
1745551371573 1.6901618242263794 24
1745551375233 1.6949224472045898 25
