1745276136728 9.342949867248535 0
1745276141043 8.738688468933105 1
1745276145346 8.055354118347168 2
1745276149673 7.494370937347412 3
1745276153968 7.022550582885742 4
1745276158270 6.697920799255371 5
1745276162697 6.441451549530029 6
1745276167013 6.323290824890137 7
1745276171318 6.3139872550964355 8
1745276175854 6.321126937866211 9
1745276180179 6.302287578582764 10
1745276184486 6.322290897369385 11
1745276188815 6.386916637420654 12
1745276193131 6.226084232330322 13
1745276197439 6.337229251861572 14
1745276201771 6.147213935852051 15
1745276206078 6.124044418334961 16
1745276210411 6.093273162841797 17
1745276214735 6.052951812744141 18
1745276219032 6.02795934677124 19
1745276223457 6.02337121963501 20
1745276227755 5.983944892883301 21
1745276232031 5.952159404754639 22
1745276236608 5.885079383850098 23
1745276240916 5.885994911193848 24
1745276245223 5.8504228591918945 25
1745276249544 5.762113571166992 26
1745276253837 5.714348793029785 27
1745276258147 5.654676914215088 28
1745276262447 5.646121978759766 29
1745276264044 5.726109027862549 30
1745276324303 5.5031962394714355 31
1745276328661 5.488915920257568 32
1745276333084 5.437283992767334 33
1745276337412 5.413615703582764 34
1745276341777 5.411712646484375 35
1745276346112 5.364225387573242 36
1745276350467 5.326324939727783 37
1745276354785 5.339903354644775 38
1745276359116 5.302530765533447 39
1745276363439 5.254445552825928 40
1745276367986 5.277552604675293 41
1745276372334 5.186516761779785 42
1745276376670 5.1131110191345215 43
1745276381180 5.183974742889404 44
1745276385553 5.126678466796875 45
1745276389907 5.042102336883545 46
1745276394250 5.05286979675293 47
1745276398603 5.0424299240112305 48
1745276402914 4.976807117462158 49
1745276407263 5.006932735443115 50
1745276411582 4.998402118682861 51
1745276416008 4.988617897033691 52
1745276420363 4.938815593719482 53
1745276424654 4.876465320587158 54
1745276429129 4.878937721252441 55
1745276433478 4.905844688415527 56
1745276437815 4.845665454864502 57
1745276442246 4.8974175453186035 58
1745276446549 4.754064559936523 59
1745276450895 4.791290283203125 60
1745276452577 4.7665486335754395 61
1745276512572 4.700334548950195 62
1745276516917 4.75253963470459 63
1745276521246 4.66629695892334 64
1745276525792 4.661297798156738 65
1745276530150 4.661927223205566 66
1745276534484 4.597074508666992 67
1745276538973 4.591399669647217 68
1745276543317 4.520527362823486 69
1745276547674 4.6200690269470215 70
1745276552024 4.542347431182861 71
1745276556343 4.519229888916016 72
1745276560680 4.526212692260742 73
1745276565020 4.6421308517456055 74
1745276569350 4.558028697967529 75
1745276573793 4.5508856773376465 76
1745276578108 4.504708766937256 77
1745276582455 4.5149383544921875 78
1745276587046 4.523472785949707 79
1745276591364 4.410195827484131 80
1745276595692 4.4288859367370605 81
1745276600036 4.498041152954102 82
1745276604351 4.407586574554443 83
1745276608679 4.392849445343018 84
1745276613011 4.4599223136901855 85
1745276617316 4.41563606262207 86
1745276621883 4.35382080078125 87
1745276626215 4.440016269683838 88
1745276630558 4.479910850524902 89
1745276635111 4.376967906951904 90
