1745276136728 0.00010093533637700602 0
1745276141043 0.07334763556718826 1
1745276145346 0.06948108971118927 2
1745276149673 0.06928037852048874 3
1745276153968 0.07247333973646164 4
1745276158270 0.07283996790647507 5
1745276162697 0.07258395850658417 6
1745276167013 0.07498357445001602 7
1745276171318 0.06865968555212021 8
1745276175854 0.09447325766086578 9
1745276180179 0.029807794839143753 10
1745276184486 0.07704563438892365 11
1745276188815 0.07923053205013275 12
1745276193131 0.08495517075061798 13
1745276197439 0.0926704853773117 14
1745276201771 0.08790890127420425 15
1745276206078 0.08225845545530319 16
1745276210411 0.09278935194015503 17
1745276214735 0.09940245747566223 18
1745276219032 0.09713446348905563 19
1745276223457 0.10763947665691376 20
1745276227755 0.10256142914295197 21
1745276232031 0.11083462834358215 22
1745276236608 0.11991779506206512 23
1745276240916 0.11482563614845276 24
1745276245223 0.13032649457454681 25
1745276249544 0.1361936777830124 26
1745276253837 0.14688052237033844 27
1745276258147 0.14242029190063477 28
1745276262447 0.14436116814613342 29
1745276264044 0.1372186839580536 30
1745276324303 0.15042689442634583 31
1745276328661 0.15106713771820068 32
1745276333084 0.15312907099723816 33
1745276337412 0.15613465011119843 34
1745276341777 0.1683039665222168 35
1745276346112 0.16918155550956726 36
1745276350467 0.17313939332962036 37
1745276354785 0.17305929958820343 38
1745276359116 0.1828119158744812 39
1745276363439 0.18017159402370453 40
1745276367986 0.18045002222061157 41
1745276372334 0.18850558996200562 42
1745276376670 0.18831084668636322 43
1745276381180 0.19211645424365997 44
1745276385553 0.1924397349357605 45
1745276389907 0.2029017060995102 46
1745276394250 0.2018018662929535 47
1745276398603 0.20766721665859222 48
1745276402914 0.2048303335905075 49
1745276407263 0.20432455837726593 50
1745276411582 0.20770679414272308 51
1745276416008 0.2120300680398941 52
1745276420363 0.21693913638591766 53
1745276424654 0.21669159829616547 54
1745276429129 0.21747349202632904 55
1745276433478 0.2189059853553772 56
1745276437815 0.21935884654521942 57
1745276442246 0.22193562984466553 58
1745276446549 0.23328635096549988 59
1745276450895 0.22702452540397644 60
1745276452577 0.2326754927635193 61
1745276512572 0.23280175030231476 62
1745276516917 0.23588193953037262 63
1745276521246 0.23312810063362122 64
1745276525792 0.23868972063064575 65
1745276530150 0.24291589856147766 66
1745276534484 0.24847204983234406 67
1745276538973 0.24767863750457764 68
1745276543317 0.24899974465370178 69
1745276547674 0.23911918699741364 70
1745276552024 0.2527746558189392 71
1745276556343 0.25340932607650757 72
1745276560680 0.2535242438316345 73
1745276565020 0.24267852306365967 74
1745276569350 0.2535305619239807 75
1745276573793 0.24796786904335022 76
1745276578108 0.25393518805503845 77
1745276582455 0.25598791241645813 78
1745276587046 0.25096893310546875 79
1745276591364 0.2670323848724365 80
1745276595692 0.26834940910339355 81
1745276600036 0.2536894381046295 82
1745276604351 0.2616586983203888 83
1745276608679 0.27067139744758606 84
1745276613011 0.25606587529182434 85
1745276617316 0.26591160893440247 86
1745276621883 0.27172842621803284 87
1745276626215 0.2616627514362335 88
1745276630558 0.26041969656944275 89
1745276635111 0.2652740478515625 90
