1745445846189 2.2930097579956055 0
1745445849161 2.292799711227417 1
1745445852003 2.29130220413208 2
1745445855826 2.2936065196990967 3
1745445858714 2.1123740673065186 4
1745445861593 2.1073126792907715 5
1745445864433 2.114513635635376 6
1745445867904 2.1077897548675537 7
1745445870982 1.8127949237823486 8
1745445873815 1.817617654800415 9
1745445876634 1.821411371231079 10
1745445879479 1.816654086112976 11
1745445882992 1.6587227582931519 12
1745445885856 1.6696045398712158 13
1745445888687 1.659839153289795 14
1745445891504 1.665051817893982 15
1745445895235 1.5891934633255005 16
1745445898143 1.589889407157898 17
1745445900959 1.6006418466567993 18
1745445903782 1.5840424299240112 19
1745445907474 1.601157307624817 20
1745445910573 1.6106294393539429 21
1745445913388 1.5959103107452393 22
1745445916206 1.5887460708618164 23
1745445919076 1.6374754905700684 24
1745445922581 1.611350655555725 25
1745445925459 1.6341407299041748 26
1745445928301 1.6014063358306885 27
1745445931178 1.6031277179718018 28
1745445934942 1.604430079460144 29
1745445937779 1.6067062616348267 30
1745445940632 1.5980721712112427 31
1745445943473 1.6425740718841553 32
1745445947001 1.637188196182251 33
1745445950044 1.6746448278427124 34
1745445952931 1.6514086723327637 35
1745445955772 1.6721247434616089 36
1745445958770 1.6751137971878052 37
1745445962198 1.6843760013580322 38
1745445965061 1.6747628450393677 39
1745445967884 1.6003109216690063 40
1745445970737 1.5879390239715576 41
1745445974497 1.5854099988937378 42
1745445977340 1.5931007862091064 43
1745445980213 1.5967532396316528 44
1745445983064 1.581062912940979 45
1745445986621 1.5674537420272827 46
1745445989705 1.5563006401062012 47
1745445992541 1.5807172060012817 48
1745445995370 1.5655200481414795 49
1745445998366 1.574035882949829 50
1745446001715 1.5818381309509277 51
1745446004577 1.6016596555709839 52
1745446007402 1.58041512966156 53
1745446010213 1.5667133331298828 54
1745446013950 1.5730934143066406 55
1745446016764 1.5593197345733643 56
1745446019608 1.563707709312439 57
1745446022439 1.568498969078064 58
1745446025934 1.5767487287521362 59
1745446028987 1.574457049369812 60
1745446031845 1.5667757987976074 61
1745446034703 1.5698108673095703 62
1745446037598 1.5778236389160156 63
1745446041039 1.5705559253692627 64
1745446043916 1.5576233863830566 65
1745446046737 1.5813593864440918 66
1745446049560 1.569305181503296 67
1745446053314 1.5661134719848633 68
1745446056154 1.5825567245483398 69
1745446058990 1.5703785419464111 70
1745446060610 1.5841622352600098 71
1745446151630 1.5749635696411133 72
1745446154445 1.5685280561447144 73
1745446158150 1.5606011152267456 74
1745446161017 1.5649209022521973 75
1745446163885 1.5729409456253052 76
1745446166782 1.553847312927246 77
1745446170357 1.5801383256912231 78
1745446173314 1.552683711051941 79
1745446176190 1.5561532974243164 80
1745446179028 1.557188630104065 81
1745446182191 1.5585391521453857 82
1745446185351 1.5788676738739014 83
1745446188177 1.5650776624679565 84
1745446190995 1.540671706199646 85
1745446193840 1.562011480331421 86
1745446197456 1.5639548301696777 87
1745446200291 1.55022394657135 88
1745446203131 1.5473703145980835 89
1745446205970 1.5813082456588745 90
1745446209640 1.5676051378250122 91
1745446212498 1.5577099323272705 92
1745446215322 1.5706071853637695 93
1745446218142 1.562660574913025 94
1745446221511 1.562781572341919 95
1745446224537 1.5583457946777344 96
1745446227369 1.5642346143722534 97
1745446230222 1.5685144662857056 98
1745446233149 1.55397629737854 99
1745446236540 1.5592854022979736 100
1745446239383 1.5629719495773315 101
1745446242199 1.585753083229065 102
1745446245017 1.5620523691177368 103
1745446248732 1.5447235107421875 104
1745446251562 1.5613549947738647 105
1745446254396 1.556514859199524 106
1745446257236 1.5501517057418823 107
1745446260863 1.5684846639633179 108
1745446263832 1.5649091005325317 109
1745446266680 1.5517693758010864 110
1745446269498 1.5661567449569702 111
1745446272665 1.5464036464691162 112
1745446275759 1.5613679885864258 113
1745446278569 1.5621192455291748 114
1745446281384 1.5587397813796997 115
1745446284235 1.5703237056732178 116
1745446287854 1.5738462209701538 117
1745446290748 1.5590757131576538 118
1745446293626 1.5586873292922974 119
1745446296466 1.5585423707962036 120
1745446300168 1.5643061399459839 121
1745446303007 1.57023286819458 122
1745446305849 1.555239200592041 123
1745446308661 1.5667777061462402 124
1745446312094 1.5595563650131226 125
1745446315070 1.5582177639007568 126
1745446317898 1.5566085577011108 127
1745446320742 1.5510083436965942 128
1745446323735 1.5495885610580444 129
1745446327040 1.5537222623825073 130
1745446329874 1.5740357637405396 131
1745446332686 1.5650674104690552 132
1745446335517 1.54801607131958 133
1745446339206 1.5636720657348633 134
1745446342061 1.5540544986724854 135
1745446344926 1.5587303638458252 136
1745446347762 1.5444822311401367 137
1745446351417 1.5600898265838623 138
1745446354323 1.570314645767212 139
1745446357173 1.5622841119766235 140
1745446360005 1.5547243356704712 141
1745446363267 1.5536682605743408 142
1745446365257 1.563773512840271 143
