1745445846189 6.849784404039383e-05 0
1745445849161 0.00015006001922301948 1
1745445852003 6.125949585111812e-05 2
1745445855826 0.0001384849747410044 3
1745445858714 0.07127493619918823 4
1745445861593 0.07840337604284286 5
1745445864433 0.06793376058340073 6
1745445867904 0.0745702013373375 7
1745445870982 0.07253269851207733 8
1745445873815 0.06993181258440018 9
1745445876634 0.07384194433689117 10
1745445879479 0.06869441270828247 11
1745445882992 0.07209130376577377 12
1745445885856 0.07111550867557526 13
1745445888687 0.07257705926895142 14
1745445891504 0.07516632229089737 15
1745445895235 0.07501725107431412 16
1745445898143 0.0718824714422226 17
1745445900959 0.07026520371437073 18
1745445903782 0.07306589931249619 19
1745445907474 0.06932872533798218 20
1745445910573 0.07145087420940399 21
1745445913388 0.07168155163526535 22
1745445916206 0.07394023984670639 23
1745445919076 0.06931492686271667 24
1745445922581 0.08026807755231857 25
1745445925459 0.07039279490709305 26
1745445928301 0.06942690908908844 27
1745445931178 0.029374202713370323 28
1745445934942 0.031120460480451584 29
1745445937779 0.02967434749007225 30
1745445940632 0.031323015689849854 31
1745445943473 0.07349888235330582 32
1745445947001 0.06673720479011536 33
1745445950044 0.06825283914804459 34
1745445952931 0.06977377831935883 35
1745445955772 0.02954273857176304 36
1745445958770 0.02700597234070301 37
1745445962198 0.02633814699947834 38
1745445965061 0.03008638694882393 39
1745445967884 0.03852377086877823 40
1745445970737 0.035921480506658554 41
1745445974497 0.03851883485913277 42
1745445977340 0.038446225225925446 43
1745445980213 0.07475017011165619 44
1745445983064 0.070008285343647 45
1745445986621 0.07374030351638794 46
1745445989705 0.07756664603948593 47
1745445992541 0.07156044244766235 48
1745445995370 0.07347003370523453 49
1745445998366 0.07056952267885208 50
1745446001715 0.06517647206783295 51
1745446004577 0.06900621950626373 52
1745446007402 0.06877869367599487 53
1745446010213 0.07350870966911316 54
1745446013950 0.07179053872823715 55
1745446016764 0.06601378321647644 56
1745446019608 0.07058336585760117 57
1745446022439 0.07331783324480057 58
1745446025934 0.07102125138044357 59
1745446028987 0.07190660387277603 60
1745446031845 0.06288910657167435 61
1745446034703 0.07069538533687592 62
1745446037598 0.06698329746723175 63
1745446041039 0.06953339278697968 64
1745446043916 0.07167728990316391 65
1745446046737 0.07150837779045105 66
1745446049560 0.06915270537137985 67
1745446053314 0.07624857127666473 68
1745446056154 0.06216048449277878 69
1745446058990 0.07339370995759964 70
1745446060610 0.06802550703287125 71
1745446151630 0.06355966627597809 72
1745446154445 0.07318861782550812 73
1745446158150 0.07707157731056213 74
1745446161017 0.07084006816148758 75
1745446163885 0.06930693238973618 76
1745446166782 0.07150160521268845 77
1745446170357 0.06389877200126648 78
1745446173314 0.07007549703121185 79
1745446176190 0.07087045907974243 80
1745446179028 0.0687859058380127 81
1745446182191 0.06637522578239441 82
1745446185351 0.07278990000486374 83
1745446188177 0.07310722768306732 84
1745446190995 0.071129709482193 85
1745446193840 0.06501609086990356 86
1745446197456 0.06907768547534943 87
1745446200291 0.07457541674375534 88
1745446203131 0.07629471272230148 89
1745446205970 0.06844162195920944 90
1745446209640 0.06933575123548508 91
1745446212498 0.06890393793582916 92
1745446215322 0.07062146812677383 93
1745446218142 0.06750018894672394 94
1745446221511 0.07149409502744675 95
1745446224537 0.07259795069694519 96
1745446227369 0.07461400330066681 97
1745446230222 0.07619643211364746 98
1745446233149 0.07180991023778915 99
1745446236540 0.0699000433087349 100
1745446239383 0.0696706622838974 101
1745446242199 0.06347038596868515 102
1745446245017 0.07303278893232346 103
1745446248732 0.0756605938076973 104
1745446251562 0.07252731174230576 105
1745446254396 0.07098739594221115 106
1745446257236 0.07694020122289658 107
1745446260863 0.06992559134960175 108
1745446263832 0.07214055210351944 109
1745446266680 0.07334157079458237 110
1745446269498 0.07019168883562088 111
1745446272665 0.07074449211359024 112
1745446275759 0.07223357260227203 113
1745446278569 0.06971393525600433 114
1745446281384 0.07414799928665161 115
1745446284235 0.06765993684530258 116
1745446287854 0.07087067514657974 117
1745446290748 0.08003032952547073 118
1745446293626 0.07233709841966629 119
1745446296466 0.07446808367967606 120
1745446300168 0.0696689784526825 121
1745446303007 0.07255694270133972 122
1745446305849 0.07554230839014053 123
1745446308661 0.06745623052120209 124
1745446312094 0.07624378800392151 125
1745446315070 0.07123059779405594 126
1745446317898 0.07058105617761612 127
1745446320742 0.07063461095094681 128
1745446323735 0.07054447382688522 129
1745446327040 0.06711968034505844 130
1745446329874 0.06900688260793686 131
1745446332686 0.07351311296224594 132
1745446335517 0.07529999315738678 133
1745446339206 0.06879232823848724 134
1745446342061 0.06981164962053299 135
1745446344926 0.07515759766101837 136
1745446347762 0.07797382026910782 137
1745446351417 0.06351446360349655 138
1745446354323 0.0662241280078888 139
1745446357173 0.07244647294282913 140
1745446360005 0.07151418179273605 141
1745446363267 0.07002686709165573 142
1745446365257 0.07277695089578629 143
