1745257031909 0.0 0
1745257034238 0.0699993148446083 1
1745257036510 0.07458814978599548 2
1745257038779 0.07191991806030273 3
1745257041053 0.07454424351453781 4
1745257043325 0.07573127001523972 5
1745257045655 0.07608534395694733 6
1745257047964 0.06862353533506393 7
1745257050231 0.07126022130250931 8
1745257052490 0.06785957515239716 9
1745257054752 0.07293875515460968 10
1745257057137 0.07151167094707489 11
1745257059407 0.07048837840557098 12
1745257061682 0.06447289884090424 13
1745257063969 0.07378565520048141 14
1745257066246 0.06750023365020752 15
1745257068612 0.07319378852844238 16
1745257070904 0.07133490592241287 17
1745257073177 0.06877180933952332 18
1745257075481 0.04644211009144783 19
1745257077735 0.049477189779281616 20
1745257079991 0.04495903104543686 21
1745257082362 0.04555895924568176 22
1745257084638 0.04258760064840317 23
1745257086884 0.037116292864084244 24
1745257089138 0.06684377044439316 25
1745257091403 0.06816983222961426 26
1745257093776 0.07523026317358017 27
1745257096073 0.06662973016500473 28
1745257098339 0.07348399609327316 29
1745257100604 0.06665146350860596 30
1745257102864 0.07506436854600906 31
1745257105268 0.07158505171537399 32
1745257107529 0.07252606749534607 33
1745257109790 0.06933779269456863 34
1745257112052 0.07140085101127625 35
1745257114311 0.07045409828424454 36
1745257116631 0.07161056995391846 37
1745257118897 0.06910747289657593 38
1745257121157 0.08267848193645477 39
1745257123423 0.08802640438079834 40
1745257125689 0.08004778623580933 41
1745257127962 0.07655435800552368 42
1745257130365 0.07906563580036163 43
1745257132656 0.07456744462251663 44
1745257134922 0.09169857949018478 45
1745257137200 0.09073812514543533 46
1745257139469 0.08454577624797821 47
1745257141871 0.08621221780776978 48
1745257144163 0.0979757085442543 49
1745257146445 0.09227294474840164 50
1745257148720 0.09199565649032593 51
1745257150991 0.07779720425605774 52
1745257153392 0.08564437180757523 53
1745257155684 0.09127101302146912 54
1745257157944 0.09016786515712738 55
1745257160213 0.09854548424482346 56
1745257162473 0.08382507413625717 57
1745257164772 0.08943250775337219 58
1745257167074 0.08723046630620956 59
1745257168740 0.08567678928375244 60
1745257227987 0.09567714482545853 61
1745257230249 0.09210849553346634 62
1745257232514 0.09192180633544922 63
1745257234774 0.09844456613063812 64
1745257237052 0.08761917799711227 65
1745257239365 0.0827292799949646 66
1745257241630 0.09376923739910126 67
1745257243897 0.09645482897758484 68
1745257246177 0.09188421815633774 69
1745257248442 0.09185334295034409 70
1745257250837 0.0986492782831192 71
1745257253104 0.09292168915271759 72
1745257255366 0.09126526862382889 73
1745257257648 0.10689109563827515 74
1745257259937 0.11110452562570572 75
1745257262325 0.11760034412145615 76
1745257264626 0.1127031147480011 77
1745257266913 0.10905677080154419 78
1745257269188 0.10707300901412964 79
1745257271449 0.11917023360729218 80
1745257273835 0.11751308292150497 81
1745257276251 0.11457616835832596 82
1745257278533 0.12014544010162354 83
1745257280791 0.11750839650630951 84
1745257283048 0.11160743981599808 85
1745257285349 0.11151596158742905 86
1745257287647 0.1108899861574173 87
1745257289911 0.12039381265640259 88
1745257292175 0.11154970526695251 89
1745257294451 0.1118815615773201 90
1745257296739 0.10460811108350754 91
1745257299142 0.13657251000404358 92
1745257301414 0.1267281174659729 93
1745257303681 0.136830672621727 94
1745257305959 0.13456875085830688 95
1745257308225 0.1420891433954239 96
1745257310592 0.13880202174186707 97
1745257312868 0.15647685527801514 98
1745257315132 0.14308851957321167 99
1745257317413 0.1514550745487213 100
1745257319685 0.1480167657136917 101
1745257322097 0.14415255188941956 102
1745257324378 0.14919355511665344 103
1745257326637 0.14617294073104858 104
1745257328910 0.1532217115163803 105
1745257331176 0.15797565877437592 106
1745257333439 0.14833170175552368 107
1745257335743 0.15779022872447968 108
1745257338006 0.1578008383512497 109
1745257340274 0.16238665580749512 110
1745257342553 0.16002695262432098 111
1745257344836 0.16062764823436737 112
1745257347249 0.1605105698108673 113
1745257349533 0.15564054250717163 114
1745257351801 0.16150307655334473 115
1745257354069 0.15686680376529694 116
1745257356332 0.1639317125082016 117
1745257358719 0.16634781658649445 118
1745257361004 0.1660001575946808 119
1745257363263 0.16309140622615814 120
1745257364935 0.1666666716337204 121
1745257424177 0.17124344408512115 122
1745257426438 0.17448927462100983 123
1745257428710 0.17802214622497559 124
1745257431118 0.17899075150489807 125
1745257433416 0.17295534908771515 126
1745257435683 0.18704983592033386 127
1745257437957 0.17631679773330688 128
1745257440249 0.18072959780693054 129
1745257442653 0.18330655992031097 130
1745257444949 0.1852353811264038 131
1745257447214 0.18456238508224487 132
1745257449487 0.18389128148555756 133
1745257451756 0.18890264630317688 134
1745257454037 0.19060902297496796 135
1745257456401 0.19826076924800873 136
1745257458694 0.19391465187072754 137
1745257460961 0.1912693828344345 138
1745257463224 0.19397389888763428 139
1745257465490 0.19508211314678192 140
1745257467868 0.19767285883426666 141
1745257470163 0.1982344090938568 142
1745257472423 0.1974135935306549 143
1745257474695 0.1952390819787979 144
1745257476981 0.2025579810142517 145
1745257479381 0.1927110105752945 146
1745257481671 0.19872917234897614 147
1745257483954 0.20010912418365479 148
1745257486223 0.20737427473068237 149
1745257488480 0.20738855004310608 150
1745257490821 0.2039335072040558 151
1745257493090 0.2028111070394516 152
1745257495350 0.21346043050289154 153
1745257497618 0.2029506117105484 154
1745257499889 0.21008022129535675 155
1745257502188 0.2167297601699829 156
1745257504584 0.21785303950309753 157
1745257506868 0.2105727642774582 158
1745257509122 0.2125426083803177 159
1745257511391 0.20841841399669647 160
1745257513643 0.20970335602760315 161
1745257515968 0.20933203399181366 162
1745257518241 0.21611951291561127 163
1745257520515 0.223219633102417 164
1745257522795 0.21375808119773865 165
1745257525058 0.22960878908634186 166
1745257527452 0.21922218799591064 167
1745257529729 0.2257865071296692 168
1745257532012 0.22007346153259277 169
1745257534283 0.22589386999607086 170
1745257536559 0.22650088369846344 171
1745257538839 0.22365736961364746 172
1745257541134 0.228673055768013 173
1745257543448 0.22909067571163177 174
1745257545709 0.22886455059051514 175
1745257547964 0.23023323714733124 176
1745257550234 0.23256267607212067 177
1745257552566 0.22809016704559326 178
1745257554855 0.22562429308891296 179
1745257557153 0.23530685901641846 180
1745257559417 0.24027520418167114 181
1745257561082 0.24176858365535736 182
1745257620706 0.23768706619739532 183
1745257622990 0.2379271388053894 184
1745257625398 0.24173206090927124 185
1745257627680 0.21623028814792633 186
1745257629947 0.25164395570755005 187
1745257632222 0.24478738009929657 188
1745257634496 0.2490604668855667 189
1745257636899 0.24770642817020416 190
1745257639178 0.24401499330997467 191
1745257641451 0.23749130964279175 192
1745257643720 0.2440982311964035 193
1745257645982 0.25090181827545166 194
1745257648394 0.24067768454551697 195
1745257650679 0.25153374671936035 196
1745257652939 0.24137049913406372 197
1745257655201 0.23921924829483032 198
1745257657479 0.23949821293354034 199
1745257659819 0.26356714963912964 200
1745257662094 0.25372713804244995 201
1745257664362 0.25459015369415283 202
1745257666633 0.2493482232093811 203
1745257668891 0.25820836424827576 204
1745257671159 0.25994980335235596 205
1745257673484 0.25446459650993347 206
1745257675743 0.25959116220474243 207
1745257678011 0.2559829354286194 208
1745257680302 0.2540901005268097 209
1745257682562 0.2597101330757141 210
1745257684927 0.25630486011505127 211
1745257687226 0.2492467314004898 212
1745257689515 0.2517852783203125 213
1745257691792 0.2546086013317108 214
1745257694063 0.2490389049053192 215
1745257696440 0.26849600672721863 216
1745257698732 0.26203250885009766 217
1745257701023 0.2696922719478607 218
1745257703284 0.26708632707595825 219
1745257705549 0.2709963619709015 220
1745257707821 0.26720958948135376 221
1745257710151 0.24880069494247437 222
1745257712422 0.2686784863471985 223
1745257714690 0.2676784098148346 224
1745257716960 0.263060063123703 225
1745257719238 0.2651004493236542 226
1745257721658 0.26512208580970764 227
1745257723948 0.25990307331085205 228
1745257726213 0.27180731296539307 229
1745257728481 0.2522270381450653 230
1745257730747 0.26725009083747864 231
1745257733141 0.2702758312225342 232
1745257735422 0.2796746790409088 233
1745257737705 0.2629532814025879 234
1745257739963 0.2621094882488251 235
1745257742246 0.2679784595966339 236
1745257744615 0.2716481387615204 237
1745257746896 0.2604020833969116 238
1745257749158 0.26753416657447815 239
1745257751430 0.25483956933021545 240
1745257753733 0.2723606526851654 241
1745257755993 0.27818799018859863 242
1745257757787 0.26689696311950684 243
1745257817186 0.2715551257133484 244
1745257819475 0.26801618933677673 245
1745257821778 0.27851057052612305 246
1745257824052 0.2810070216655731 247
1745257826326 0.2925271987915039 248
1745257828597 0.26937830448150635 249
1745257830884 0.2878201901912689 250
1745257833160 0.27234578132629395 251
1745257835447 0.277965247631073 252
1745257837714 0.2685050666332245 253
1745257839985 0.27715054154396057 254
1745257842405 0.2739431858062744 255
1745257844697 0.2714078426361084 256
1745257846975 0.27415981888771057 257
1745257849250 0.27657538652420044 258
1745257851626 0.2774852514266968 259
1745257854029 0.2819419503211975 260
1745257856337 0.2819492816925049 261
1745257858603 0.2798089385032654 262
1745257860882 0.27365294098854065 263
1745257863153 0.2647354304790497 264
1745257865561 0.27851516008377075 265
1745257867859 0.2855830490589142 266
1745257870140 0.27624425292015076 267
1745257872418 0.2774566411972046 268
1745257874692 0.2754802107810974 269
1745257876986 0.27335381507873535 270
1745257879272 0.2817598879337311 271
1745257881579 0.27993860840797424 272
1745257883852 0.2730594277381897 273
1745257886134 0.2771918773651123 274
1745257888396 0.28408384323120117 275
1745257890825 0.28343579173088074 276
1745257893114 0.29204097390174866 277
1745257895374 0.27443841099739075 278
1745257897643 0.2593982219696045 279
1745257899921 0.28222745656967163 280
1745257902326 0.2795807421207428 281
1745257904588 0.28613895177841187 282
1745257906865 0.2716832160949707 283
1745257909134 0.2790442705154419 284
1745257911403 0.27781641483306885 285
1745257913783 0.28306856751441956 286
1745257916057 0.2812691628932953 287
1745257918326 0.27929985523223877 288
1745257920627 0.2855798602104187 289
1745257922894 0.2811901271343231 290
1745257925193 0.27741795778274536 291
1745257927459 0.28202611207962036 292
1745257929727 0.28744906187057495 293
1745257932007 0.2739684581756592 294
1745257934270 0.2806836664676666 295
1745257936546 0.2717732787132263 296
1745257938897 0.293622225522995 297
1745257941183 0.27636754512786865 298
1745257943447 0.28280574083328247 299
1745257945733 0.2740744650363922 300
1745257948009 0.27338290214538574 301
1745257950426 0.27623918652534485 302
1745257952726 0.28848230838775635 303
1745257954391 0.27283045649528503 304
1745258013854 0.2884831130504608 305
1745258016125 0.28931260108947754 306
1745258018395 0.29310232400894165 307
1745258020671 0.28990891575813293 308
1745258023056 0.2895479202270508 309
1745258025352 0.29073935747146606 310
1745258027623 0.2984330952167511 311
1745258029900 0.29442518949508667 312
1745258032168 0.2851355969905853 313
1745258034568 0.29898521304130554 314
1745258036843 0.295295387506485 315
1745258039116 0.2921033799648285 316
1745258041405 0.28303903341293335 317
1745258043671 0.30915552377700806 318
1745258045942 0.28095313906669617 319
1745258048229 0.28148403763771057 320
1745258050519 0.30556586384773254 321
1745258052788 0.290076345205307 322
1745258055095 0.27671313285827637 323
1745258057374 0.29510632157325745 324
1745258059785 0.28687500953674316 325
1745258062055 0.29650792479515076 326
1745258064318 0.292464017868042 327
1745258066588 0.2958388030529022 328
1745258068847 0.28425076603889465 329
1745258071229 0.2927696108818054 330
1745258073510 0.28885775804519653 331
1745258075776 0.2844548523426056 332
1745258078052 0.2941209077835083 333
1745258080331 0.29472261667251587 334
1745258082723 0.29513996839523315 335
1745258085028 0.2876035273075104 336
1745258087302 0.2880297005176544 337
1745258089604 0.2972791790962219 338
1745258091912 0.2830201983451843 339
1745258094217 0.28498631715774536 340
1745258096500 0.2914380729198456 341
1745258098790 0.29099521040916443 342
1745258101073 0.29492422938346863 343
1745258103356 0.2916881740093231 344
1745258105663 0.3007579743862152 345
1745258108077 0.2925598919391632 346
1745258110360 0.28114888072013855 347
1745258112634 0.2938304841518402 348
1745258114914 0.2859485149383545 349
1745258117201 0.2909724712371826 350
1745258119581 0.2795886695384979 351
1745258121886 0.30427086353302 352
1745258124148 0.2903575301170349 353
1745258126411 0.29365941882133484 354
1745258128702 0.29922589659690857 355
1745258131109 0.2915312349796295 356
1745258133445 0.29754745960235596 357
1745258135710 0.2935066819190979 358
1745258138029 0.27842727303504944 359
1745258140317 0.2858161926269531 360
1745258142625 0.2853231728076935 361
1745258144907 0.29200276732444763 362
1745258147190 0.2968301773071289 363
1745258149477 0.2797877788543701 364
1745258151183 0.2869257926940918 365
1745258210515 0.28012940287590027 366
1745258212803 0.3009580075740814 367
1745258215122 0.30569201707839966 368
1745258217395 0.29619279503822327 369
1745258219672 0.30881258845329285 370
1745258221930 0.2864563465118408 371
1745258224220 0.29723623394966125 372
1745258226485 0.2880237102508545 373
1745258228807 0.28732800483703613 374
1745258231107 0.2923043966293335 375
1745258233385 0.2940689027309418 376
1745258235659 0.2949483096599579 377
1745258237928 0.30850473046302795 378
1745258240304 0.301772803068161 379
1745258242607 0.29186567664146423 380
1745258244881 0.312195748090744 381
1745258247151 0.3087300956249237 382
1745258249430 0.2959127426147461 383
1745258251825 0.29884496331214905 384
1745258254108 0.2957395613193512 385
1745258256397 0.2932256758213043 386
1745258258680 0.2949804961681366 387
1745258260967 0.3002687394618988 388
1745258263276 0.299669086933136 389
1745258265569 0.30981752276420593 390
1745258267843 0.2936778664588928 391
1745258270135 0.2912313938140869 392
1745258272405 0.29358893632888794 393
1745258274671 0.29158368706703186 394
1745258276989 0.3101370334625244 395
1745258279277 0.2942998707294464 396
1745258281560 0.3015391528606415 397
1745258283819 0.30234965682029724 398
1745258286076 0.3006459176540375 399
1745258288383 0.28850725293159485 400
1745258290668 0.3127305805683136 401
1745258292943 0.30819275975227356 402
1745258295217 0.30988451838493347 403
1745258297508 0.2976309061050415 404
1745258299907 0.30099502205848694 405
1745258302207 0.29853367805480957 406
1745258304481 0.28472939133644104 407
1745258306755 0.28855234384536743 408
1745258309026 0.28711822628974915 409
1745258311314 0.29043155908584595 410
1745258313619 0.31808730959892273 411
1745258315884 0.2977634072303772 412
1745258318146 0.3062010407447815 413
1745258320415 0.30576062202453613 414
1745258322683 0.3132435977458954 415
1745258325063 0.30382031202316284 416
1745258327344 0.30525490641593933 417
1745258329622 0.305054634809494 418
1745258331895 0.2878885865211487 419
1745258334198 0.28804510831832886 420
1745258336552 0.30504974722862244 421
1745258338887 0.3022896945476532 422
1745258341162 0.3070265054702759 423
1745258343444 0.3016732633113861 424
1745258345712 0.2968565821647644 425
1745258347387 0.2987407147884369 426
1745258406652 0.3085840344429016 427
1745258409001 0.3204273581504822 428
1745258411293 0.3029989004135132 429
1745258413577 0.3055105209350586 430
1745258415843 0.3001299500465393 431
1745258418111 0.29930242896080017 432
1745258420435 0.30350518226623535 433
1745258422782 0.29717257618904114 434
1745258425098 0.31373780965805054 435
1745258427374 0.30879199504852295 436
1745258429652 0.29773083329200745 437
1745258431926 0.30806964635849 438
1745258434353 0.31399014592170715 439
1745258436637 0.2972911596298218 440
1745258438933 0.3117526173591614 441
1745258441212 0.303287148475647 442
1745258443492 0.3022100627422333 443
1745258445827 0.30953511595726013 444
1745258448098 0.3055962026119232 445
1745258450373 0.31350746750831604 446
1745258452663 0.30471670627593994 447
1745258454942 0.2943733334541321 448
1745258457337 0.305831640958786 449
1745258459624 0.3110116422176361 450
1745258461900 0.3154393136501312 451
1745258464197 0.3214071989059448 452
1745258466469 0.3146541714668274 453
1745258468805 0.31544142961502075 454
1745258471094 0.30400753021240234 455
1745258473372 0.31171005964279175 456
1745258475638 0.3110901415348053 457
1745258477934 0.31892263889312744 458
1745258480211 0.3040645718574524 459
1745258482629 0.3052959442138672 460
1745258484919 0.30831265449523926 461
1745258487192 0.3031359016895294 462
1745258489475 0.30157384276390076 463
1745258491738 0.30985695123672485 464
1745258494090 0.3130662739276886 465
1745258496363 0.31430596113204956 466
1745258498636 0.30774208903312683 467
1745258500905 0.31242814660072327 468
1745258503174 0.29864656925201416 469
1745258505551 0.29716551303863525 470
1745258507854 0.3140729069709778 471
1745258510119 0.2976451516151428 472
1745258512401 0.3060082495212555 473
1745258514675 0.30309733748435974 474
1745258517020 0.29901811480522156 475
1745258519288 0.3104856312274933 476
1745258521565 0.30749714374542236 477
1745258523834 0.3061811625957489 478
1745258526114 0.30726295709609985 479
1745258528400 0.30183327198028564 480
1745258530715 0.29443180561065674 481
1745258532995 0.3129981458187103 482
1745258535269 0.31636762619018555 483
1745258537545 0.31176674365997314 484
1745258539819 0.31467390060424805 485
1745258542162 0.3066796660423279 486
1745258543849 0.3096754848957062 487
1745258603244 0.30262988805770874 488
1745258605536 0.30953794717788696 489
1745258607814 0.30540940165519714 490
1745258610087 0.30889615416526794 491
1745258612361 0.3269922137260437 492
1745258614699 0.31166189908981323 493
1745258616993 0.31451132893562317 494
1745258619258 0.3162580132484436 495
1745258621527 0.3026925325393677 496
1745258623802 0.3058963119983673 497
1745258626167 0.3113800287246704 498
1745258628475 0.29855966567993164 499
1745258630746 0.3020249903202057 500
1745258633019 0.324872761964798 501
1745258635305 0.3219586908817291 502
1745258637606 0.30989494919776917 503
1745258640002 0.3214370012283325 504
1745258642293 0.30216196179389954 505
1745258644574 0.3146612346172333 506
1745258646860 0.31964370608329773 507
1745258649142 0.32605108618736267 508
1745258651538 0.30966717004776 509
1745258653819 0.3072173297405243 510
1745258656106 0.31497079133987427 511
1745258658382 0.32116419076919556 512
1745258660653 0.3294292092323303 513
1745258663065 0.3205682635307312 514
1745258665352 0.301055908203125 515
1745258667624 0.33089226484298706 516
1745258669889 0.3126581311225891 517
1745258672152 0.30895131826400757 518
1745258674492 0.32294657826423645 519
1745258676816 0.3132677376270294 520
1745258679084 0.32617780566215515 521
1745258681357 0.30955153703689575 522
1745258683622 0.31304192543029785 523
1745258685901 0.32285240292549133 524
1745258688313 0.31628426909446716 525
1745258690598 0.3080327808856964 526
1745258692872 0.32671207189559937 527
1745258695182 0.3058377504348755 528
1745258697449 0.3246954381465912 529
1745258699867 0.3151862323284149 530
1745258702158 0.3159238398075104 531
1745258704432 0.3062842786312103 532
1745258706841 0.3240646719932556 533
1745258709141 0.32524237036705017 534
1745258711539 0.3039293587207794 535
1745258713842 0.3269665539264679 536
1745258716128 0.32838383316993713 537
1745258718403 0.30973994731903076 538
1745258720692 0.3140724003314972 539
1745258723095 0.3116320073604584 540
1745258725395 0.31355738639831543 541
1745258727673 0.3143041729927063 542
1745258729941 0.3142034113407135 543
1745258732208 0.31172654032707214 544
1745258734535 0.32662972807884216 545
1745258736837 0.33358702063560486 546
1745258739112 0.3171128034591675 547
1745258740784 0.30618706345558167 548
1745258800057 0.334219366312027 549
1745258802364 0.3147980570793152 550
1745258804677 0.3111599087715149 551
1745258807084 0.3206683397293091 552
1745258809382 0.33442065119743347 553
1745258811661 0.32658687233924866 554
1745258813959 0.323722243309021 555
1745258816247 0.3237453103065491 556
1745258818505 0.32994648814201355 557
1745258820916 0.323684424161911 558
1745258823215 0.32315725088119507 559
1745258825493 0.3330651521682739 560
1745258827764 0.3335718512535095 561
1745258830034 0.3263759911060333 562
1745258832422 0.3225879967212677 563
1745258834715 0.32259470224380493 564
1745258836997 0.3274790048599243 565
1745258839274 0.31458553671836853 566
1745258841555 0.3161270320415497 567
1745258843980 0.3090195059776306 568
1745258846261 0.3299621641635895 569
1745258848539 0.3226274251937866 570
1745258850829 0.33061543107032776 571
1745258853113 0.325512170791626 572
1745258855502 0.3252994418144226 573
1745258857762 0.3268396556377411 574
1745258860025 0.33613190054893494 575
1745258862301 0.31189414858818054 576
1745258864594 0.3277460038661957 577
1745258866863 0.33391329646110535 578
1745258869173 0.3171292841434479 579
1745258871464 0.31914615631103516 580
1745258873739 0.3205336928367615 581
1745258876005 0.3257361352443695 582
1745258878272 0.325897753238678 583
1745258880680 0.31890425086021423 584
1745258883001 0.31711408495903015 585
1745258885285 0.32228994369506836 586
1745258887561 0.3130205571651459 587
1745258889868 0.32232964038848877 588
1745258892228 0.31739774346351624 589
1745258894528 0.31591880321502686 590
1745258896813 0.316122442483902 591
1745258899093 0.329058974981308 592
1745258901388 0.3198980987071991 593
1745258903748 0.3236123323440552 594
1745258906050 0.3202908933162689 595
1745258908350 0.3094536364078522 596
1745258910642 0.33966633677482605 597
1745258912906 0.3219146430492401 598
1745258915174 0.3188381791114807 599
1745258917484 0.32311856746673584 600
1745258919764 0.32800546288490295 601
1745258922055 0.31167498230934143 602
1745258924330 0.3184904456138611 603
1745258926594 0.31896674633026123 604
1745258928979 0.3177688419818878 605
1745258931267 0.31462332606315613 606
1745258933537 0.313885360956192 607
1745258935817 0.32150551676750183 608
1745258937492 0.31392765045166016 609
