1745257031909 4.689473628997803 0
1745257034238 4.320903301239014 1
1745257036510 4.3262038230896 2
1745257038779 3.9804413318634033 3
1745257041053 3.973733425140381 4
1745257043325 3.7149529457092285 5
1745257045655 3.7192795276641846 6
1745257047964 3.5053694248199463 7
1745257050231 3.503899574279785 8
1745257052490 3.330109119415283 9
1745257054752 3.31626296043396 10
1745257057137 3.2172465324401855 11
1745257059407 3.216414213180542 12
1745257061682 3.1719837188720703 13
1745257063969 3.166410446166992 14
1745257066246 3.2109415531158447 15
1745257068612 3.207237482070923 16
1745257070904 3.2012109756469727 17
1745257073177 3.2046051025390625 18
1745257075481 3.2322185039520264 19
1745257077735 3.206615924835205 20
1745257079991 3.21856689453125 21
1745257082362 3.203622817993164 22
1745257084638 3.184551954269409 23
1745257086884 3.186393976211548 24
1745257089138 3.172661304473877 25
1745257091403 3.149895668029785 26
1745257093776 3.1499216556549072 27
1745257096073 3.1639697551727295 28
1745257098339 3.145958423614502 29
1745257100604 3.1546592712402344 30
1745257102864 3.15055513381958 31
1745257105268 3.133099317550659 32
1745257107529 3.1488733291625977 33
1745257109790 3.1320762634277344 34
1745257112052 3.166937828063965 35
1745257114311 3.1334877014160156 36
1745257116631 3.1209120750427246 37
1745257118897 3.1346449851989746 38
1745257121157 3.1311826705932617 39
1745257123423 3.115963935852051 40
1745257125689 3.144321918487549 41
1745257127962 3.16343092918396 42
1745257130365 3.13142991065979 43
1745257132656 3.1322360038757324 44
1745257134922 3.1068286895751953 45
1745257137200 3.102445363998413 46
1745257139469 3.136587142944336 47
1745257141871 3.130575656890869 48
1745257144163 3.0875401496887207 49
1745257146445 3.122809410095215 50
1745257148720 3.102436065673828 51
1745257150991 3.109503984451294 52
1745257153392 3.1018290519714355 53
1745257155684 3.090104341506958 54
1745257157944 3.1250877380371094 55
1745257160213 3.115945816040039 56
1745257162473 3.1091153621673584 57
1745257164772 3.0986557006835938 58
1745257167074 3.118103265762329 59
1745257168740 3.1043245792388916 60
1745257227987 3.0265791416168213 61
1745257230249 3.077502727508545 62
1745257232514 3.0503158569335938 63
1745257234774 3.0633866786956787 64
1745257237052 3.053466796875 65
1745257239365 3.0675129890441895 66
1745257241630 3.0395519733428955 67
1745257243897 3.0295205116271973 68
1745257246177 3.0384762287139893 69
1745257248442 3.019984245300293 70
1745257250837 3.0211470127105713 71
1745257253104 3.02966046333313 72
1745257255366 3.0306527614593506 73
1745257257648 3.0376181602478027 74
1745257259937 2.990133762359619 75
1745257262325 3.0016133785247803 76
1745257264626 3.0008533000946045 77
1745257266913 3.0037343502044678 78
1745257269188 2.997943639755249 79
1745257271449 2.9857230186462402 80
1745257273835 2.9757869243621826 81
1745257276251 2.9578633308410645 82
1745257278533 2.9657704830169678 83
1745257280791 2.943148612976074 84
1745257283048 2.9673843383789062 85
1745257285349 2.9397497177124023 86
1745257287647 2.9479777812957764 87
1745257289911 2.950812578201294 88
1745257292175 2.971773862838745 89
1745257294451 2.9976449012756348 90
1745257296739 2.9957900047302246 91
1745257299142 2.9350593090057373 92
1745257301414 2.940103054046631 93
1745257303681 2.9044737815856934 94
1745257305959 2.9306719303131104 95
1745257308225 2.9083187580108643 96
1745257310592 2.909433603286743 97
1745257312868 2.867211103439331 98
1745257315132 2.8851253986358643 99
1745257317413 2.881032943725586 100
1745257319685 2.8650481700897217 101
1745257322097 2.8669204711914062 102
1745257324378 2.840810537338257 103
1745257326637 2.8759326934814453 104
1745257328910 2.8490357398986816 105
1745257331176 2.8285560607910156 106
1745257333439 2.8520236015319824 107
1745257335743 2.807483673095703 108
1745257338006 2.787400484085083 109
1745257340274 2.798661947250366 110
1745257342553 2.816166877746582 111
1745257344836 2.7762744426727295 112
1745257347249 2.7917420864105225 113
1745257349533 2.7941927909851074 114
1745257351801 2.802973747253418 115
1745257354069 2.7803523540496826 116
1745257356332 2.7991974353790283 117
1745257358719 2.7523281574249268 118
1745257361004 2.760922908782959 119
1745257363263 2.774484395980835 120
1745257364935 2.757126569747925 121
1745257424177 2.7165346145629883 122
1745257426438 2.7184605598449707 123
1745257428710 2.7010338306427 124
1745257431118 2.6938021183013916 125
1745257433416 2.7342960834503174 126
1745257435683 2.674776077270508 127
1745257437957 2.70342755317688 128
1745257440249 2.653520345687866 129
1745257442653 2.6601755619049072 130
1745257444949 2.6435139179229736 131
1745257447214 2.6518492698669434 132
1745257449487 2.6397178173065186 133
1745257451756 2.636631488800049 134
1745257454037 2.597928285598755 135
1745257456401 2.6346447467803955 136
1745257458694 2.624250650405884 137
1745257460961 2.6282548904418945 138
1745257463224 2.591028928756714 139
1745257465490 2.5652458667755127 140
1745257467868 2.6047494411468506 141
1745257470163 2.578556537628174 142
1745257472423 2.5987656116485596 143
1745257474695 2.5953726768493652 144
1745257476981 2.554640769958496 145
1745257479381 2.6237869262695312 146
1745257481671 2.5862040519714355 147
1745257483954 2.5868210792541504 148
1745257486223 2.559896230697632 149
1745257488480 2.536639928817749 150
1745257490821 2.5159900188446045 151
1745257493090 2.555586576461792 152
1745257495350 2.5277209281921387 153
1745257497618 2.5403223037719727 154
1745257499889 2.5312016010284424 155
1745257502188 2.478703260421753 156
1745257504584 2.482404947280884 157
1745257506868 2.497637987136841 158
1745257509122 2.4958744049072266 159
1745257511391 2.5042378902435303 160
1745257513643 2.481978178024292 161
1745257515968 2.542259931564331 162
1745257518241 2.4664359092712402 163
1745257520515 2.4499311447143555 164
1745257522795 2.498427152633667 165
1745257525058 2.435852289199829 166
1745257527452 2.470160722732544 167
1745257529729 2.457998514175415 168
1745257532012 2.449361801147461 169
1745257534283 2.3963725566864014 170
1745257536559 2.46243953704834 171
1745257538839 2.454556465148926 172
1745257541134 2.409334659576416 173
1745257543448 2.4136648178100586 174
1745257545709 2.441174268722534 175
1745257547964 2.4015989303588867 176
1745257550234 2.382463216781616 177
1745257552566 2.4037857055664062 178
1745257554855 2.4352567195892334 179
1745257557153 2.3972508907318115 180
1745257559417 2.390504837036133 181
1745257561082 2.3876023292541504 182
1745257620706 2.37485408782959 183
1745257622990 2.354628324508667 184
1745257625398 2.3273849487304688 185
1745257627680 2.396307945251465 186
1745257629947 2.2622458934783936 187
1745257632222 2.2986223697662354 188
1745257634496 2.337916135787964 189
1745257636899 2.2840545177459717 190
1745257639178 2.3323793411254883 191
1745257641451 2.3470356464385986 192
1745257643720 2.31531023979187 193
1745257645982 2.307840585708618 194
1745257648394 2.3217215538024902 195
1745257650679 2.2966365814208984 196
1745257652939 2.3411340713500977 197
1745257655201 2.3368396759033203 198
1745257657479 2.3149871826171875 199
1745257659819 2.235945224761963 200
1745257662094 2.2686357498168945 201
1745257664362 2.2656540870666504 202
1745257666633 2.302722930908203 203
1745257668891 2.2460200786590576 204
1745257671159 2.2512881755828857 205
1745257673484 2.281193733215332 206
1745257675743 2.241095781326294 207
1745257678011 2.2351675033569336 208
1745257680302 2.2602133750915527 209
1745257682562 2.28413987159729 210
1745257684927 2.265568494796753 211
1745257687226 2.2845170497894287 212
1745257689515 2.2689313888549805 213
1745257691792 2.2773420810699463 214
1745257694063 2.3178391456604004 215
1745257696440 2.210491895675659 216
1745257698732 2.2494423389434814 217
1745257701023 2.229250192642212 218
1745257703284 2.22239351272583 219
1745257705549 2.205223798751831 220
1745257707821 2.2319862842559814 221
1745257710151 2.2807912826538086 222
1745257712422 2.202589750289917 223
1745257714690 2.220921754837036 224
1745257716960 2.2277028560638428 225
1745257719238 2.2165427207946777 226
1745257721658 2.2471489906311035 227
1745257723948 2.253188371658325 228
1745257726213 2.18757963180542 229
1745257728481 2.234304904937744 230
1745257730747 2.200796604156494 231
1745257733141 2.1941988468170166 232
1745257735422 2.1668806076049805 233
1745257737705 2.2545933723449707 234
1745257739963 2.2586164474487305 235
1745257742246 2.238877058029175 236
1745257744615 2.1772618293762207 237
1745257746896 2.224736452102661 238
1745257749158 2.2048115730285645 239
1745257751430 2.275747299194336 240
1745257753733 2.183441162109375 241
1745257755993 2.1654515266418457 242
1745257757787 2.222240924835205 243
1745257817186 2.159144878387451 244
1745257819475 2.1364364624023438 245
1745257821778 2.134586811065674 246
1745257824052 2.09279727935791 247
1745257826326 2.1012275218963623 248
1745257828597 2.1115002632141113 249
1745257830884 2.0647332668304443 250
1745257833160 2.150397777557373 251
1745257835447 2.148399829864502 252
1745257837714 2.1406409740448 253
1745257839985 2.1254923343658447 254
1745257842405 2.125272750854492 255
1745257844697 2.149343729019165 256
1745257846975 2.155897617340088 257
1745257849250 2.1112372875213623 258
1745257851626 2.139408588409424 259
1745257854029 2.1257376670837402 260
1745257856337 2.125551700592041 261
1745257858603 2.1142566204071045 262
1745257860882 2.1694552898406982 263
1745257863153 2.211010456085205 264
1745257865561 2.12667179107666 265
1745257867859 2.127906322479248 266
1745257870140 2.119267702102661 267
1745257872418 2.1225035190582275 268
1745257874692 2.1592698097229004 269
1745257876986 2.1663641929626465 270
1745257879272 2.10503888130188 271
1745257881579 2.1117031574249268 272
1745257883852 2.1058459281921387 273
1745257886134 2.0928101539611816 274
1745257888396 2.0916430950164795 275
1745257890825 2.096846580505371 276
1745257893114 2.0688183307647705 277
1745257895374 2.1211578845977783 278
1745257897643 2.181424140930176 279
1745257899921 2.1399364471435547 280
1745257902326 2.132641553878784 281
1745257904588 2.0947744846343994 282
1745257906865 2.126514434814453 283
1745257909134 2.0790114402770996 284
1745257911403 2.091367483139038 285
1745257913783 2.101180076599121 286
1745257916057 2.136786460876465 287
1745257918326 2.114013433456421 288
1745257920627 2.0955915451049805 289
1745257922894 2.1200881004333496 290
1745257925193 2.088599443435669 291
1745257927459 2.095975399017334 292
1745257929727 2.0827715396881104 293
1745257932007 2.126380681991577 294
1745257934270 2.1298747062683105 295
1745257936546 2.124626398086548 296
1745257938897 2.0366969108581543 297
1745257941183 2.124892473220825 298
1745257943447 2.103222608566284 299
1745257945733 2.1424241065979004 300
1745257948009 2.136197090148926 301
1745257950426 2.140960693359375 302
1745257952726 2.0798583030700684 303
1745257954391 2.124523878097534 304
1745258013854 2.0637946128845215 305
1745258016125 2.0402491092681885 306
1745258018395 2.051270008087158 307
1745258020671 2.005720376968384 308
1745258023056 2.0580976009368896 309
1745258025352 2.0460045337677 310
1745258027623 2.0078799724578857 311
1745258029900 2.0020196437835693 312
1745258032168 2.0279762744903564 313
1745258034568 1.9856010675430298 314
1745258036843 2.003119945526123 315
1745258039116 2.006279945373535 316
1745258041405 2.0580413341522217 317
1745258043671 1.964367151260376 318
1745258045942 2.0727880001068115 319
1745258048229 2.067686080932617 320
1745258050519 2.0019454956054688 321
1745258052788 2.0445940494537354 322
1745258055095 2.074575185775757 323
1745258057374 2.0210297107696533 324
1745258059785 2.0098485946655273 325
1745258062055 2.0237629413604736 326
1745258064318 2.0196566581726074 327
1745258066588 2.026299238204956 328
1745258068847 2.051018714904785 329
1745258071229 2.0458245277404785 330
1745258073510 2.054442882537842 331
1745258075776 2.045457601547241 332
1745258078052 2.029078722000122 333
1745258080331 2.0349814891815186 334
1745258082723 2.0338709354400635 335
1745258085028 2.0311717987060547 336
1745258087302 2.0348427295684814 337
1745258089604 2.0080556869506836 338
1745258091912 2.057323932647705 339
1745258094217 2.0780205726623535 340
1745258096500 2.0543053150177 341
1745258098790 2.0339884757995605 342
1745258101073 2.018108367919922 343
1745258103356 2.0303328037261963 344
1745258105663 2.0057356357574463 345
1745258108077 2.0225653648376465 346
1745258110360 2.070826292037964 347
1745258112634 2.019200086593628 348
1745258114914 2.035240411758423 349
1745258117201 2.034635543823242 350
1745258119581 2.0543532371520996 351
1745258121886 2.012996196746826 352
1745258124148 2.051248788833618 353
1745258126411 2.0424280166625977 354
1745258128702 1.9938130378723145 355
1745258131109 2.0308873653411865 356
1745258133445 1.9974499940872192 357
1745258135710 2.0768306255340576 358
1745258138029 2.0903377532958984 359
1745258140317 2.031252384185791 360
1745258142625 2.044232130050659 361
1745258144907 2.0476255416870117 362
1745258147190 2.008641481399536 363
1745258149477 2.069424867630005 364
1745258151183 2.06245756149292 365
1745258210515 2.0187160968780518 366
1745258212803 1.9732102155685425 367
1745258215122 1.9591331481933594 368
1745258217395 1.9693478345870972 369
1745258219672 1.9398292303085327 370
1745258221930 2.016627073287964 371
1745258224220 1.9324159622192383 372
1745258226485 1.9879753589630127 373
1745258228807 1.9889039993286133 374
1745258231107 1.9736552238464355 375
1745258233385 1.9704430103302002 376
1745258235659 1.985230803489685 377
1745258237928 1.9503754377365112 378
1745258240304 1.9583665132522583 379
1745258242607 1.9666521549224854 380
1745258244881 1.9367526769638062 381
1745258247151 1.916224479675293 382
1745258249430 1.998702883720398 383
1745258251825 1.9737216234207153 384
1745258254108 2.000483989715576 385
1745258256397 1.972102403640747 386
1745258258680 1.968119502067566 387
1745258260967 1.9608792066574097 388
1745258263276 1.9867068529129028 389
1745258265569 1.96160888671875 390
1745258267843 2.027789831161499 391
1745258270135 1.999232292175293 392
1745258272405 2.003636121749878 393
1745258274671 2.012296199798584 394
1745258276989 1.9184430837631226 395
1745258279277 1.9554150104522705 396
1745258281560 1.9489421844482422 397
1745258283819 1.9714422225952148 398
1745258286076 1.9457738399505615 399
1745258288383 2.017627716064453 400
1745258290668 1.9349498748779297 401
1745258292943 1.9482412338256836 402
1745258295217 1.9222002029418945 403
1745258297508 1.9971637725830078 404
1745258299907 1.9799689054489136 405
1745258302207 1.9807865619659424 406
1745258304481 2.069763660430908 407
1745258306755 2.027250051498413 408
1745258309026 2.025883436203003 409
1745258311314 2.0026323795318604 410
1745258313619 1.908198595046997 411
1745258315884 1.9761964082717896 412
1745258318146 1.9418593645095825 413
1745258320415 1.9658600091934204 414
1745258322683 1.930568814277649 415
1745258325063 1.9356340169906616 416
1745258327344 1.943969488143921 417
1745258329622 1.9899286031723022 418
1745258331895 2.0174336433410645 419
1745258334198 2.0380539894104004 420
1745258336552 1.9819227457046509 421
1745258338887 1.9707303047180176 422
1745258341162 1.9484097957611084 423
1745258343444 1.9579397439956665 424
1745258345712 1.9826858043670654 425
1745258347387 2.004196882247925 426
1745258406652 1.8971208333969116 427
1745258409001 1.885940432548523 428
1745258411293 1.9382601976394653 429
1745258413577 1.927956461906433 430
1745258415843 1.9397701025009155 431
1745258418111 1.9626251459121704 432
1745258420435 1.9295450448989868 433
1745258422782 1.9641151428222656 434
1745258425098 1.8988827466964722 435
1745258427374 1.9246289730072021 436
1745258429652 1.9148893356323242 437
1745258431926 1.9213839769363403 438
1745258434353 1.9146479368209839 439
1745258436637 1.9808269739151 440
1745258438933 1.8998186588287354 441
1745258441212 1.9018746614456177 442
1745258443492 1.8965110778808594 443
1745258445827 1.9363728761672974 444
1745258448098 1.9445921182632446 445
1745258450373 1.8973345756530762 446
1745258452663 1.907358169555664 447
1745258454942 1.9583936929702759 448
1745258457337 1.9003328084945679 449
1745258459624 1.9064230918884277 450
1745258461900 1.8960870504379272 451
1745258464197 1.8867801427841187 452
1745258466469 1.8851794004440308 453
1745258468805 1.9031131267547607 454
1745258471094 1.9410035610198975 455
1745258473372 1.8909481763839722 456
1745258475638 1.8912513256072998 457
1745258477934 1.880340814590454 458
1745258480211 1.964486837387085 459
1745258482629 1.9121098518371582 460
1745258484919 1.9101250171661377 461
1745258487192 1.9366549253463745 462
1745258489475 1.9201650619506836 463
1745258491738 1.923886775970459 464
1745258494090 1.9022743701934814 465
1745258496363 1.92414391040802 466
1745258498636 1.9316452741622925 467
1745258500905 1.8947007656097412 468
1745258503174 1.9763665199279785 469
1745258505551 1.9496512413024902 470
1745258507854 1.8990931510925293 471
1745258510119 1.9316303730010986 472
1745258512401 1.9270954132080078 473
1745258514675 1.943325161933899 474
1745258517020 1.9624369144439697 475
1745258519288 1.9553554058074951 476
1745258521565 1.9067474603652954 477
1745258523834 1.9377992153167725 478
1745258526114 1.9110965728759766 479
1745258528400 1.9446601867675781 480
1745258530715 1.9849371910095215 481
1745258532995 1.9387555122375488 482
1745258535269 1.875867486000061 483
1745258537545 1.899001121520996 484
1745258539819 1.9004790782928467 485
1745258542162 1.9218926429748535 486
1745258543849 1.9185659885406494 487
1745258603244 1.911300539970398 488
1745258605536 1.8808523416519165 489
1745258607814 1.8937971591949463 490
1745258610087 1.8970975875854492 491
1745258612361 1.840064287185669 492
1745258614699 1.862945318222046 493
1745258616993 1.854474425315857 494
1745258619258 1.8411740064620972 495
1745258621527 1.9128468036651611 496
1745258623802 1.8838497400283813 497
1745258626167 1.870989441871643 498
1745258628475 1.9378070831298828 499
1745258630746 1.8972975015640259 500
1745258633019 1.8600218296051025 501
1745258635305 1.8733031749725342 502
1745258637606 1.8691489696502686 503
1745258640002 1.8614884614944458 504
1745258642293 1.936190128326416 505
1745258644574 1.857296347618103 506
1745258646860 1.8528401851654053 507
1745258649142 1.8190088272094727 508
1745258651538 1.916495680809021 509
1745258653819 1.891449213027954 510
1745258656106 1.897071123123169 511
1745258658382 1.8360021114349365 512
1745258660653 1.815779447555542 513
1745258663065 1.8660576343536377 514
1745258665352 1.9002268314361572 515
1745258667624 1.806599736213684 516
1745258669889 1.900025486946106 517
1745258672152 1.9173539876937866 518
1745258674492 1.867430567741394 519
1745258676816 1.8772860765457153 520
1745258679084 1.8411637544631958 521
1745258681357 1.8957079648971558 522
1745258683622 1.8802878856658936 523
1745258685901 1.846853256225586 524
1745258688313 1.8979384899139404 525
1745258690598 1.9064844846725464 526
1745258692872 1.8105217218399048 527
1745258695182 1.8799396753311157 528
1745258697449 1.8307830095291138 529
1745258699867 1.8775631189346313 530
1745258702158 1.856486439704895 531
1745258704432 1.9100918769836426 532
1745258706841 1.8312441110610962 533
1745258709141 1.8228377103805542 534
1745258711539 1.9042885303497314 535
1745258713842 1.8356382846832275 536
1745258716128 1.8455841541290283 537
1745258718403 1.9054025411605835 538
1745258720692 1.8994495868682861 539
1745258723095 1.8928701877593994 540
1745258725395 1.9065520763397217 541
1745258727673 1.8946834802627563 542
1745258729941 1.8645720481872559 543
1745258732208 1.9374805688858032 544
1745258734535 1.8376110792160034 545
1745258736837 1.8340200185775757 546
1745258739112 1.8957511186599731 547
1745258740784 1.874374270439148 548
1745258800057 1.7868518829345703 549
1745258802364 1.8401577472686768 550
1745258804677 1.862923264503479 551
1745258807084 1.81514573097229 552
1745258809382 1.7807122468948364 553
1745258811661 1.8309862613677979 554
1745258813959 1.8131600618362427 555
1745258816247 1.7849868535995483 556
1745258818505 1.816775918006897 557
1745258820916 1.8147403001785278 558
1745258823215 1.8099356889724731 559
1745258825493 1.804358959197998 560
1745258827764 1.7860478162765503 561
1745258830034 1.8150631189346313 562
1745258832422 1.8399053812026978 563
1745258834715 1.83762788772583 564
1745258836997 1.8015059232711792 565
1745258839274 1.8566290140151978 566
1745258841555 1.8720972537994385 567
1745258843980 1.8810155391693115 568
1745258846261 1.7977347373962402 569
1745258848539 1.8291444778442383 570
1745258850829 1.81208336353302 571
1745258853113 1.824649691581726 572
1745258855502 1.8189777135849 573
1745258857762 1.8240845203399658 574
1745258860025 1.7849074602127075 575
1745258862301 1.8878189325332642 576
1745258864594 1.8048012256622314 577
1745258866863 1.7990708351135254 578
1745258869173 1.8301879167556763 579
1745258871464 1.8152064085006714 580
1745258873739 1.8352044820785522 581
1745258876005 1.821150302886963 582
1745258878272 1.8212838172912598 583
1745258880680 1.8477848768234253 584
1745258883001 1.8697900772094727 585
1745258885285 1.8280073404312134 586
1745258887561 1.8944429159164429 587
1745258889868 1.835183024406433 588
1745258892228 1.8826044797897339 589
1745258894528 1.8427973985671997 590
1745258896813 1.8703304529190063 591
1745258899093 1.82002592086792 592
1745258901388 1.8399741649627686 593
1745258903748 1.8305050134658813 594
1745258906050 1.8483585119247437 595
1745258908350 1.8927985429763794 596
1745258910642 1.7768698930740356 597
1745258912906 1.8179692029953003 598
1745258915174 1.8489675521850586 599
1745258917484 1.8485221862792969 600
1745258919764 1.8033957481384277 601
1745258922055 1.8955750465393066 602
1745258924330 1.8515195846557617 603
1745258926594 1.8406091928482056 604
1745258928979 1.8323352336883545 605
1745258931267 1.8649777173995972 606
1745258933537 1.8518842458724976 607
1745258935817 1.8761540651321411 608
1745258937492 1.8680799007415771 609
