1745976394346 0.0 0
1745976398099 0.00037420482840389013 1
1745976402675 0.000281721877399832 2
1745976406376 0.005809979513287544 3
1745976410092 0.03691531717777252 4
1745976414174 0.04659685865044594 5
1745976418160 0.05272674560546875 6
1745976421830 0.04944438114762306 7
1745976425532 0.04952483996748924 8
1745976430087 0.05223802104592323 9
1745976433812 0.04959272965788841 10
1745976437495 0.04861351102590561 11
1745976442149 0.048842210322618484 12
1745976445881 0.06190638989210129 13
1745976449639 0.060839954763650894 14
1745976453884 0.058834366500377655 15
1745976457792 0.0597730427980423 16
1745976461504 0.059062860906124115 17
1745976465210 0.05990862473845482 18
1745976469605 0.061134081333875656 19
1745976473319 0.05986681208014488 20
1745976477003 0.061227407306432724 21
1745976481608 0.046038687229156494 22
1745976485314 0.052770934998989105 23
1745976489022 0.04650409147143364 24
1745976493346 0.04868283495306969 25
1745976497215 0.05001387372612953 26
1745976500902 0.05634254217147827 27
1745976504680 0.05676727369427681 28
1745976509059 0.062467899173498154 29
1745976512735 0.056322116404771805 30
1745976516449 0.06194320693612099 31
1745976521070 0.06699560582637787 32
1745976524758 0.05785224214196205 33
1745976528469 0.06030017137527466 34
1745976532891 0.06378636509180069 35
1745976536690 0.06218144670128822 36
1745976540372 0.060526687651872635 37
1745976544213 0.05898566544055939 38
1745976548554 0.06247095391154289 39
1745976552243 0.059063468128442764 40
1745976555941 0.05989542230963707 41
1745976560558 0.060645073652267456 42
1745976564280 0.055618830025196075 43
1745976567989 0.059605810791254044 44
1745976572513 0.06269211322069168 45
1745976576271 0.04249541461467743 46
1745976579973 0.04668544977903366 47
1745976584000 0.04893813654780388 48
1745976588067 0.06311912834644318 49
1745976591765 0.06922712177038193 50
1745976595464 0.05898803472518921 51
1745976600018 0.06025476008653641 52
1745976603705 0.05455769971013069 53
1745976607408 0.060588449239730835 54
1745976612027 0.061289750039577484 55
1745976615716 0.058193936944007874 56
1745976619414 0.06386283040046692 57
1745976623502 0.05989156290888786 58
1745976627495 0.062090031802654266 59
1745976631203 0.060057803988456726 60
1745976634895 0.0642259269952774 61
1745976639413 0.060027945786714554 62
1745976643112 0.060828328132629395 63
1745976646800 0.062409836798906326 64
1745976651403 0.058522727340459824 65
1745976655100 0.060127560049295425 66
1745976658792 0.06254909932613373 67
1745976663014 0.061454251408576965 68
1745976666936 0.057370420545339584 69
1745976670641 0.06017904356122017 70
1745976674343 0.06281869858503342 71
1745976678785 0.06139227747917175 72
1745976682469 0.060837578028440475 73
1745976686162 0.06139568239450455 74
1745976690778 0.057042766362428665 75
1745976694489 0.06480622291564941 76
1745976698195 0.061447642743587494 77
1745976702524 0.06154220551252365 78
1745976706384 0.0662589892745018 79
1745976708485 0.05701418220996857 80
1745977195117 0.06105882301926613 81
1745977199284 0.056452229619026184 82
1745977202990 0.05916169285774231 83
1745977206690 0.057446546852588654 84
1745977211297 0.06386467069387436 85
1745977214974 0.05734456330537796 86
1745977218680 0.06051088869571686 87
1745977223279 0.060151852667331696 88
1745977226975 0.06417183578014374 89
1745977230665 0.05474141240119934 90
1745977234696 0.05810556560754776 91
1745977238714 0.06201282888650894 92
1745977242418 0.06140413135290146 93
1745977246171 0.05650170147418976 94
1745977250642 0.056666187942028046 95
1745977254330 0.06008273735642433 96
1745977258032 0.05843621492385864 97
1745977262617 0.059856776148080826 98
1745977266312 0.061099469661712646 99
1745977270022 0.0540059357881546 100
1745977274275 0.06561842560768127 101
1745977278147 0.06218700855970383 102
1745977281847 0.061480551958084106 103
1745977285534 0.06271114945411682 104
1745977289949 0.05803241580724716 105
1745977293666 0.05645352974534035 106
1745977297372 0.0627155676484108 107
1745977301981 0.05679098889231682 108
1745977305678 0.06485792994499207 109
1745977309419 0.060347676277160645 110
1745977313889 0.06407970190048218 111
1745977317771 0.06038853898644447 112
1745977321473 0.06135617569088936 113
1745977325348 0.058987706899642944 114
1745977329642 0.06574725359678268 115
1745977333355 0.060139767825603485 116
1745977337044 0.05724452808499336 117
1745977341641 0.06554809957742691 118
1745977345314 0.05959276109933853 119
1745977349033 0.06072007119655609 120
1745977353583 0.05775664746761322 121
1745977357408 0.06069553643465042 122
1745977361333 0.06205995753407478 123
1745977365597 0.06059640645980835 124
1745977369511 0.06122589483857155 125
1745977373241 0.05682023987174034 126
1745977376949 0.05992254987359047 127
1745977381375 0.05977710336446762 128
1745977385070 0.06272798031568527 129
1745977388843 0.06352563947439194 130
1745977393479 0.061788029968738556 131
1745977397170 0.06490614265203476 132
1745977400879 0.06146010011434555 133
1745977405206 0.06063379347324371 134
1745977409052 0.058479249477386475 135
1745977412758 0.05651138350367546 136
1745977416540 0.06087224557995796 137
1745977420904 0.05567643791437149 138
1745977424613 0.0637921541929245 139
1745977428314 0.05944347381591797 140
1745977432914 0.057804353535175323 141
1745977436618 0.06212853640317917 142
1745977440309 0.06009254604578018 143
1745977444781 0.06052526459097862 144
1745977448575 0.06212262809276581 145
1745977452295 0.0617363341152668 146
1745977456251 0.061888180673122406 147
1745977460439 0.05762357637286186 148
1745977464141 0.06128082424402237 149
1745977467845 0.058387335389852524 150
1745977472449 0.05978456139564514 151
1745977476166 0.0644802674651146 152
1745977479903 0.062233105301856995 153
1745977484512 0.06145939230918884 154
1745977488234 0.06281579285860062 155
1745977491938 0.0560278482735157 156
1745977496041 0.058880001306533813 157
1745977500029 0.06002936512231827 158
1745977503721 0.06266161799430847 159
1745977507445 0.057059433311223984 160
1745977510330 0.060089778155088425 161
