1745976394346 9.155930519104004 0
1745976398099 9.147199630737305 1
1745976402675 9.061503410339355 2
1745976406376 8.914273262023926 3
1745976410092 8.652318954467773 4
1745976414174 8.378813743591309 5
1745976418160 8.053150177001953 6
1745976421830 7.673523902893066 7
1745976425532 7.362504959106445 8
1745976430087 7.089898109436035 9
1745976433812 6.928001880645752 10
1745976437495 6.843100070953369 11
1745976442149 6.8448991775512695 12
1745976445881 6.869165897369385 13
1745976449639 6.916147232055664 14
1745976453884 6.953370571136475 15
1745976457792 6.890454292297363 16
1745976461504 6.871706962585449 17
1745976465210 6.838907241821289 18
1745976469605 6.816991329193115 19
1745976473319 6.733827114105225 20
1745976477003 6.7605438232421875 21
1745976481608 6.776021957397461 22
1745976485314 6.760241985321045 23
1745976489022 6.818359375 24
1745976493346 6.775613784790039 25
1745976497215 6.801445007324219 26
1745976500902 6.769827842712402 27
1745976504680 6.7711944580078125 28
1745976509059 6.778764247894287 29
1745976512735 6.75827693939209 30
1745976516449 6.7706708908081055 31
1745976521070 6.736186504364014 32
1745976524758 6.751888751983643 33
1745976528469 6.727527618408203 34
1745976532891 6.736799240112305 35
1745976536690 6.7607831954956055 36
1745976540372 6.718051433563232 37
1745976544213 6.761054992675781 38
1745976548554 6.691158294677734 39
1745976552243 6.714691162109375 40
1745976555941 6.75274658203125 41
1745976560558 6.72695255279541 42
1745976564280 6.717677116394043 43
1745976567989 6.744000434875488 44
1745976572513 6.726454734802246 45
1745976576271 6.760560035705566 46
1745976579973 6.7327561378479 47
1745976584000 6.703701019287109 48
1745976588067 6.704198837280273 49
1745976591765 6.690064430236816 50
1745976595464 6.752223968505859 51
1745976600018 6.73336124420166 52
1745976603705 6.730528831481934 53
1745976607408 6.777299404144287 54
1745976612027 6.712456226348877 55
1745976615716 6.723911285400391 56
1745976619414 6.725924491882324 57
1745976623502 6.710057258605957 58
1745976627495 6.694283485412598 59
1745976631203 6.702414035797119 60
1745976634895 6.714843273162842 61
1745976639413 6.69462776184082 62
1745976643112 6.724996566772461 63
1745976646800 6.684436798095703 64
1745976651403 6.6859130859375 65
1745976655100 6.710295677185059 66
1745976658792 6.7551422119140625 67
1745976663014 6.732476234436035 68
1745976666936 6.73497200012207 69
1745976670641 6.734001159667969 70
1745976674343 6.731050491333008 71
1745976678785 6.755487442016602 72
1745976682469 6.737162113189697 73
1745976686162 6.721562385559082 74
1745976690778 6.72671365737915 75
1745976694489 6.696318626403809 76
1745976698195 6.67287540435791 77
1745976702524 6.68753719329834 78
1745976706384 6.660147666931152 79
1745976708485 6.71817684173584 80
1745977195117 6.715373516082764 81
1745977199284 6.731708526611328 82
1745977202990 6.707771301269531 83
1745977206690 6.690803050994873 84
1745977211297 6.703240394592285 85
1745977214974 6.704890251159668 86
1745977218680 6.686615467071533 87
1745977223279 6.705262660980225 88
1745977226975 6.690483093261719 89
1745977230665 6.710834980010986 90
1745977234696 6.690299034118652 91
1745977238714 6.7317657470703125 92
1745977242418 6.72691535949707 93
1745977246171 6.703691482543945 94
1745977250642 6.742422580718994 95
1745977254330 6.685802936553955 96
1745977258032 6.733912467956543 97
1745977262617 6.720898628234863 98
1745977266312 6.747542381286621 99
1745977270022 6.841015338897705 100
1745977274275 6.664261817932129 101
1745977278147 6.7182087898254395 102
1745977281847 6.733921527862549 103
1745977285534 6.703089714050293 104
1745977289949 6.722241401672363 105
1745977293666 6.719633102416992 106
1745977297372 6.707324028015137 107
1745977301981 6.713709831237793 108
1745977305678 6.684601783752441 109
1745977309419 6.709632396697998 110
1745977313889 6.675010681152344 111
1745977317771 6.715317249298096 112
1745977321473 6.678709983825684 113
1745977325348 6.721255779266357 114
1745977329642 6.6734209060668945 115
1745977333355 6.694334030151367 116
1745977337044 6.6617207527160645 117
1745977341641 6.714872360229492 118
1745977345314 6.709434986114502 119
1745977349033 6.728464126586914 120
1745977353583 6.68669319152832 121
1745977357408 6.710654258728027 122
1745977361333 6.697713851928711 123
1745977365597 6.661063194274902 124
1745977369511 6.712994575500488 125
1745977373241 6.6958088874816895 126
1745977376949 6.731513977050781 127
1745977381375 6.678409576416016 128
1745977385070 6.709942817687988 129
1745977388843 6.699232578277588 130
1745977393479 6.689173698425293 131
1745977397170 6.7000203132629395 132
1745977400879 6.64412260055542 133
1745977405206 6.668239116668701 134
1745977409052 6.704690456390381 135
1745977412758 6.753570556640625 136
1745977416540 6.698418617248535 137
1745977420904 6.680581092834473 138
1745977424613 6.664622783660889 139
1745977428314 6.720956325531006 140
1745977432914 6.703368186950684 141
1745977436618 6.667861461639404 142
1745977440309 6.666481971740723 143
1745977444781 6.67783784866333 144
1745977448575 6.696688175201416 145
1745977452295 6.717929363250732 146
1745977456251 6.670819282531738 147
1745977460439 6.684268474578857 148
1745977464141 6.672701835632324 149
1745977467845 6.686140060424805 150
1745977472449 6.684840202331543 151
1745977476166 6.7029266357421875 152
1745977479903 6.719566822052002 153
1745977484512 6.685718536376953 154
1745977488234 6.685399055480957 155
1745977491938 6.729844093322754 156
1745977496041 6.68670654296875 157
1745977500029 6.746960163116455 158
1745977503721 6.703207015991211 159
1745977507445 6.725160121917725 160
1745977510330 6.683022499084473 161
