1745976394346 0.0011111111111111111 0
1745976398099 0.0022222222222222222 1
1745976402675 0.003333333333333333 2
1745976406376 0.0044444444444444444 3
1745976410092 0.005555555555555556 4
1745976414174 0.006666666666666666 5
1745976418160 0.007777777777777778 6
1745976421830 0.008888888888888889 7
1745976425532 0.01 8
1745976430087 0.009934640522875817 9
1745976433812 0.009869281045751634 10
1745976437495 0.00980392156862745 11
1745976442149 0.009738562091503268 12
1745976445881 0.009673202614379085 13
1745976449639 0.009607843137254903 14
1745976453884 0.00954248366013072 15
1745976457792 0.009477124183006535 16
1745976461504 0.009411764705882354 17
1745976465210 0.00934640522875817 18
1745976469605 0.009281045751633988 19
1745976473319 0.009215686274509803 20
1745976477003 0.009150326797385621 21
1745976481608 0.009084967320261438 22
1745976485314 0.009019607843137255 23
1745976489022 0.008954248366013072 24
1745976493346 0.008888888888888889 25
1745976497215 0.008823529411764706 26
1745976500902 0.008758169934640523 27
1745976504680 0.00869281045751634 28
1745976509059 0.008627450980392158 29
1745976512735 0.008562091503267973 30
1745976516449 0.00849673202614379 31
1745976521070 0.008431372549019609 32
1745976524758 0.008366013071895426 33
1745976528469 0.008300653594771243 34
1745976532891 0.00823529411764706 35
1745976536690 0.008169934640522876 36
1745976540372 0.008104575163398693 37
1745976544213 0.00803921568627451 38
1745976548554 0.007973856209150327 39
1745976552243 0.007908496732026144 40
1745976555941 0.00784313725490196 41
1745976560558 0.007777777777777778 42
1745976564280 0.007712418300653595 43
1745976567989 0.007647058823529411 44
1745976572513 0.007581699346405229 45
1745976576271 0.007516339869281046 46
1745976579973 0.007450980392156863 47
1745976584000 0.0073856209150326806 48
1745976588067 0.007320261437908497 49
1745976591765 0.0072549019607843135 50
1745976595464 0.007189542483660131 51
1745976600018 0.007124183006535948 52
1745976603705 0.007058823529411765 53
1745976607408 0.006993464052287582 54
1745976612027 0.006928104575163399 55
1745976615716 0.006862745098039216 56
1745976619414 0.006797385620915033 57
1745976623502 0.00673202614379085 58
1745976627495 0.006666666666666666 59
1745976631203 0.006601307189542484 60
1745976634895 0.006535947712418301 61
1745976639413 0.006470588235294118 62
1745976643112 0.006405228758169935 63
1745976646800 0.0063398692810457515 64
1745976651403 0.006274509803921568 65
1745976655100 0.006209150326797386 66
1745976658792 0.006143790849673203 67
1745976663014 0.006078431372549019 68
1745976666936 0.006013071895424837 69
1745976670641 0.005947712418300654 70
1745976674343 0.0058823529411764705 71
1745976678785 0.005816993464052288 72
1745976682469 0.005751633986928104 73
1745976686162 0.005686274509803921 74
1745976690778 0.005620915032679739 75
1745976694489 0.005555555555555556 76
1745976698195 0.0054901960784313735 77
1745976702524 0.0054248366013071895 78
1745976706384 0.005359477124183006 79
1745976708485 0.005294117647058823 80
1745977195117 0.005228758169934641 81
1745977199284 0.005163398692810458 82
1745977202990 0.005098039215686274 83
1745977206690 0.005032679738562092 84
1745977211297 0.0049673202614379085 85
1745977214974 0.004901960784313725 86
1745977218680 0.004836601307189542 87
1745977223279 0.00477124183006536 88
1745977226975 0.004705882352941177 89
1745977230665 0.004640522875816994 90
1745977234696 0.004575163398692811 91
1745977238714 0.0045098039215686276 92
1745977242418 0.0044444444444444444 93
1745977246171 0.004379084967320261 94
1745977250642 0.004313725490196079 95
1745977254330 0.004248366013071895 96
1745977258032 0.004183006535947713 97
1745977262617 0.00411764705882353 98
1745977266312 0.004052287581699347 99
1745977270022 0.0039869281045751635 100
1745977274275 0.00392156862745098 101
1745977278147 0.0038562091503267977 102
1745977281847 0.0037908496732026145 103
1745977285534 0.0037254901960784314 104
1745977289949 0.0036601307189542483 105
1745977293666 0.0035947712418300656 106
1745977297372 0.0035294117647058825 107
1745977301981 0.0034640522875816994 108
1745977305678 0.0033986928104575167 109
1745977309419 0.003333333333333333 110
1745977313889 0.0032679738562091504 111
1745977317771 0.0032026143790849673 112
1745977321473 0.003137254901960784 113
1745977325348 0.0030718954248366015 114
1745977329642 0.0030065359477124184 115
1745977333355 0.0029411764705882353 116
1745977337044 0.002875816993464052 117
1745977341641 0.0028104575163398694 118
1745977345314 0.0027450980392156868 119
1745977349033 0.002679738562091503 120
1745977353583 0.0026143790849673205 121
1745977357408 0.002549019607843137 122
1745977361333 0.0024836601307189543 123
1745977365597 0.002418300653594771 124
1745977369511 0.0023529411764705885 125
1745977373241 0.0022875816993464053 126
1745977376949 0.0022222222222222222 127
1745977381375 0.0021568627450980395 128
1745977385070 0.0020915032679738564 129
1745977388843 0.0020261437908496733 130
1745977393479 0.00196078431372549 131
1745977397170 0.0018954248366013073 132
1745977400879 0.0018300653594771241 133
1745977405206 0.0017647058823529412 134
1745977409052 0.0016993464052287583 135
1745977412758 0.0016339869281045752 136
1745977416540 0.001568627450980392 137
1745977420904 0.0015032679738562092 138
1745977424613 0.001437908496732026 139
1745977428314 0.0013725490196078434 140
1745977432914 0.0013071895424836603 141
1745977436618 0.0012418300653594771 142
1745977440309 0.0011764705882352942 143
1745977444781 0.0011111111111111111 144
1745977448575 0.0010457516339869282 145
1745977452295 0.000980392156862745 146
1745977456251 0.0009150326797385621 147
1745977460439 0.0008496732026143792 148
1745977464141 0.000784313725490196 149
1745977467845 0.000718954248366013 150
1745977472449 0.0006535947712418301 151
1745977476166 0.0005882352941176471 152
1745977479903 0.0005228758169934641 153
1745977484512 0.00045751633986928104 154
1745977488234 0.000392156862745098 155
1745977491938 0.00032679738562091506 156
1745977496041 0.00026143790849673205 157
1745977500029 0.000196078431372549 158
1745977503721 0.00013071895424836603 159
1745977507445 6.535947712418301e-05 160
1745977510330 0.0 161
