1746046354530 2.4443395137786865 0
1746046357242 2.4437296390533447 1
1746046360063 2.440673589706421 2
1746046362960 2.4444923400878906 3
1746046365663 2.4426140785217285 4
1746046368353 2.4424750804901123 5
1746046371260 2.444011688232422 6
1746046373961 2.4435222148895264 7
1746046376648 2.3180103302001953 8
1746046379352 2.3195157051086426 9
1746046382061 2.3172569274902344 10
1746046384872 2.3191208839416504 11
1746046387556 2.1947579383850098 12
1746046390248 2.193819522857666 13
1746046392953 2.201345205307007 14
1746046395915 2.203545093536377 15
1746046398613 2.129730701446533 16
1746046401299 2.1335723400115967 17
1746046403976 2.1287879943847656 18
1746046406703 2.1387104988098145 19
1746046409395 2.0813639163970947 20
1746046412078 2.07755446434021 21
1746046414777 2.0848076343536377 22
1746046417468 2.0746893882751465 23
1746046420343 2.028491735458374 24
1746046423034 2.025460720062256 25
1746046425711 2.0329017639160156 26
1746046428402 2.0279312133789062 27
1746046431094 1.9819865226745605 28
1746046433811 1.9734190702438354 29
1746046436495 1.9716465473175049 30
1746046439207 1.9756505489349365 31
1746046441901 1.9381380081176758 32
1746046444809 1.9307587146759033 33
1746046447507 1.9300271272659302 34
1746046450207 1.9274531602859497 35
1746046452902 1.8885234594345093 36
1746046455602 1.8919081687927246 37
1746046458373 1.8836795091629028 38
1746046461065 1.8867580890655518 39
1746046463758 1.8489673137664795 40
1746046466445 1.8482558727264404 41
1746046469297 1.8566571474075317 42
1746046472005 1.8564471006393433 43
1746046474692 1.822973370552063 44
1746046477381 1.8152656555175781 45
1746046480072 1.8144611120224 46
1746046482897 1.8230596780776978 47
1746046485588 1.7827510833740234 48
1746046488275 1.7947688102722168 49
1746046490969 1.7945997714996338 50
1746046493812 1.779692530632019 51
1746046496503 1.7573330402374268 52
1746046499200 1.7497942447662354 53
1746046501890 1.7544095516204834 54
1746046504583 1.7518569231033325 55
1746046507329 1.7421610355377197 56
1746046510019 1.7246428728103638 57
1746046512724 1.7251834869384766 58
1746046515412 1.7347629070281982 59
1746046518256 1.6987597942352295 60
1746046520948 1.7194557189941406 61
1746046523644 1.7131253480911255 62
1746046526355 1.7187469005584717 63
1746046529051 1.6932651996612549 64
1746046531999 1.7064313888549805 65
1746046534687 1.7069201469421387 66
1746046537390 1.6990143060684204 67
1746046540094 1.6722270250320435 68
1746046542927 1.6869667768478394 69
1746046545633 1.6831170320510864 70
1746046548346 1.679815649986267 71
1746046551033 1.6700221300125122 72
1746046553729 1.679598331451416 73
1746046556649 1.6653285026550293 74
1746046559355 1.6610935926437378 75
1746046562052 1.659773349761963 76
1746046564746 1.6762351989746094 77
1746046567593 1.6504095792770386 78
1746046570295 1.6581192016601562 79
1746046573007 1.6536684036254883 80
1746046575694 1.653939962387085 81
1746046576593 1.6530615091323853 82
1746047410612 1.6674048900604248 83
1746047413512 1.65520441532135 84
1746047416200 1.6502716541290283 85
1746047418904 1.6533514261245728 86
1746047421591 1.6624422073364258 87
1746047424684 1.6511812210083008 88
1746047427384 1.6544171571731567 89
1746047430070 1.6432076692581177 90
1746047432758 1.6451976299285889 91
1746047435547 1.636783242225647 92
1746047438265 1.639075756072998 93
1746047440960 1.6463510990142822 94
1746047443651 1.6324151754379272 95
1746047446347 1.6324310302734375 96
1746047449436 1.6294009685516357 97
1746047452135 1.638627290725708 98
1746047454839 1.6474084854125977 99
1746047457558 1.6317689418792725 100
1746047460394 1.6361596584320068 101
1746047463091 1.6329917907714844 102
1746047465786 1.6407947540283203 103
1746047468491 1.6407148838043213 104
1746047471184 1.6283214092254639 105
1746047474080 1.632731556892395 106
1746047476779 1.6156487464904785 107
1746047479474 1.6298035383224487 108
1746047482174 1.6275994777679443 109
1746047485098 1.6158301830291748 110
1746047487802 1.6298682689666748 111
1746047490499 1.625447154045105 112
1746047493196 1.604240894317627 113
1746047495918 1.624738097190857 114
1746047498805 1.5943411588668823 115
1746047501506 1.6145079135894775 116
1746047504192 1.611505150794983 117
1746047506896 1.6250190734863281 118
1746047509719 1.6023449897766113 119
1746047512427 1.6029140949249268 120
1746047515146 1.5952502489089966 121
1746047517843 1.6155048608779907 122
1746047520549 1.6014457941055298 123
1746047523432 1.5931042432785034 124
1746047526131 1.5986918210983276 125
1746047528837 1.5871403217315674 126
1746047531536 1.6066299676895142 127
1746047534380 1.5944881439208984 128
1746047537093 1.5979989767074585 129
1746047539799 1.591721534729004 130
1746047542496 1.5923880338668823 131
1746047545191 1.584627389907837 132
1746047548068 1.5975797176361084 133
1746047550763 1.5920331478118896 134
1746047553444 1.5900546312332153 135
1746047556137 1.5776578187942505 136
1746047558991 1.5962908267974854 137
1746047561744 1.592084527015686 138
1746047564459 1.5766112804412842 139
1746047567148 1.5821213722229004 140
1746047569844 1.6025444269180298 141
1746047572763 1.5843497514724731 142
1746047575454 1.5624568462371826 143
1746047578158 1.5864489078521729 144
1746047580849 1.5814422369003296 145
1746047583712 1.5866351127624512 146
1746047586411 1.5836098194122314 147
1746047589099 1.5667093992233276 148
1746047591805 1.5793427228927612 149
1746047594522 1.5772309303283691 150
1746047597446 1.5812430381774902 151
1746047600146 1.5804576873779297 152
1746047602824 1.5677777528762817 153
1746047605520 1.5725796222686768 154
1746047608383 1.559691071510315 155
1746047611101 1.5860331058502197 156
1746047613796 1.5896557569503784 157
1746047616509 1.5844780206680298 158
1746047619205 1.5752307176589966 159
1746047622123 1.5634690523147583 160
1746047624841 1.5735909938812256 161
1746047627544 1.575056552886963 162
1746047630230 1.580870270729065 163
1746047633054 1.5648317337036133 164
1746047634087 1.5677499771118164 165
