1746046354530 7.428316894220188e-05 0
1746046357242 0.00016297261754516512 1
1746046360063 7.092198939062655e-05 2
1746046362960 0.0002789011341519654 3
1746046365663 0.0001203079882543534 4
1746046368353 0.0 5
1746046371260 0.0 6
1746046373961 6.411900540115312e-05 7
1746046376648 0.025639021769165993 8
1746046379352 0.026763012632727623 9
1746046382061 0.02408299408853054 10
1746046384872 0.026431718841195107 11
1746046387556 0.05937647819519043 12
1746046390248 0.0597224161028862 13
1746046392953 0.05895664542913437 14
1746046395915 0.05787254124879837 15
1746046398613 0.06690188497304916 16
1746046401299 0.06478367745876312 17
1746046403976 0.06484031677246094 18
1746046406703 0.061178479343652725 19
1746046409395 0.05833544582128525 20
1746046412078 0.06250784546136856 21
1746046414777 0.061900340020656586 22
1746046417468 0.0644950196146965 23
1746046420343 0.06274668872356415 24
1746046423034 0.06095287203788757 25
1746046425711 0.06423456966876984 26
1746046428402 0.0634920671582222 27
1746046431094 0.06347515434026718 28
1746046433811 0.06468906253576279 29
1746046436495 0.0679192990064621 30
1746046439207 0.060176026076078415 31
1746046441901 0.059778518974781036 32
1746046444809 0.059295278042554855 33
1746046447507 0.0676647424697876 34
1746046450207 0.06913183629512787 35
1746046452902 0.06358890980482101 36
1746046455602 0.061117615550756454 37
1746046458373 0.06095168739557266 38
1746046461065 0.06389226764440536 39
1746046463758 0.061352312564849854 40
1746046466445 0.06068364158272743 41
1746046469297 0.06264269351959229 42
1746046472005 0.05877257138490677 43
1746046474692 0.058811530470848083 44
1746046477381 0.06105360388755798 45
1746046480072 0.06521310657262802 46
1746046482897 0.058470431715250015 47
1746046485588 0.06525109708309174 48
1746046488275 0.06016797572374344 49
1746046490969 0.06271710991859436 50
1746046493812 0.06111976131796837 51
1746046496503 0.06382373720407486 52
1746046499200 0.06276371330022812 53
1746046501890 0.06055646389722824 54
1746046504583 0.06366734206676483 55
1746046507329 0.059710822999477386 56
1746046510019 0.06251773983240128 57
1746046512724 0.06935247778892517 58
1746046515412 0.06226145103573799 59
1746046518256 0.06631038337945938 60
1746046520948 0.06146834045648575 61
1746046523644 0.06354216486215591 62
1746046526355 0.06691946089267731 63
1746046529051 0.062245067209005356 64
1746046531999 0.06014237180352211 65
1746046534687 0.06019224226474762 66
1746046537390 0.06099903956055641 67
1746046540094 0.06345392018556595 68
1746046542927 0.06260021030902863 69
1746046545633 0.05906551331281662 70
1746046548346 0.0610220767557621 71
1746046551033 0.06193344667553902 72
1746046553729 0.06487185508012772 73
1746046556649 0.06489547342061996 74
1746046559355 0.06495847553014755 75
1746046562052 0.06674947589635849 76
1746046564746 0.0615435354411602 77
1746046567593 0.06125050410628319 78
1746046570295 0.06472080945968628 79
1746046573007 0.06676270067691803 80
1746046575694 0.06562130153179169 81
1746046576593 0.06378676742315292 82
1746047410612 0.06609690934419632 83
1746047413512 0.05983484536409378 84
1746047416200 0.06632652878761292 85
1746047418904 0.058854203671216965 86
1746047421591 0.06021672859787941 87
1746047424684 0.0642852634191513 88
1746047427384 0.06163357198238373 89
1746047430070 0.05845816433429718 90
1746047432758 0.06642255932092667 91
1746047435547 0.06905775517225266 92
1746047438265 0.06424207240343094 93
1746047440960 0.06219709292054176 94
1746047443651 0.06740546226501465 95
1746047446347 0.06193205714225769 96
1746047449436 0.06612339615821838 97
1746047452135 0.0657210722565651 98
1746047454839 0.06770686060190201 99
1746047457558 0.07313080877065659 100
1746047460394 0.06669972836971283 101
1746047463091 0.06609068810939789 102
1746047465786 0.0727369412779808 103
1746047468491 0.07141073793172836 104
1746047471184 0.0735330805182457 105
1746047474080 0.07201492786407471 106
1746047476779 0.07974740117788315 107
1746047479474 0.08157816529273987 108
1746047482174 0.08717667311429977 109
1746047485098 0.08881866186857224 110
1746047487802 0.0934477299451828 111
1746047490499 0.09128931164741516 112
1746047493196 0.09766358882188797 113
1746047495918 0.09338456392288208 114
1746047498805 0.10106414556503296 115
1746047501506 0.09331243485212326 116
1746047504192 0.09371336549520493 117
1746047506896 0.09570818394422531 118
1746047509719 0.10768162459135056 119
1746047512427 0.10369458049535751 120
1746047515146 0.10223353654146194 121
1746047517843 0.10003437846899033 122
1746047520549 0.1031201109290123 123
1746047523432 0.10766791552305222 124
1746047526131 0.10476355999708176 125
1746047528837 0.11307867616415024 126
1746047531536 0.10761407017707825 127
1746047534380 0.10964111983776093 128
1746047537093 0.10891479253768921 129
1746047539799 0.11079058051109314 130
1746047542496 0.11573634296655655 131
1746047545191 0.11924055218696594 132
1746047548068 0.11669699847698212 133
1746047550763 0.12067894637584686 134
1746047553444 0.1226724162697792 135
1746047556137 0.11875375360250473 136
1746047558991 0.11606071144342422 137
1746047561744 0.11520574986934662 138
1746047564459 0.12440313398838043 139
1746047567148 0.1265692114830017 140
1746047569844 0.11752843111753464 141
1746047572763 0.12070811539888382 142
1746047575454 0.12470745295286179 143
1746047578158 0.12326028943061829 144
1746047580849 0.12714436650276184 145
1746047583712 0.1244986355304718 146
1746047586411 0.12471501529216766 147
1746047589099 0.12850573658943176 148
1746047591805 0.12511634826660156 149
1746047594522 0.1301153600215912 150
1746047597446 0.12319450080394745 151
1746047600146 0.12853431701660156 152
1746047602824 0.1259901225566864 153
1746047605520 0.12573333084583282 154
1746047608383 0.13153009116649628 155
1746047611101 0.12641485035419464 156
1746047613796 0.1275203675031662 157
1746047616509 0.12487316876649857 158
1746047619205 0.12479168176651001 159
1746047622123 0.12565980851650238 160
1746047624841 0.13119086623191833 161
1746047627544 0.12510015070438385 162
1746047630230 0.12242327630519867 163
1746047633054 0.13558846712112427 164
1746047634087 0.1370135098695755 165
