1746046354530 0.0 0
1746046357242 0.0 1
1746046360063 0.0 2
1746046362960 0.0005 3
1746046365663 0.0005 4
1746046368353 0.0005 5
1746046371260 0.0005 6
1746046373961 0.001 7
1746046376648 0.001 8
1746046379352 0.001 9
1746046382061 0.001 10
1746046384872 0.000975 11
1746046387556 0.000975 12
1746046390248 0.000975 13
1746046392953 0.000975 14
1746046395915 0.00095 15
1746046398613 0.00095 16
1746046401299 0.00095 17
1746046403976 0.00095 18
1746046406703 0.000925 19
1746046409395 0.000925 20
1746046412078 0.000925 21
1746046414777 0.000925 22
1746046417468 0.0009000000000000001 23
1746046420343 0.0009000000000000001 24
1746046423034 0.0009000000000000001 25
1746046425711 0.0009000000000000001 26
1746046428402 0.000875 27
1746046431094 0.000875 28
1746046433811 0.000875 29
1746046436495 0.000875 30
1746046439207 0.00085 31
1746046441901 0.00085 32
1746046444809 0.00085 33
1746046447507 0.00085 34
1746046450207 0.000825 35
1746046452902 0.000825 36
1746046455602 0.000825 37
1746046458373 0.000825 38
1746046461065 0.0008 39
1746046463758 0.0008 40
1746046466445 0.0008 41
1746046469297 0.0008 42
1746046472005 0.0007750000000000001 43
1746046474692 0.0007750000000000001 44
1746046477381 0.0007750000000000001 45
1746046480072 0.0007750000000000001 46
1746046482897 0.00075 47
1746046485588 0.00075 48
1746046488275 0.00075 49
1746046490969 0.00075 50
1746046493812 0.000725 51
1746046496503 0.000725 52
1746046499200 0.000725 53
1746046501890 0.000725 54
1746046504583 0.0007 55
1746046507329 0.0007 56
1746046510019 0.0007 57
1746046512724 0.0007 58
1746046515412 0.000675 59
1746046518256 0.000675 60
1746046520948 0.000675 61
1746046523644 0.000675 62
1746046526355 0.0006500000000000001 63
1746046529051 0.0006500000000000001 64
1746046531999 0.0006500000000000001 65
1746046534687 0.0006500000000000001 66
1746046537390 0.000625 67
1746046540094 0.000625 68
1746046542927 0.000625 69
1746046545633 0.000625 70
1746046548346 0.0006 71
1746046551033 0.0006 72
1746046553729 0.0006 73
1746046556649 0.0006 74
1746046559355 0.000575 75
1746046562052 0.000575 76
1746046564746 0.000575 77
1746046567593 0.000575 78
1746046570295 0.00055 79
1746046573007 0.00055 80
1746046575694 0.00055 81
1746046576593 0.0005250000000000001 82
1746047410612 0.0005250000000000001 83
1746047413512 0.0005250000000000001 84
1746047416200 0.0005250000000000001 85
1746047418904 0.0005 86
1746047421591 0.0005 87
1746047424684 0.0005 88
1746047427384 0.0005 89
1746047430070 0.000475 90
1746047432758 0.000475 91
1746047435547 0.000475 92
1746047438265 0.000475 93
1746047440960 0.00045000000000000004 94
1746047443651 0.00045000000000000004 95
1746047446347 0.00045000000000000004 96
1746047449436 0.00045000000000000004 97
1746047452135 0.000425 98
1746047454839 0.000425 99
1746047457558 0.000425 100
1746047460394 0.000425 101
1746047463091 0.0004 102
1746047465786 0.0004 103
1746047468491 0.0004 104
1746047471184 0.0004 105
1746047474080 0.000375 106
1746047476779 0.000375 107
1746047479474 0.000375 108
1746047482174 0.000375 109
1746047485098 0.00035 110
1746047487802 0.00035 111
1746047490499 0.00035 112
1746047493196 0.00035 113
1746047495918 0.00032500000000000004 114
1746047498805 0.00032500000000000004 115
1746047501506 0.00032500000000000004 116
1746047504192 0.00032500000000000004 117
1746047506896 0.0003 118
1746047509719 0.0003 119
1746047512427 0.0003 120
1746047515146 0.0003 121
1746047517843 0.000275 122
1746047520549 0.000275 123
1746047523432 0.000275 124
1746047526131 0.000275 125
1746047528837 0.00025 126
1746047531536 0.00025 127
1746047534380 0.00025 128
1746047537093 0.00025 129
1746047539799 0.00022500000000000002 130
1746047542496 0.00022500000000000002 131
1746047545191 0.00022500000000000002 132
1746047548068 0.00022500000000000002 133
1746047550763 0.0002 134
1746047553444 0.0002 135
1746047556137 0.0002 136
1746047558991 0.0002 137
1746047561744 0.000175 138
1746047564459 0.000175 139
1746047567148 0.000175 140
1746047569844 0.000175 141
1746047572763 0.00015 142
1746047575454 0.00015 143
1746047578158 0.00015 144
1746047580849 0.00015 145
1746047583712 0.000125 146
1746047586411 0.000125 147
1746047589099 0.000125 148
1746047591805 0.000125 149
1746047594522 0.0001 150
1746047597446 0.0001 151
1746047600146 0.0001 152
1746047602824 0.0001 153
1746047605520 7.5e-05 154
1746047608383 7.5e-05 155
1746047611101 7.5e-05 156
1746047613796 7.5e-05 157
1746047616509 5e-05 158
1746047619205 5e-05 159
1746047622123 5e-05 160
1746047624841 5e-05 161
1746047627544 2.5e-05 162
1746047630230 2.5e-05 163
1746047633054 2.5e-05 164
1746047634087 0.0 165
