1745440799520 9.16998291015625 0
1745440802349 8.350951194763184 1
1745440805137 7.223860740661621 2
1745440807970 6.637362957000732 3
1745440811502 6.372801303863525 4
1745440814510 6.4296746253967285 5
1745440817380 6.59082555770874 6
1745440820223 6.508345603942871 7
1745440823171 6.375367641448975 8
1745440826502 6.442008972167969 9
1745440829330 6.369913578033447 10
1745440832181 6.329051971435547 11
1745440835014 6.386501789093018 12
1745440838735 6.388926029205322 13
1745440841563 6.316451549530029 14
1745440844387 6.39520788192749 15
1745440847216 6.3129658699035645 16
1745440850733 6.368112087249756 17
1745440853746 6.302657127380371 18
1745440856542 6.274477958679199 19
1745440859399 6.292187690734863 20
1745440862280 6.297196865081787 21
1745440865698 6.2918314933776855 22
1745440868551 6.253044605255127 23
1745440871377 6.25899600982666 24
1745440874206 6.265688419342041 25
1745440877874 6.303651332855225 26
1745440880692 6.23790979385376 27
1745440883492 6.261370658874512 28
1745440886289 6.236354351043701 29
1745440889686 6.29258918762207 30
1745440892706 6.235787868499756 31
1745440895492 6.1982622146606445 32
1745440898337 6.224551200866699 33
1745440901133 6.245807647705078 34
1745440904671 6.257007598876953 35
1745440907512 6.232642650604248 36
1745440910327 6.208118915557861 37
1745440913137 6.142887592315674 38
1745440916815 6.162050724029541 39
1745440919701 6.1992998123168945 40
1745440922551 6.226352214813232 41
1745440925424 6.219326972961426 42
1745440928840 6.1917243003845215 43
1745440931880 6.137558460235596 44
1745440934703 6.15992546081543 45
1745440937518 6.153815269470215 46
1745440940335 6.106602191925049 47
1745440943822 6.105363368988037 48
1745440946650 6.146280288696289 49
1745440949500 6.102203369140625 50
1745440952322 6.1374430656433105 51
1745440955987 6.074395656585693 52
1745440958834 6.034478187561035 53
1745440961665 6.081746578216553 54
1745440964493 6.081404685974121 55
1745440967951 6.091787338256836 56
1745440972044 6.093708515167236 57
1745440974864 6.129032611846924 58
1745440977682 6.031320571899414 59
1745440980493 6.116269588470459 60
1745440984106 6.125441551208496 61
1745440986995 6.01943826675415 62
1745440989839 6.080721378326416 63
1745440992657 6.057743072509766 64
1745440995874 5.981760025024414 65
1745440998976 5.983665943145752 66
1745441001818 6.1281867027282715 67
1745441004645 6.127353191375732 68
1745441007480 6.04787015914917 69
1745441011144 6.067434787750244 70
1745441013953 6.0408124923706055 71
1745441016762 6.068453788757324 72
1745441019582 6.1029486656188965 73
1745441023185 6.078034400939941 74
1745441026090 6.098936557769775 75
1745441028933 6.002001762390137 76
1745441031756 6.045806884765625 77
1745441034936 6.031243324279785 78
1745441037360 5.969696998596191 79
1745441142729 5.989734172821045 80
1745441145555 6.021906852722168 81
1745441148391 5.9219746589660645 82
1745441151215 5.951282024383545 83
1745441154925 6.011135101318359 84
1745441157744 5.963313579559326 85
1745441160558 6.043352127075195 86
1745441163379 5.983190536499023 87
1745441167309 6.010268211364746 88
1745441170392 6.0426836013793945 89
1745441173548 6.01569128036499 90
1745441176583 5.97969388961792 91
1745441181120 6.025890827178955 92
1745441184087 5.987308025360107 93
1745441187028 5.971450328826904 94
1745441189914 5.933779239654541 95
1745441195759 5.970614910125732 96
1745441198616 5.950564861297607 97
1745441201435 5.929958820343018 98
1745441204251 5.914392948150635 99
1745441207894 5.946293830871582 100
1745441210724 5.972230911254883 101
1745441213606 6.033104419708252 102
1745441216443 5.9322710037231445 103
1745441219856 5.955495834350586 104
1745441222894 5.91499137878418 105
1745441225702 5.907564640045166 106
1745441228510 5.9184184074401855 107
1745441231368 5.848543643951416 108
1745441234878 5.947103977203369 109
1745441237731 5.877387523651123 110
1745441240572 5.949310779571533 111
1745441243373 5.970716953277588 112
1745441247049 5.944444179534912 113
1745441249896 5.948002815246582 114
1745441252916 5.951930522918701 115
1745441255847 5.909913063049316 116
1745441259432 5.903998374938965 117
1745441262410 5.864790439605713 118
1745441265237 5.943177700042725 119
1745441268084 5.90263032913208 120
1745441271092 5.8686957359313965 121
1745441274382 5.8517069816589355 122
1745441277186 5.872554779052734 123
1745441279981 5.9079203605651855 124
1745441282779 5.8598222732543945 125
1745441286699 5.8657755851745605 126
1745441290402 5.792445182800293 127
1745441294174 5.8100457191467285 128
1745441297542 5.872441291809082 129
1745441301196 5.884295463562012 130
1745441305642 5.865586280822754 131
1745441308595 5.873169898986816 132
1745441312702 5.865493297576904 133
1745441315568 5.887658596038818 134
1745441318390 5.818331241607666 135
1745441321419 5.846454620361328 136
1745441326333 5.8843994140625 137
1745441329398 5.919629096984863 138
1745441332226 5.850419521331787 139
1745441335433 5.857933044433594 140
1745441341380 5.766482830047607 141
1745441344185 5.859256744384766 142
1745441347018 5.877815246582031 143
1745441349874 5.747291564941406 144
1745441353541 5.849977970123291 145
1745441356653 5.80426025390625 146
1745441359514 5.80976676940918 147
1745441362801 5.869284629821777 148
1745441366809 5.838296413421631 149
1745441369973 5.829504013061523 150
1745441373016 5.7832722663879395 151
1745441375857 5.840389728546143 152
1745441379785 5.901154041290283 153
1745441382618 5.77264404296875 154
1745441385438 5.842848300933838 155
1745441388255 5.798079967498779 156
1745441391951 5.733031749725342 157
1745441394895 5.800273418426514 158
1745441396897 5.837734699249268 159
