1745440799520 0.00012596044689416885 0
1745440802349 0.07290597259998322 1
1745440805137 0.07326917350292206 2
1745440807970 0.06703842431306839 3
1745440811502 0.07388561218976974 4
1745440814510 0.08312322199344635 5
1745440817380 0.04895271360874176 6
1745440820223 0.03741496428847313 7
1745440823171 0.07740180939435959 8
1745440826502 0.07203361392021179 9
1745440829330 0.06934858113527298 10
1745440832181 0.06909258663654327 11
1745440835014 0.06934306770563126 12
1745440838735 0.06955426186323166 13
1745440841563 0.07066405564546585 14
1745440844387 0.0710047036409378 15
1745440847216 0.07198033481836319 16
1745440850733 0.07938424497842789 17
1745440853746 0.0802500993013382 18
1745440856542 0.07462026178836823 19
1745440859399 0.07201523333787918 20
1745440862280 0.07303248345851898 21
1745440865698 0.07279746234416962 22
1745440868551 0.0686325877904892 23
1745440871377 0.07274771481752396 24
1745440874206 0.07129363715648651 25
1745440877874 0.06874405592679977 26
1745440880692 0.06642761081457138 27
1745440883492 0.07286382466554642 28
1745440886289 0.07554702460765839 29
1745440889686 0.06774425506591797 30
1745440892706 0.0674191564321518 31
1745440895492 0.07715485990047455 32
1745440898337 0.06911928951740265 33
1745440901133 0.08241090178489685 34
1745440904671 0.0744345635175705 35
1745440907512 0.07786095887422562 36
1745440910327 0.07618369162082672 37
1745440913137 0.08346744626760483 38
1745440916815 0.08205818384885788 39
1745440919701 0.07951342314481735 40
1745440922551 0.0761534571647644 41
1745440925424 0.07844280451536179 42
1745440928840 0.07615186274051666 43
1745440931880 0.07626068592071533 44
1745440934703 0.0810946673154831 45
1745440937518 0.08095962554216385 46
1745440940335 0.08137247711420059 47
1745440943822 0.08279772847890854 48
1745440946650 0.08052846789360046 49
1745440949500 0.08376320451498032 50
1745440952322 0.0825963094830513 51
1745440955987 0.08858630061149597 52
1745440958834 0.08359362185001373 53
1745440961665 0.0820462703704834 54
1745440964493 0.0833333358168602 55
1745440967951 0.0878954604268074 56
1745440972044 0.08541510999202728 57
1745440974864 0.07958683371543884 58
1745440977682 0.08322653919458389 59
1745440980493 0.08063823729753494 60
1745440984106 0.0797639861702919 61
1745440986995 0.08268097788095474 62
1745440989839 0.08052892982959747 63
1745440992657 0.08176352828741074 64
1745440995874 0.08380843698978424 65
1745440998976 0.0856965035200119 66
1745441001818 0.077719546854496 67
1745441004645 0.07687348127365112 68
1745441007480 0.08005427569150925 69
1745441011144 0.07489846646785736 70
1745441013953 0.08704567700624466 71
1745441016762 0.08035594969987869 72
1745441019582 0.0748419314622879 73
1745441023185 0.08203007280826569 74
1745441026090 0.07703766971826553 75
1745441028933 0.0829305499792099 76
1745441031756 0.07991727441549301 77
1745441034936 0.08265354484319687 78
1745441037360 0.0820305347442627 79
1745441142729 0.08829621970653534 80
1745441145555 0.07754574716091156 81
1745441148391 0.08426621556282043 82
1745441151215 0.08329274505376816 83
1745441154925 0.07988356798887253 84
1745441157744 0.08494465053081512 85
1745441160558 0.08755192905664444 86
1745441163379 0.08709226548671722 87
1745441167309 0.08426553010940552 88
1745441170392 0.0842537060379982 89
1745441173548 0.08723556250333786 90
1745441176583 0.09044340997934341 91
1745441181120 0.08901964128017426 92
1745441184087 0.08911579102277756 93
1745441187028 0.08660976588726044 94
1745441189914 0.08624916523694992 95
1745441195759 0.09589041024446487 96
1745441198616 0.08931383490562439 97
1745441201435 0.09354332834482193 98
1745441204251 0.09344235062599182 99
1745441207894 0.08724044263362885 100
1745441210724 0.08798816800117493 101
1745441213606 0.09433449059724808 102
1745441216443 0.10119934380054474 103
1745441219856 0.09893609583377838 104
1745441222894 0.09339665621519089 105
1745441225702 0.09819679707288742 106
1745441228510 0.09388299286365509 107
1745441231368 0.09739204496145248 108
1745441234878 0.09499060362577438 109
1745441237731 0.09821821749210358 110
1745441240572 0.10112704336643219 111
1745441243373 0.0994340032339096 112
1745441247049 0.0995902493596077 113
1745441249896 0.10101304203271866 114
1745441252916 0.10062766820192337 115
1745441255847 0.09902095794677734 116
1745441259432 0.09857244789600372 117
1745441262410 0.10242689400911331 118
1745441265237 0.09863629192113876 119
1745441268084 0.1010880321264267 120
1745441271092 0.10289172828197479 121
1745441274382 0.10351669043302536 122
1745441277186 0.10239989310503006 123
1745441279981 0.10810811072587967 124
1745441282779 0.10784243047237396 125
1745441286699 0.09955223649740219 126
1745441290402 0.11119180172681808 127
1745441294174 0.10972712188959122 128
1745441297542 0.11149057000875473 129
1745441301196 0.10312294214963913 130
1745441305642 0.1023007407784462 131
1745441308595 0.09696116298437119 132
1745441312702 0.11074869334697723 133
1745441315568 0.10430662333965302 134
1745441318390 0.11488288640975952 135
1745441321419 0.11272217333316803 136
1745441326333 0.09641803801059723 137
1745441329398 0.10419701784849167 138
1745441332226 0.10511597245931625 139
1745441335433 0.09671632200479507 140
1745441341380 0.10612082481384277 141
1745441344185 0.10513986647129059 142
1745441347018 0.1012834683060646 143
1745441349874 0.11253543198108673 144
1745441353541 0.10177332162857056 145
1745441356653 0.10215016454458237 146
1745441359514 0.10811536014080048 147
1745441362801 0.09858805686235428 148
1745441366809 0.11245965212583542 149
1745441369973 0.11607078462839127 150
1745441373016 0.10747303813695908 151
1745441375857 0.1094299778342247 152
1745441379785 0.1035412922501564 153
1745441382618 0.10724683105945587 154
1745441385438 0.1071910560131073 155
1745441388255 0.11504243314266205 156
1745441391951 0.11558389663696289 157
1745441394895 0.11531830579042435 158
1745441396897 0.10914210230112076 159
