1746051988985 2.4466798305511475 0
1746051991672 2.4463794231414795 1
1746051994376 2.445242166519165 2
1746051997444 2.4462268352508545 3
1746052000166 2.445297956466675 4
1746052002860 2.4445507526397705 5
1746052005552 2.4449098110198975 6
1746052008320 2.4442524909973145 7
1746052011024 2.2134079933166504 8
1746052013723 2.2108755111694336 9
1746052016411 2.2043027877807617 10
1746052019113 2.2185208797454834 11
1746052022160 1.8247483968734741 12
1746052024865 1.8177732229232788 13
1746052027561 1.8244121074676514 14
1746052030251 1.8334462642669678 15
1746052033123 1.7169315814971924 16
1746052035831 1.7109020948410034 17
1746052038520 1.7194288969039917 18
1746052041223 1.7111647129058838 19
1746052043903 1.7304737567901611 20
1746052046833 1.7406253814697266 21
1746052049515 1.7387516498565674 22
1746052052206 1.7503576278686523 23
1746052054897 1.786328911781311 24
1746052057774 1.7591993808746338 25
1746052060492 1.7818657159805298 26
1746052063200 1.7825627326965332 27
1746052065889 1.7645825147628784 28
1746052068573 1.7534459829330444 29
1746052071534 1.7488491535186768 30
1746052074239 1.7533916234970093 31
1746052076932 1.711923360824585 32
1746052079623 1.6964918375015259 33
1746052082453 1.7392369508743286 34
1746052085168 1.711864948272705 35
1746052087868 1.7208675146102905 36
1746052090573 1.7203353643417358 37
1746052093265 1.7102388143539429 38
1746052096168 1.712913990020752 39
1746052098863 1.7083733081817627 40
1746052101566 1.7172373533248901 41
1746052104270 1.7047204971313477 42
1746052107108 1.7127735614776611 43
1746052109824 1.696274995803833 44
1746052112522 1.70066499710083 45
1746052115217 1.7093749046325684 46
1746052117918 1.6840996742248535 47
1746052120893 1.6907018423080444 48
1746052123596 1.676723837852478 49
1746052126287 1.6961420774459839 50
1746052129003 1.6815805435180664 51
1746052132079 1.6872583627700806 52
1746052134798 1.679319143295288 53
1746052137498 1.682176947593689 54
1746052140198 1.6780630350112915 55
1746052143029 1.7036585807800293 56
1746052145720 1.6775516271591187 57
1746052148426 1.6732956171035767 58
1746052151134 1.67365300655365 59
1746052153831 1.682054877281189 60
1746052156714 1.6760402917861938 61
1746052159412 1.6762906312942505 62
1746052162116 1.6857470273971558 63
1746052164809 1.6803117990493774 64
1746052167720 1.6849391460418701 65
1746052170432 1.6845667362213135 66
1746052173129 1.6691986322402954 67
1746052175824 1.6768290996551514 68
1746052178528 1.6921825408935547 69
1746052181319 1.6814202070236206 70
1746052184017 1.671311378479004 71
1746052186709 1.6731202602386475 72
1746052189406 1.6719318628311157 73
1746052192252 1.6744279861450195 74
1746052194962 1.670951008796692 75
1746052197666 1.6819202899932861 76
1746052200385 1.6789849996566772 77
1746052203084 1.6678998470306396 78
1746052205859 1.6651248931884766 79
1746052208571 1.6565475463867188 80
1746052211269 1.6800096035003662 81
1746052212168 1.6652286052703857 82
1746053033242 1.6773507595062256 83
1746053035921 1.6708390712738037 84
1746053038693 1.6523003578186035 85
1746053041398 1.659775972366333 86
1746053044083 1.666238784790039 87
1746053046768 1.6530711650848389 88
1746053049468 1.6572915315628052 89
1746053052412 1.6752963066101074 90
1746053055089 1.6527955532073975 91
1746053057776 1.6619230508804321 92
1746053060463 1.655501365661621 93
1746053063309 1.6499725580215454 94
1746053066010 1.653394341468811 95
1746053068712 1.6729979515075684 96
1746053071401 1.6698119640350342 97
1746053074093 1.6643807888031006 98
1746053076942 1.6481797695159912 99
1746053079640 1.6573407649993896 100
1746053082333 1.662726879119873 101
1746053085026 1.6691032648086548 102
1746053087855 1.6482162475585938 103
1746053090542 1.6573277711868286 104
1746053093225 1.6738736629486084 105
1746053095919 1.6617522239685059 106
1746053098609 1.6604329347610474 107
1746053101426 1.6674517393112183 108
1746053104116 1.6579941511154175 109
1746053106806 1.6595743894577026 110
1746053109497 1.6589627265930176 111
1746053112418 1.6532119512557983 112
1746053115123 1.657663106918335 113
1746053117841 1.6500436067581177 114
1746053120570 1.6529475450515747 115
1746053123267 1.6619609594345093 116
1746053126037 1.6659451723098755 117
1746053128750 1.6667793989181519 118
1746053131437 1.6487418413162231 119
1746053134124 1.6511074304580688 120
1746053136948 1.6648263931274414 121
1746053139642 1.6731047630310059 122
1746053142345 1.6584291458129883 123
1746053145037 1.652280330657959 124
1746053147726 1.6552860736846924 125
1746053150456 1.6523079872131348 126
1746053153153 1.6579339504241943 127
1746053155860 1.6571334600448608 128
1746053158555 1.653421401977539 129
1746053161605 1.650683879852295 130
1746053164317 1.644284725189209 131
1746053167011 1.6411834955215454 132
1746053169704 1.6463814973831177 133
1746053172504 1.6509391069412231 134
1746053175223 1.669722557067871 135
1746053177920 1.6681325435638428 136
1746053180616 1.660963773727417 137
