1746051988985 0.00011683607590384781 0
1746051991672 0.0001417133171344176 1
1746051994376 0.0001285099278902635 2
1746051997444 6.260956433834508e-05 3
1746052000166 6.862005102448165e-05 4
1746052002860 0.00011168193304911256 5
1746052005552 0.00022351363440975547 6
1746052008320 7.334067049669102e-05 7
1746052011024 0.058725692331790924 8
1746052013723 0.06574376672506332 9
1746052016411 0.06562164425849915 10
1746052019113 0.05509897693991661 11
1746052022160 0.06020043045282364 12
1746052024865 0.06892632693052292 13
1746052027561 0.06034232676029205 14
1746052030251 0.05876096710562706 15
1746052033123 0.06087334454059601 16
1746052035831 0.060983940958976746 17
1746052038520 0.06163287162780762 18
1746052041223 0.05869467183947563 19
1746052043903 0.04672897234559059 20
1746052046833 0.048808757215738297 21
1746052049515 0.04464227333664894 22
1746052052206 0.043287493288517 23
1746052054897 0.032589443027973175 24
1746052057774 0.031084153801202774 25
1746052060492 0.028790641576051712 26
1746052063200 0.030612245202064514 27
1746052065889 0.057993728667497635 28
1746052068573 0.056005895137786865 29
1746052071534 0.05849895998835564 30
1746052074239 0.05624312534928322 31
1746052076932 0.06180097535252571 32
1746052079623 0.06103910505771637 33
1746052082453 0.06078525632619858 34
1746052085168 0.06275513768196106 35
1746052087868 0.058779530227184296 36
1746052090573 0.06044364348053932 37
1746052093265 0.06080162897706032 38
1746052096168 0.06057581678032875 39
1746052098863 0.05854213982820511 40
1746052101566 0.059065934270620346 41
1746052104270 0.055889759212732315 42
1746052107108 0.0584850013256073 43
1746052109824 0.05830935388803482 44
1746052112522 0.056059736758470535 45
1746052115217 0.05608899146318436 46
1746052117918 0.059029579162597656 47
1746052120893 0.05669567361474037 48
1746052123596 0.05548405647277832 49
1746052126287 0.05801089107990265 50
1746052129003 0.060570601373910904 51
1746052132079 0.06103316321969032 52
1746052134798 0.06157217547297478 53
1746052137498 0.06265933066606522 54
1746052140198 0.058930445462465286 55
1746052143029 0.04809572175145149 56
1746052145720 0.05504189431667328 57
1746052148426 0.05036348104476929 58
1746052151134 0.05392945930361748 59
1746052153831 0.049174487590789795 60
1746052156714 0.05046290159225464 61
1746052159412 0.04784994199872017 62
1746052162116 0.04401659220457077 63
1746052164809 0.04517720267176628 64
1746052167720 0.04556145519018173 65
1746052170432 0.042896296828985214 66
1746052173129 0.046737559139728546 67
1746052175824 0.04719940200448036 68
1746052178528 0.047218628227710724 69
1746052181319 0.051851850003004074 70
1746052184017 0.04630528390407562 71
1746052186709 0.062947578728199 72
1746052189406 0.05774981155991554 73
1746052192252 0.0637916773557663 74
1746052194962 0.05589437857270241 75
1746052197666 0.05809859186410904 76
1746052200385 0.05678284913301468 77
1746052203084 0.0628248080611229 78
1746052205859 0.06554868817329407 79
1746052208571 0.058603931218385696 80
1746052211269 0.06033974140882492 81
1746052212168 0.05526136979460716 82
1746053033242 0.05597198009490967 83
1746053035921 0.061086513102054596 84
1746053038693 0.0608624629676342 85
1746053041398 0.062015000730752945 86
1746053044083 0.059117455035448074 87
1746053046768 0.05840183049440384 88
1746053049468 0.059289876371622086 89
1746053052412 0.05375278741121292 90
1746053055089 0.05632064491510391 91
1746053057776 0.05689246580004692 92
1746053060463 0.06041038781404495 93
1746053063309 0.056954436004161835 94
1746053066010 0.05563638359308243 95
1746053068712 0.05115189403295517 96
1746053071401 0.05274754762649536 97
1746053074093 0.05239367112517357 98
1746053076942 0.05732263997197151 99
1746053079640 0.05428791418671608 100
1746053082333 0.053699638694524765 101
1746053085026 0.05119403079152107 102
1746053087855 0.057853199541568756 103
1746053090542 0.06083834171295166 104
1746053093225 0.055763665586709976 105
1746053095919 0.057473208755254745 106
1746053098609 0.06100834161043167 107
1746053101426 0.05977916717529297 108
1746053104116 0.06327225267887115 109
1746053106806 0.06314845383167267 110
1746053109497 0.06489184498786926 111
1746053112418 0.060106754302978516 112
1746053115123 0.06263452768325806 113
1746053117841 0.05987667664885521 114
1746053120570 0.06293465197086334 115
1746053123267 0.05853595957159996 116
1746053126037 0.06050955504179001 117
1746053128750 0.0638960674405098 118
1746053131437 0.06644749641418457 119
1746053134124 0.06208829581737518 120
1746053136948 0.059771616011857986 121
1746053139642 0.05572597309947014 122
1746053142345 0.06265347450971603 123
1746053145037 0.06373249739408493 124
1746053147726 0.05920886993408203 125
1746053150456 0.05888160318136215 126
1746053153153 0.06084396317601204 127
1746053155860 0.06223628669977188 128
1746053158555 0.06449993699789047 129
1746053161605 0.06617553532123566 130
1746053164317 0.06418018788099289 131
1746053167011 0.06040464714169502 132
1746053169704 0.06268738210201263 133
1746053172504 0.058854781091213226 134
1746053175223 0.05930498614907265 135
1746053177920 0.05683938413858414 136
1746053180616 0.0582774318754673 137
