1746051988985 0.0 0
1746051991672 0.0 1
1746051994376 0.0 2
1746051997444 0.005 3
1746052000166 0.005 4
1746052002860 0.005 5
1746052005552 0.005 6
1746052008320 0.01 7
1746052011024 0.01 8
1746052013723 0.01 9
1746052016411 0.01 10
1746052019113 0.00975 11
1746052022160 0.00975 12
1746052024865 0.00975 13
1746052027561 0.00975 14
1746052030251 0.0095 15
1746052033123 0.0095 16
1746052035831 0.0095 17
1746052038520 0.0095 18
1746052041223 0.009250000000000001 19
1746052043903 0.009250000000000001 20
1746052046833 0.009250000000000001 21
1746052049515 0.009250000000000001 22
1746052052206 0.009000000000000001 23
1746052054897 0.009000000000000001 24
1746052057774 0.009000000000000001 25
1746052060492 0.009000000000000001 26
1746052063200 0.00875 27
1746052065889 0.00875 28
1746052068573 0.00875 29
1746052071534 0.00875 30
1746052074239 0.0085 31
1746052076932 0.0085 32
1746052079623 0.0085 33
1746052082453 0.0085 34
1746052085168 0.00825 35
1746052087868 0.00825 36
1746052090573 0.00825 37
1746052093265 0.00825 38
1746052096168 0.008 39
1746052098863 0.008 40
1746052101566 0.008 41
1746052104270 0.008 42
1746052107108 0.007750000000000001 43
1746052109824 0.007750000000000001 44
1746052112522 0.007750000000000001 45
1746052115217 0.007750000000000001 46
1746052117918 0.0075 47
1746052120893 0.0075 48
1746052123596 0.0075 49
1746052126287 0.0075 50
1746052129003 0.0072499999999999995 51
1746052132079 0.0072499999999999995 52
1746052134798 0.0072499999999999995 53
1746052137498 0.0072499999999999995 54
1746052140198 0.006999999999999999 55
1746052143029 0.006999999999999999 56
1746052145720 0.006999999999999999 57
1746052148426 0.006999999999999999 58
1746052151134 0.006750000000000001 59
1746052153831 0.006750000000000001 60
1746052156714 0.006750000000000001 61
1746052159412 0.006750000000000001 62
1746052162116 0.006500000000000001 63
1746052164809 0.006500000000000001 64
1746052167720 0.006500000000000001 65
1746052170432 0.006500000000000001 66
1746052173129 0.00625 67
1746052175824 0.00625 68
1746052178528 0.00625 69
1746052181319 0.00625 70
1746052184017 0.006 71
1746052186709 0.006 72
1746052189406 0.006 73
1746052192252 0.006 74
1746052194962 0.00575 75
1746052197666 0.00575 76
1746052200385 0.00575 77
1746052203084 0.00575 78
1746052205859 0.0055000000000000005 79
1746052208571 0.0055000000000000005 80
1746052211269 0.0055000000000000005 81
1746052212168 0.00525 82
1746053033242 0.00525 83
1746053035921 0.00525 84
1746053038693 0.00525 85
1746053041398 0.005 86
1746053044083 0.005 87
1746053046768 0.005 88
1746053049468 0.005 89
1746053052412 0.00475 90
1746053055089 0.00475 91
1746053057776 0.00475 92
1746053060463 0.00475 93
1746053063309 0.0045000000000000005 94
1746053066010 0.0045000000000000005 95
1746053068712 0.0045000000000000005 96
1746053071401 0.0045000000000000005 97
1746053074093 0.00425 98
1746053076942 0.00425 99
1746053079640 0.00425 100
1746053082333 0.00425 101
1746053085026 0.004 102
1746053087855 0.004 103
1746053090542 0.004 104
1746053093225 0.004 105
1746053095919 0.00375 106
1746053098609 0.00375 107
1746053101426 0.00375 108
1746053104116 0.00375 109
1746053106806 0.0034999999999999996 110
1746053109497 0.0034999999999999996 111
1746053112418 0.0034999999999999996 112
1746053115123 0.0034999999999999996 113
1746053117841 0.0032500000000000003 114
1746053120570 0.0032500000000000003 115
1746053123267 0.0032500000000000003 116
1746053126037 0.0032500000000000003 117
1746053128750 0.003 118
1746053131437 0.003 119
1746053134124 0.003 120
1746053136948 0.003 121
1746053139642 0.0027500000000000003 122
1746053142345 0.0027500000000000003 123
1746053145037 0.0027500000000000003 124
1746053147726 0.0027500000000000003 125
1746053150456 0.0025 126
1746053153153 0.0025 127
1746053155860 0.0025 128
1746053158555 0.0025 129
1746053161605 0.0022500000000000003 130
1746053164317 0.0022500000000000003 131
1746053167011 0.0022500000000000003 132
1746053169704 0.0022500000000000003 133
1746053172504 0.002 134
1746053175223 0.002 135
1746053177920 0.002 136
1746053180616 0.002 137
