1745936659463 9.198129653930664 0
1745936663744 9.192166328430176 1
1745936669048 9.185723304748535 2
1745936673297 9.187833786010742 3
1745936677525 9.180164337158203 4
1745936682714 9.175630569458008 5
1745936686941 9.157844543457031 6
1745936691181 9.126922607421875 7
1745936696379 9.120979309082031 8
1745936700690 9.111136436462402 9
1745936704945 9.080316543579102 10
1745936710147 9.046913146972656 11
1745936714419 9.029603958129883 12
1745936718705 8.993487358093262 13
1745936723701 8.961618423461914 14
1745936727967 8.929402351379395 15
1745936732286 8.887743949890137 16
1745936737207 8.849645614624023 17
1745936741417 8.822932243347168 18
1745936745730 8.769536972045898 19
1745936750615 8.729545593261719 20
1745936754827 8.683511734008789 21
1745936759201 8.647859573364258 22
1745936764036 8.618958473205566 23
1745936768257 8.56462574005127 24
1745936772641 8.504868507385254 25
1745936777371 8.501334190368652 26
1745936781536 8.463286399841309 27
1745936785862 8.403919219970703 28
1745936790634 8.355939865112305 29
1745936794833 8.37047290802002 30
1745936799242 8.31093978881836 31
1745936803957 8.279624938964844 32
1745936808191 8.219987869262695 33
1745936812667 8.182861328125 34
1745936817309 8.175148010253906 35
1745936821529 8.125944137573242 36
1745936826037 8.110244750976562 37
1745936830689 8.05181884765625 38
1745936834925 8.032479286193848 39
1745936839473 8.030343055725098 40
1745936844074 7.987550258636475 41
1745936848331 7.975903034210205 42
1745936852995 7.932149887084961 43
1745936857512 7.8904643058776855 44
1745936861715 7.8679704666137695 45
1745936866346 7.8472185134887695 46
1745936870839 7.83966064453125 47
1745936875047 7.7701215744018555 48
1745936879744 7.7728071212768555 49
1745936884209 7.740771770477295 50
1745936888470 7.7351884841918945 51
1745936893213 7.668064594268799 52
1745936897632 7.638579845428467 53
1745936901835 7.6023736000061035 54
1745936906492 7.58768892288208 55
1745936910931 7.537993431091309 56
1745936915184 7.505951404571533 57
1745936919912 7.490445137023926 58
1745936924340 7.416712284088135 59
1745936928596 7.419018745422363 60
1745936933457 7.359987258911133 61
1745936937839 7.371952056884766 62
1745936942113 7.330161094665527 63
1745936946976 7.250004291534424 64
1745936951321 7.2532806396484375 65
1745936955508 7.2409515380859375 66
1745936960393 7.228254318237305 67
1745936964690 7.136308193206787 68
1745936968886 7.067736625671387 69
1745936973794 7.076857566833496 70
1745936978135 7.1025238037109375 71
1745936982339 7.048232555389404 72
1745936987250 7.0125203132629395 73
1745936991591 7.0103960037231445 74
1745936995797 6.995996475219727 75
1745937000806 6.957084655761719 76
1745937005104 6.927993297576904 77
1745937009346 6.919333457946777 78
1745937014391 6.8767571449279785 79
1745937016853 6.815472602844238 80
1745938287974 6.828852653503418 81
1745938292159 6.821105003356934 82
1745938297294 6.748996734619141 83
1745938301488 6.800576686859131 84
1745938305732 6.80116081237793 85
1745938310808 6.801290512084961 86
1745938314997 6.788725852966309 87
1745938319215 6.750751972198486 88
1745938324249 6.758141040802002 89
1745938328445 6.71769905090332 90
1745938332660 6.716455459594727 91
1745938337618 6.667843341827393 92
1745938341821 6.698962688446045 93
1745938346018 6.638146877288818 94
1745938350947 6.645674705505371 95
1745938355148 6.655126571655273 96
1745938359322 6.599038600921631 97
1745938364265 6.573208808898926 98
1745938368463 6.552167892456055 99
1745938372684 6.541286945343018 100
1745938377570 6.505668640136719 101
1745938381753 6.54664421081543 102
1745938385964 6.492706298828125 103
1745938390844 6.529366493225098 104
1745938395061 6.568065643310547 105
1745938399362 6.490334510803223 106
1745938404138 6.500929832458496 107
1745938408304 6.435774803161621 108
1745938412527 6.430496692657471 109
1745938417274 6.404208183288574 110
1745938421441 6.417484760284424 111
1745938425762 6.385491371154785 112
1745938430558 6.265242576599121 113
1745938434723 6.436408042907715 114
1745938438985 6.320921421051025 115
1745938443810 6.341754913330078 116
1745938447991 6.357564926147461 117
1745938452281 6.31940221786499 118
1745938457094 6.331383228302002 119
1745938461256 6.277911186218262 120
1745938465529 6.241971015930176 121
1745938470291 6.2872114181518555 122
1745938474494 6.282397270202637 123
1745938478810 6.289430618286133 124
1745938483554 6.278014659881592 125
1745938487728 6.256925106048584 126
1745938492038 6.258492469787598 127
1745938496773 6.2411627769470215 128
1745938500977 6.206938743591309 129
1745938505351 6.255300045013428 130
1745938510066 6.2004594802856445 131
1745938514238 6.261239528656006 132
1745938518606 6.218084812164307 133
1745938523306 6.210783958435059 134
1745938527475 6.218559741973877 135
1745938531852 6.199838638305664 136
1745938536531 6.23186731338501 137
1745938540735 6.22763729095459 138
1745938545160 6.217235088348389 139
1745938549781 6.126835823059082 140
1745938553951 6.13922119140625 141
1745938558382 6.21844482421875 142
1745938563003 6.144925117492676 143
1745938567173 6.126386642456055 144
1745938571711 6.1824445724487305 145
1745938576290 6.138943672180176 146
1745938580472 6.266952991485596 147
1745938585006 6.196337699890137 148
1745938589486 6.218160152435303 149
1745938593668 6.1606292724609375 150
1745938598200 6.204395294189453 151
1745938602685 6.163008213043213 152
1745938606883 6.152331352233887 153
1745938611406 6.138973236083984 154
1745938615900 6.165737152099609 155
1745938620088 6.170600414276123 156
1745938624674 6.187280654907227 157
1745938629122 6.156024932861328 158
1745938633298 6.138221740722656 159
1745938637949 6.1605424880981445 160
1745938640676 6.114599704742432 161
