1745936659463 0.0 0
1745936663744 6.198474875418469e-05 1
1745936669048 0.00018223788356408477 2
1745936673297 0.0 3
1745936677525 0.00012891582446172833 4
1745936682714 7.602828554809093e-05 5
1745936686941 0.00017785155796445906 6
1745936691181 0.00027199042961001396 7
1745936696379 0.00011127803009003401 8
1745936700690 0.00012343392882030457 9
1745936704945 6.818027031840757e-05 10
1745936710147 0.0001883475633803755 11
1745936714419 0.0004534890176728368 12
1745936718705 0.0003905232879333198 13
1745936723701 0.0004222081624902785 14
1745936727967 0.0012252291198819876 15
1745936732286 0.0024917551781982183 16
1745936737207 0.005200020503252745 17
1745936741417 0.01109285093843937 18
1745936745730 0.02248692698776722 19
1745936750615 0.030826222151517868 20
1745936754827 0.04103566333651543 21
1745936759201 0.05262572318315506 22
1745936764036 0.0529128797352314 23
1745936768257 0.060143083333969116 24
1745936772641 0.062186744064092636 25
1745936777371 0.05601796880364418 26
1745936781536 0.055602241307497025 27
1745936785862 0.06334695965051651 28
1745936790634 0.06389138847589493 29
1745936794833 0.05559948831796646 30
1745936799242 0.062304913997650146 31
1745936803957 0.06268143653869629 32
1745936808191 0.06035683676600456 33
1745936812667 0.0604855902493 34
1745936817309 0.05760551989078522 35
1745936821529 0.06363577395677567 36
1745936826037 0.05672065168619156 37
1745936830689 0.06485237926244736 38
1745936834925 0.061832770705223083 39
1745936839473 0.0594383142888546 40
1745936844074 0.06422887742519379 41
1745936848331 0.056866951286792755 42
1745936852995 0.06096125394105911 43
1745936857512 0.06105842813849449 44
1745936861715 0.06185322627425194 45
1745936866346 0.058686770498752594 46
1745936870839 0.06102714687585831 47
1745936875047 0.06543402373790741 48
1745936879744 0.060345958918333054 49
1745936884209 0.06010156124830246 50
1745936888470 0.055926717817783356 51
1745936893213 0.05783385783433914 52
1745936897632 0.06435807794332504 53
1745936901835 0.06062287837266922 54
1745936906492 0.05918903276324272 55
1745936910931 0.06203918904066086 56
1745936915184 0.061700526624917984 57
1745936919912 0.059855081140995026 58
1745936924340 0.06413043290376663 59
1745936928596 0.06441084295511246 60
1745936933457 0.06131795048713684 61
1745936937839 0.055961910635232925 62
1745936942113 0.05865082889795303 63
1745936946976 0.06364365667104721 64
1745936951321 0.061025310307741165 65
1745936955508 0.058251820504665375 66
1745936960393 0.056696176528930664 67
1745936964690 0.05798650532960892 68
1745936968886 0.06414228677749634 69
1745936973794 0.05943348631262779 70
1745936978135 0.05727139487862587 71
1745936982339 0.06283089518547058 72
1745936987250 0.06495767086744308 73
1745936991591 0.06039200723171234 74
1745936995797 0.06008158624172211 75
1745937000806 0.06027792766690254 76
1745937005104 0.06117555499076843 77
1745937009346 0.05831034854054451 78
1745937014391 0.06175447255373001 79
1745937016853 0.06468410044908524 80
1745938287974 0.06374268978834152 81
1745938292159 0.06534984707832336 82
1745938297294 0.0678563192486763 83
1745938301488 0.06651964038610458 84
1745938305732 0.061512380838394165 85
1745938310808 0.06040998175740242 86
1745938314997 0.06587213277816772 87
1745938319215 0.06727246195077896 88
1745938324249 0.06577401608228683 89
1745938328445 0.07200846821069717 90
1745938332660 0.06938695162534714 91
1745938337618 0.0716506838798523 92
1745938341821 0.07326951622962952 93
1745938346018 0.08844976127147675 94
1745938350947 0.09641047567129135 95
1745938355148 0.09873280674219131 96
1745938359322 0.11321577429771423 97
1745938364265 0.11153718829154968 98
1745938368463 0.1149323582649231 99
1745938372684 0.11733952909708023 100
1745938377570 0.11747024953365326 101
1745938381753 0.11087008565664291 102
1745938385964 0.11278735846281052 103
1745938390844 0.11699764430522919 104
1745938395061 0.11662022769451141 105
1745938399362 0.12008383870124817 106
1745938404138 0.1170738935470581 107
1745938408304 0.12864652276039124 108
1745938412527 0.12094219774007797 109
1745938417274 0.13299062848091125 110
1745938421441 0.1301182359457016 111
1745938425762 0.13005736470222473 112
1745938430558 0.1373501569032669 113
1745938434723 0.12525707483291626 114
1745938438985 0.12923213839530945 115
1745938443810 0.1362493336200714 116
1745938447991 0.13372913002967834 117
1745938452281 0.13406045734882355 118
1745938457094 0.13682837784290314 119
1745938461256 0.14039455354213715 120
1745938465529 0.143462672829628 121
1745938470291 0.14061297476291656 122
1745938474494 0.13942408561706543 123
1745938478810 0.1420576274394989 124
1745938483554 0.14214056730270386 125
1745938487728 0.14299674332141876 126
1745938492038 0.14221329987049103 127
1745938496773 0.14089706540107727 128
1745938500977 0.14782436192035675 129
1745938505351 0.13958655297756195 130
1745938510066 0.14766645431518555 131
1745938514238 0.14257508516311646 132
1745938518606 0.14124695956707 133
1745938523306 0.1430295705795288 134
1745938527475 0.1410793662071228 135
1745938531852 0.14090821146965027 136
1745938536531 0.14605705440044403 137
1745938540735 0.1406477689743042 138
1745938545160 0.14463235437870026 139
1745938549781 0.14790838956832886 140
1745938553951 0.14940181374549866 141
1745938558382 0.14198876917362213 142
1745938563003 0.15383373200893402 143
1745938567173 0.1508699208498001 144
1745938571711 0.15395520627498627 145
1745938576290 0.1490698903799057 146
1745938580472 0.14203961193561554 147
1745938585006 0.14257705211639404 148
1745938589486 0.14489944279193878 149
1745938593668 0.14960630238056183 150
1745938598200 0.14356468617916107 151
1745938602685 0.15067030489444733 152
1745938606883 0.1490372121334076 153
1745938611406 0.15453046560287476 154
1745938615900 0.15347552299499512 155
1745938620088 0.14496420323848724 156
1745938624674 0.14638282358646393 157
1745938629122 0.1518191695213318 158
1745938633298 0.15045110881328583 159
1745938637949 0.1515357494354248 160
1745938640676 0.15759660303592682 161
