1745936659463 5e-06 0
1745936663744 1e-05 1
1745936669048 1.5e-05 2
1745936673297 2e-05 3
1745936677525 2.5e-05 4
1745936682714 3e-05 5
1745936686941 3.5000000000000004e-05 6
1745936691181 4e-05 7
1745936696379 4.4999999999999996e-05 8
1745936700690 5e-05 9
1745936704945 5.5e-05 10
1745936710147 6e-05 11
1745936714419 6.500000000000001e-05 12
1745936718705 7.000000000000001e-05 13
1745936723701 7.5e-05 14
1745936727967 8e-05 15
1745936732286 8.5e-05 16
1745936737207 8.999999999999999e-05 17
1745936741417 9.5e-05 18
1745936745730 0.0001 19
1745936750615 0.000105 20
1745936754827 0.00011 21
1745936759201 0.000115 22
1745936764036 0.00012 23
1745936768257 0.000125 24
1745936772641 0.00013000000000000002 25
1745936777371 0.000135 26
1745936781536 0.00014000000000000001 27
1745936785862 0.000145 28
1745936790634 0.00015 29
1745936794833 0.000155 30
1745936799242 0.00016 31
1745936803957 0.000165 32
1745936808191 0.00017 33
1745936812667 0.000175 34
1745936817309 0.00017999999999999998 35
1745936821529 0.000185 36
1745936826037 0.00019 37
1745936830689 0.00019500000000000002 38
1745936834925 0.0002 39
1745936839473 0.000205 40
1745936844074 0.00021 41
1745936848331 0.000215 42
1745936852995 0.00022 43
1745936857512 0.00022500000000000002 44
1745936861715 0.00023 45
1745936866346 0.000235 46
1745936870839 0.00024 47
1745936875047 0.000245 48
1745936879744 0.00025 49
1745936884209 0.000255 50
1745936888470 0.00026000000000000003 51
1745936893213 0.00026500000000000004 52
1745936897632 0.00027 53
1745936901835 0.000275 54
1745936906492 0.00028000000000000003 55
1745936910931 0.000285 56
1745936915184 0.00029 57
1745936919912 0.000295 58
1745936924340 0.0003 59
1745936928596 0.000305 60
1745936933457 0.00031 61
1745936937839 0.000315 62
1745936942113 0.00032 63
1745936946976 0.00032500000000000004 64
1745936951321 0.00033 65
1745936955508 0.000335 66
1745936960393 0.00034 67
1745936964690 0.000345 68
1745936968886 0.00035 69
1745936973794 0.000355 70
1745936978135 0.00035999999999999997 71
1745936982339 0.000365 72
1745936987250 0.00037 73
1745936991591 0.000375 74
1745936995797 0.00038 75
1745937000806 0.00038500000000000003 76
1745937005104 0.00039000000000000005 77
1745937009346 0.000395 78
1745937014391 0.0004 79
1745937016853 0.00040500000000000003 80
1745938287974 0.00041 81
1745938292159 0.000415 82
1745938297294 0.00042 83
1745938301488 0.000425 84
1745938305732 0.00043 85
1745938310808 0.000435 86
1745938314997 0.00044 87
1745938319215 0.00044500000000000003 88
1745938324249 0.00045000000000000004 89
1745938328445 0.000455 90
1745938332660 0.00046 91
1745938337618 0.000465 92
1745938341821 0.00047 93
1745938346018 0.000475 94
1745938350947 0.00048 95
1745938355148 0.00048499999999999997 96
1745938359322 0.00049 97
1745938364265 0.000495 98
1745938368463 0.0005 99
1745938372684 0.0004919354838709678 100
1745938377570 0.0004838709677419355 101
1745938381753 0.0004758064516129033 102
1745938385964 0.00046774193548387096 103
1745938390844 0.0004596774193548387 104
1745938395061 0.00045161290322580643 105
1745938399362 0.0004435483870967742 106
1745938404138 0.00043548387096774196 107
1745938408304 0.0004274193548387097 108
1745938412527 0.00041935483870967743 109
1745938417274 0.00041129032258064517 110
1745938421441 0.0004032258064516129 111
1745938425762 0.00039516129032258064 112
1745938430558 0.0003870967741935484 113
1745938434723 0.0003790322580645161 114
1745938438985 0.0003709677419354839 115
1745938443810 0.00036290322580645164 116
1745938447991 0.0003548387096774194 117
1745938452281 0.0003467741935483871 118
1745938457094 0.00033870967741935485 119
1745938461256 0.0003306451612903226 120
1745938465529 0.0003225806451612903 121
1745938470291 0.00031451612903225806 122
1745938474494 0.0003064516129032258 123
1745938478810 0.0002983870967741936 124
1745938483554 0.0002903225806451613 125
1745938487728 0.00028225806451612906 126
1745938492038 0.00027419354838709674 127
1745938496773 0.00026612903225806453 128
1745938500977 0.00025806451612903227 129
1745938505351 0.00025 130
1745938510066 0.00024193548387096774 131
1745938514238 0.00023387096774193548 132
1745938518606 0.00022580645161290321 133
1745938523306 0.00021774193548387098 134
1745938527475 0.00020967741935483871 135
1745938531852 0.00020161290322580645 136
1745938536531 0.0001935483870967742 137
1745938540735 0.00018548387096774195 138
1745938545160 0.0001774193548387097 139
1745938549781 0.00016935483870967742 140
1745938553951 0.00016129032258064516 141
1745938558382 0.0001532258064516129 142
1745938563003 0.00014516129032258066 143
1745938567173 0.00013709677419354837 144
1745938571711 0.00012903225806451613 145
1745938576290 0.00012096774193548387 146
1745938580472 0.00011290322580645161 147
1745938585006 0.00010483870967741936 148
1745938589486 9.67741935483871e-05 149
1745938593668 8.870967741935484e-05 150
1745938598200 8.064516129032258e-05 151
1745938602685 7.258064516129033e-05 152
1745938606883 6.451612903225807e-05 153
1745938611406 5.6451612903225804e-05 154
1745938615900 4.838709677419355e-05 155
1745938620088 4.032258064516129e-05 156
1745938624674 3.2258064516129034e-05 157
1745938629122 2.4193548387096773e-05 158
1745938633298 1.6129032258064517e-05 159
1745938637949 8.064516129032258e-06 160
1745938640676 0.0 161
