1745984788489 0.0 0
1745984792952 5.988382690702565e-05 1
1745984796663 0.00012665442773140967 2
1745984800366 0.004756329581141472 3
1745984804982 0.0332152359187603 4
1745984808684 0.05743290111422539 5
1745984812369 0.05782037600874901 6
1745984816647 0.06295399367809296 7
1745984820513 0.03478727862238884 8
1745984824190 0.035096220672130585 9
1745984827953 0.03255603462457657 10
1745984832312 0.04376840218901634 11
1745984835996 0.05721777677536011 12
1745984839728 0.060478437691926956 13
1745984844355 0.057977333664894104 14
1745984848030 0.05321882665157318 15
1745984851714 0.052203305065631866 16
1745984856168 0.047940269112586975 17
1745984859963 0.04641461744904518 18
1745984863686 0.048832137137651443 19
1745984867492 0.06090494245290756 20
1745984871739 0.060255881398916245 21
1745984875403 0.05896921083331108 22
1745984879070 0.060899827629327774 23
1745984883739 0.06034015864133835 24
1745984887424 0.06379231810569763 25
1745984891094 0.060293231159448624 26
1745984895543 0.0596558079123497 27
1745984899287 0.057433661073446274 28
1745984903000 0.05945643410086632 29
1745984906913 0.05720353126525879 30
1745984911086 0.0464264340698719 31
1745984914765 0.04928010329604149 32
1745984918466 0.04972904175519943 33
1745984923028 0.04434411600232124 34
1745984926706 0.05532064661383629 35
1745984930375 0.0568067692220211 36
1745984934904 0.05568862333893776 37
1745984938620 0.058139536529779434 38
1745984942302 0.06366398930549622 39
1745984946315 0.06551998108625412 40
1745984950400 0.06552742421627045 41
1745984954090 0.0600370429456234 42
1745984957763 0.05977668985724449 43
1745984962351 0.058814771473407745 44
1745984966022 0.06136278063058853 45
1745984969691 0.06386622041463852 46
1745984974294 0.05707091838121414 47
1745984978018 0.06761988252401352 48
1745984981700 0.060768600553274155 49
1745984985800 0.059597961604595184 50
1745984989759 0.058965474367141724 51
1745984993461 0.06473691016435623 52
1745984997162 0.061961036175489426 53
1745985001676 0.060737885534763336 54
1745985005371 0.05798216909170151 55
1745985009079 0.06378404051065445 56
1745985013709 0.05643738806247711 57
1745985017384 0.06417655199766159 58
1745985021044 0.058367662131786346 59
1745985025238 0.061302680522203445 60
1745985029133 0.0585605725646019 61
1745985032814 0.06409536302089691 62
1745985036513 0.05704783648252487 63
1745985040968 0.05910516902804375 64
1745985044646 0.05711464211344719 65
1745985048310 0.05804002657532692 66
1745985052904 0.061259523034095764 67
1745985056575 0.061084575951099396 68
1745985060263 0.05664348974823952 69
1745985064530 0.0566970594227314 70
1745985068444 0.062094248831272125 71
1745985072156 0.06399960070848465 72
1745985075881 0.05830280855298042 73
1745985080245 0.06382723152637482 74
1745985083937 0.06228543445467949 75
1745985087611 0.057396262884140015 76
1745985092183 0.06261303275823593 77
1745985095867 0.06406015157699585 78
1745985099570 0.05382004752755165 79
1745985101667 0.05891698598861694 80
1745985590307 0.05777954310178757 81
1745985593990 0.05847037211060524 82
1745985598602 0.05751892179250717 83
1745985602288 0.055744510143995285 84
1745985605975 0.06097111850976944 85
1745985610483 0.06037047132849693 86
1745985614226 0.05807582661509514 87
1745985617888 0.06097806245088577 88
1745985621799 0.057800568640232086 89
1745985625970 0.058546435087919235 90
1745985629666 0.05987650528550148 91
1745985633340 0.059381116181612015 92
1745985637960 0.05884729325771332 93
1745985641692 0.06169329956173897 94
1745985645390 0.06343585252761841 95
1745985649925 0.06140497326850891 96
1745985653645 0.060001228004693985 97
1745985657309 0.062205009162425995 98
1745985661404 0.07361336797475815 99
1745985665409 0.07914001494646072 100
1745985669100 0.08412820845842361 101
1745985672766 0.07398542761802673 102
1745985677277 0.06664418429136276 103
1745985680967 0.07451306283473969 104
1745985684638 0.06930756568908691 105
1745985689227 0.0790930837392807 106
1745985692908 0.07897394150495529 107
1745985696598 0.08370795845985413 108
1745985700751 0.08061017096042633 109
1745985704710 0.08195869624614716 110
1745985708376 0.08591935783624649 111
1745985712083 0.08180839568376541 112
1745985716527 0.08712973445653915 113
1745985720196 0.09484399855136871 114
1745985723914 0.09283751994371414 115
1745985728537 0.08666874468326569 116
1745985732224 0.08950658142566681 117
1745985735896 0.09323415160179138 118
1745985740073 0.09516274929046631 119
1745985743993 0.09424947202205658 120
1745985747683 0.0896955356001854 121
1745985751363 0.09544315189123154 122
1745985755757 0.09373760223388672 123
1745985759472 0.09483461827039719 124
1745985763174 0.09533341974020004 125
1745985767775 0.09260579198598862 126
1745985771468 0.0956362709403038 127
1745985775147 0.08832181245088577 128
1745985779428 0.09447505325078964 129
1745985783284 0.09689398854970932 130
1745985786964 0.09623243659734726 131
1745985790734 0.09669492393732071 132
1745985795100 0.09841866046190262 133
1745985798765 0.0991026908159256 134
1745985802453 0.10261335223913193 135
1745985807017 0.09741148352622986 136
1745985810699 0.09588015079498291 137
1745985814393 0.09361054003238678 138
1745985818701 0.0959438905119896 139
1745985822587 0.09427143633365631 140
1745985826262 0.0987648069858551 141
1745985830006 0.09759880602359772 142
1745985834346 0.10162870585918427 143
1745985838046 0.10114926844835281 144
1745985841727 0.09818243235349655 145
1745985846321 0.09090233594179153 146
1745985850033 0.10025836527347565 147
1745985853722 0.10544826090335846 148
1745985858095 0.09922928363084793 149
1745985861924 0.11135618388652802 150
1745985865586 0.10969600081443787 151
1745985869379 0.11294349282979965 152
1745985873665 0.11058555543422699 153
1745985877338 0.1145239770412445 154
1745985881037 0.12120813876390457 155
1745985885630 0.11484109610319138 156
1745985889299 0.12136103957891464 157
1745985892994 0.11808063834905624 158
1745985897417 0.1241150051355362 159
1745985901186 0.11372240632772446 160
1745985903290 0.12190417945384979 161
