1745984788489 9.134895324707031 0
1745984792952 9.142523765563965 1
1745984796663 9.05524730682373 2
1745984800366 8.86446762084961 3
1745984804982 8.574297904968262 4
1745984808684 8.266029357910156 5
1745984812369 7.940069675445557 6
1745984816647 7.5454182624816895 7
1745984820513 7.148640155792236 8
1745984824190 6.806198596954346 9
1745984827953 6.5802483558654785 10
1745984832312 6.444946765899658 11
1745984835996 6.429988384246826 12
1745984839728 6.479034423828125 13
1745984844355 6.572648048400879 14
1745984848030 6.5420989990234375 15
1745984851714 6.559865951538086 16
1745984856168 6.5060577392578125 17
1745984859963 6.513401508331299 18
1745984863686 6.416793346405029 19
1745984867492 6.408748626708984 20
1745984871739 6.435044288635254 21
1745984875403 6.4236063957214355 22
1745984879070 6.391953468322754 23
1745984883739 6.387551784515381 24
1745984887424 6.3793206214904785 25
1745984891094 6.370028495788574 26
1745984895543 6.419884204864502 27
1745984899287 6.454277992248535 28
1745984903000 6.392718315124512 29
1745984906913 6.385605812072754 30
1745984911086 6.3430280685424805 31
1745984914765 6.3425612449646 32
1745984918466 6.3241400718688965 33
1745984923028 6.341317653656006 34
1745984926706 6.314315319061279 35
1745984930375 6.285680294036865 36
1745984934904 6.30128288269043 37
1745984938620 6.357436656951904 38
1745984942302 6.288326263427734 39
1745984946315 6.305668830871582 40
1745984950400 6.317770481109619 41
1745984954090 6.248697757720947 42
1745984957763 6.315964221954346 43
1745984962351 6.374266147613525 44
1745984966022 6.3238091468811035 45
1745984969691 6.294823169708252 46
1745984974294 6.325259208679199 47
1745984978018 6.245120048522949 48
1745984981700 6.305765628814697 49
1745984985800 6.302533149719238 50
1745984989759 6.332328796386719 51
1745984993461 6.375804901123047 52
1745984997162 6.273167133331299 53
1745985001676 6.300298690795898 54
1745985005371 6.347107887268066 55
1745985009079 6.3053059577941895 56
1745985013709 6.321722984313965 57
1745985017384 6.255989074707031 58
1745985021044 6.314250946044922 59
1745985025238 6.258984088897705 60
1745985029133 6.303539276123047 61
1745985032814 6.281872272491455 62
1745985036513 6.300634384155273 63
1745985040968 6.321991920471191 64
1745985044646 6.304490089416504 65
1745985048310 6.227145671844482 66
1745985052904 6.277810096740723 67
1745985056575 6.2998785972595215 68
1745985060263 6.293854713439941 69
1745985064530 6.324856281280518 70
1745985068444 6.260776996612549 71
1745985072156 6.261928081512451 72
1745985075881 6.330532550811768 73
1745985080245 6.26177453994751 74
1745985083937 6.224419593811035 75
1745985087611 6.2627272605896 76
1745985092183 6.314863681793213 77
1745985095867 6.275330066680908 78
1745985099570 6.354196071624756 79
1745985101667 6.256572723388672 80
1745985590307 6.294196128845215 81
1745985593990 6.274734020233154 82
1745985598602 6.235273838043213 83
1745985602288 6.27506160736084 84
1745985605975 6.260250568389893 85
1745985610483 6.28846549987793 86
1745985614226 6.259491920471191 87
1745985617888 6.28973388671875 88
1745985621799 6.2790727615356445 89
1745985625970 6.271656513214111 90
1745985629666 6.295773983001709 91
1745985633340 6.276523113250732 92
1745985637960 6.263323783874512 93
1745985641692 6.282831192016602 94
1745985645390 6.263433933258057 95
1745985649925 6.273377418518066 96
1745985653645 6.288258075714111 97
1745985657309 6.265783309936523 98
1745985661404 6.23956298828125 99
1745985665409 6.209650039672852 100
1745985669100 6.190643787384033 101
1745985672766 6.273852825164795 102
1745985677277 6.253185272216797 103
1745985680967 6.19984245300293 104
1745985684638 6.240782260894775 105
1745985689227 6.210107326507568 106
1745985692908 6.203915596008301 107
1745985696598 6.185694217681885 108
1745985700751 6.2062811851501465 109
1745985704710 6.128855228424072 110
1745985708376 6.133122444152832 111
1745985712083 6.134838104248047 112
1745985716527 6.177033424377441 113
1745985720196 6.133296489715576 114
1745985723914 6.06395149230957 115
1745985728537 6.093692779541016 116
1745985732224 6.075201988220215 117
1745985735896 6.055324554443359 118
1745985740073 5.997912406921387 119
1745985743993 6.020608425140381 120
1745985747683 6.100416660308838 121
1745985751363 6.0583062171936035 122
1745985755757 6.009742259979248 123
1745985759472 6.041865348815918 124
1745985763174 5.999152183532715 125
1745985767775 5.9998698234558105 126
1745985771468 5.987600326538086 127
1745985775147 6.074317455291748 128
1745985779428 6.020354270935059 129
1745985783284 5.973231315612793 130
1745985786964 5.981540679931641 131
1745985790734 5.993713855743408 132
1745985795100 5.96989631652832 133
1745985798765 5.982523441314697 134
1745985802453 5.928224563598633 135
1745985807017 6.000461578369141 136
1745985810699 6.032636642456055 137
1745985814393 5.982173442840576 138
1745985818701 5.955635070800781 139
1745985822587 5.955878734588623 140
1745985826262 5.896995544433594 141
1745985830006 5.946435451507568 142
1745985834346 5.900210857391357 143
1745985838046 5.879806995391846 144
1745985841727 5.918383598327637 145
1745985846321 5.9619245529174805 146
1745985850033 5.896683692932129 147
1745985853722 5.807211875915527 148
1745985858095 5.902332305908203 149
1745985861924 5.819496154785156 150
1745985865586 5.8649163246154785 151
1745985869379 5.90558385848999 152
1745985873665 5.936163425445557 153
1745985877338 5.907371997833252 154
1745985881037 5.822906494140625 155
1745985885630 5.899011611938477 156
1745985889299 5.754915714263916 157
1745985892994 5.779288291931152 158
1745985897417 5.778139591217041 159
1745985901186 5.8525872230529785 160
1745985903290 5.775905132293701 161
