1745984788489 0.0011111111111111111 0
1745984792952 0.0022222222222222222 1
1745984796663 0.003333333333333333 2
1745984800366 0.0044444444444444444 3
1745984804982 0.005555555555555556 4
1745984808684 0.006666666666666666 5
1745984812369 0.007777777777777778 6
1745984816647 0.008888888888888889 7
1745984820513 0.01 8
1745984824190 0.009934640522875817 9
1745984827953 0.009869281045751634 10
1745984832312 0.00980392156862745 11
1745984835996 0.009738562091503268 12
1745984839728 0.009673202614379085 13
1745984844355 0.009607843137254903 14
1745984848030 0.00954248366013072 15
1745984851714 0.009477124183006535 16
1745984856168 0.009411764705882354 17
1745984859963 0.00934640522875817 18
1745984863686 0.009281045751633988 19
1745984867492 0.009215686274509803 20
1745984871739 0.009150326797385621 21
1745984875403 0.009084967320261438 22
1745984879070 0.009019607843137255 23
1745984883739 0.008954248366013072 24
1745984887424 0.008888888888888889 25
1745984891094 0.008823529411764706 26
1745984895543 0.008758169934640523 27
1745984899287 0.00869281045751634 28
1745984903000 0.008627450980392158 29
1745984906913 0.008562091503267973 30
1745984911086 0.00849673202614379 31
1745984914765 0.008431372549019609 32
1745984918466 0.008366013071895426 33
1745984923028 0.008300653594771243 34
1745984926706 0.00823529411764706 35
1745984930375 0.008169934640522876 36
1745984934904 0.008104575163398693 37
1745984938620 0.00803921568627451 38
1745984942302 0.007973856209150327 39
1745984946315 0.007908496732026144 40
1745984950400 0.00784313725490196 41
1745984954090 0.007777777777777778 42
1745984957763 0.007712418300653595 43
1745984962351 0.007647058823529411 44
1745984966022 0.007581699346405229 45
1745984969691 0.007516339869281046 46
1745984974294 0.007450980392156863 47
1745984978018 0.0073856209150326806 48
1745984981700 0.007320261437908497 49
1745984985800 0.0072549019607843135 50
1745984989759 0.007189542483660131 51
1745984993461 0.007124183006535948 52
1745984997162 0.007058823529411765 53
1745985001676 0.006993464052287582 54
1745985005371 0.006928104575163399 55
1745985009079 0.006862745098039216 56
1745985013709 0.006797385620915033 57
1745985017384 0.00673202614379085 58
1745985021044 0.006666666666666666 59
1745985025238 0.006601307189542484 60
1745985029133 0.006535947712418301 61
1745985032814 0.006470588235294118 62
1745985036513 0.006405228758169935 63
1745985040968 0.0063398692810457515 64
1745985044646 0.006274509803921568 65
1745985048310 0.006209150326797386 66
1745985052904 0.006143790849673203 67
1745985056575 0.006078431372549019 68
1745985060263 0.006013071895424837 69
1745985064530 0.005947712418300654 70
1745985068444 0.0058823529411764705 71
1745985072156 0.005816993464052288 72
1745985075881 0.005751633986928104 73
1745985080245 0.005686274509803921 74
1745985083937 0.005620915032679739 75
1745985087611 0.005555555555555556 76
1745985092183 0.0054901960784313735 77
1745985095867 0.0054248366013071895 78
1745985099570 0.005359477124183006 79
1745985101667 0.005294117647058823 80
1745985590307 0.005228758169934641 81
1745985593990 0.005163398692810458 82
1745985598602 0.005098039215686274 83
1745985602288 0.005032679738562092 84
1745985605975 0.0049673202614379085 85
1745985610483 0.004901960784313725 86
1745985614226 0.004836601307189542 87
1745985617888 0.00477124183006536 88
1745985621799 0.004705882352941177 89
1745985625970 0.004640522875816994 90
1745985629666 0.004575163398692811 91
1745985633340 0.0045098039215686276 92
1745985637960 0.0044444444444444444 93
1745985641692 0.004379084967320261 94
1745985645390 0.004313725490196079 95
1745985649925 0.004248366013071895 96
1745985653645 0.004183006535947713 97
1745985657309 0.00411764705882353 98
1745985661404 0.004052287581699347 99
1745985665409 0.0039869281045751635 100
1745985669100 0.00392156862745098 101
1745985672766 0.0038562091503267977 102
1745985677277 0.0037908496732026145 103
1745985680967 0.0037254901960784314 104
1745985684638 0.0036601307189542483 105
1745985689227 0.0035947712418300656 106
1745985692908 0.0035294117647058825 107
1745985696598 0.0034640522875816994 108
1745985700751 0.0033986928104575167 109
1745985704710 0.003333333333333333 110
1745985708376 0.0032679738562091504 111
1745985712083 0.0032026143790849673 112
1745985716527 0.003137254901960784 113
1745985720196 0.0030718954248366015 114
1745985723914 0.0030065359477124184 115
1745985728537 0.0029411764705882353 116
1745985732224 0.002875816993464052 117
1745985735896 0.0028104575163398694 118
1745985740073 0.0027450980392156868 119
1745985743993 0.002679738562091503 120
1745985747683 0.0026143790849673205 121
1745985751363 0.002549019607843137 122
1745985755757 0.0024836601307189543 123
1745985759472 0.002418300653594771 124
1745985763174 0.0023529411764705885 125
1745985767775 0.0022875816993464053 126
1745985771468 0.0022222222222222222 127
1745985775147 0.0021568627450980395 128
1745985779428 0.0020915032679738564 129
1745985783284 0.0020261437908496733 130
1745985786964 0.00196078431372549 131
1745985790734 0.0018954248366013073 132
1745985795100 0.0018300653594771241 133
1745985798765 0.0017647058823529412 134
1745985802453 0.0016993464052287583 135
1745985807017 0.0016339869281045752 136
1745985810699 0.001568627450980392 137
1745985814393 0.0015032679738562092 138
1745985818701 0.001437908496732026 139
1745985822587 0.0013725490196078434 140
1745985826262 0.0013071895424836603 141
1745985830006 0.0012418300653594771 142
1745985834346 0.0011764705882352942 143
1745985838046 0.0011111111111111111 144
1745985841727 0.0010457516339869282 145
1745985846321 0.000980392156862745 146
1745985850033 0.0009150326797385621 147
1745985853722 0.0008496732026143792 148
1745985858095 0.000784313725490196 149
1745985861924 0.000718954248366013 150
1745985865586 0.0006535947712418301 151
1745985869379 0.0005882352941176471 152
1745985873665 0.0005228758169934641 153
1745985877338 0.00045751633986928104 154
1745985881037 0.000392156862745098 155
1745985885630 0.00032679738562091506 156
1745985889299 0.00026143790849673205 157
1745985892994 0.000196078431372549 158
1745985897417 0.00013071895424836603 159
1745985901186 6.535947712418301e-05 160
1745985903290 0.0 161
