1745254375321 9.379999160766602 0
1745254377603 8.813291549682617 1
1745254379965 8.0521821975708 2
1745254382236 7.548582553863525 3
1745254384504 7.120567321777344 4
1745254386784 6.786649703979492 5
1745254389195 6.482707977294922 6
1745254391606 6.368615627288818 7
1745254393881 6.4026618003845215 8
1745254396156 6.382437705993652 9
1745254398458 6.4329118728637695 10
1745254400742 6.451745986938477 11
1745254403139 6.370855331420898 12
1745254405440 6.435023307800293 13
1745254407714 6.259909629821777 14
1745254409982 6.288111209869385 15
1745254412263 6.3109450340271 16
1745254414664 6.2750372886657715 17
1745254416977 6.21429443359375 18
1745254419242 6.192631244659424 19
1745254421506 6.160151481628418 20
1745254423772 6.1880083084106445 21
1745254426059 6.143576145172119 22
1745254428355 6.1736674308776855 23
1745254430623 6.181236743927002 24
1745254432892 6.104361534118652 25
1745254435173 6.173693656921387 26
1745254437454 6.066370010375977 27
1745254439800 6.040470600128174 28
1745254442068 6.0320234298706055 29
1745254444341 5.9325032234191895 30
1745254446616 5.921407699584961 31
1745254448909 5.904131889343262 32
1745254451252 5.887007236480713 33
1745254453539 5.817954063415527 34
1745254455817 5.866896152496338 35
1745254458130 5.754059314727783 36
1745254460404 5.799426078796387 37
1745254462830 5.777482509613037 38
1745254465135 5.771210670471191 39
1745254467421 5.7315754890441895 40
1745254469694 5.718237400054932 41
1745254471982 5.626840114593506 42
1745254474262 5.599001884460449 43
1745254476620 5.613680839538574 44
1745254478894 5.498266220092773 45
1745254481171 5.56517219543457 46
1745254483457 5.4999098777771 47
1745254485749 5.501440048217773 48
1745254488131 5.4349751472473145 49
1745254490412 5.399685859680176 50
1745254492711 5.457210540771484 51
1745254494987 5.48680305480957 52
1745254497273 5.3342132568359375 53
1745254499594 5.423555374145508 54
1745254501882 5.260965824127197 55
1745254504150 5.180263996124268 56
1745254506442 5.304736137390137 57
1745254508718 5.1870222091674805 58
1745254511046 5.265410900115967 59
1745254512816 5.342194557189941 60
1745254572168 5.101048946380615 61
1745254574487 5.0003862380981445 62
1745254576754 5.105727672576904 63
1745254579025 5.112924575805664 64
1745254581332 5.065030574798584 65
1745254583736 5.028515338897705 66
1745254586043 5.065847396850586 67
1745254588313 5.038443565368652 68
1745254590595 5.007369518280029 69
1745254592863 4.922832489013672 70
1745254595151 5.088735103607178 71
1745254597455 4.92800760269165 72
1745254599734 4.917506694793701 73
1745254602008 4.904567718505859 74
1745254604283 4.8691911697387695 75
1745254606561 4.916594982147217 76
1745254608958 4.903258800506592 77
1745254611236 4.899631500244141 78
1745254613505 4.8131256103515625 79
1745254615808 4.826070785522461 80
1745254618099 4.677731513977051 81
1745254620417 4.846131801605225 82
1745254622712 4.854259967803955 83
1745254624997 4.679877758026123 84
1745254627286 4.732425689697266 85
1745254629552 4.645754337310791 86
1745254631881 4.5739970207214355 87
1745254634155 4.654549598693848 88
1745254636436 4.72420072555542 89
1745254638708 4.768623352050781 90
1745254640991 4.8359222412109375 91
1745254643275 4.650742053985596 92
1745254645719 4.7088727951049805 93
1745254648004 4.604110240936279 94
1745254650271 4.640923023223877 95
1745254652539 4.675585746765137 96
1745254654844 4.622615814208984 97
1745254657234 4.639277458190918 98
1745254659565 4.75727653503418 99
1745254661838 4.690502166748047 100
1745254664117 4.704270362854004 101
1745254666409 4.664029121398926 102
1745254668826 4.575963020324707 103
1745254671109 4.601264953613281 104
1745254673430 4.543579578399658 105
1745254675711 4.612393379211426 106
1745254677998 4.501875400543213 107
1745254680386 4.635011672973633 108
1745254682691 4.52232027053833 109
1745254684981 4.556303977966309 110
1745254687266 4.5772705078125 111
1745254689535 4.619116306304932 112
1745254691808 4.522042751312256 113
1745254694124 4.536238670349121 114
1745254696406 4.53313684463501 115
1745254698673 4.472939968109131 116
1745254700945 4.454466342926025 117
1745254703226 4.622227191925049 118
1745254705619 4.5615668296813965 119
1745254707916 4.510303020477295 120
1745254709602 4.526003360748291 121
1745254768992 4.4200286865234375 122
1745254771265 4.350249767303467 123
1745254773536 4.371674060821533 124
1745254775822 4.419984340667725 125
1745254778183 4.253034591674805 126
1745254780473 4.285397052764893 127
1745254782775 4.411692142486572 128
1745254785041 4.280886173248291 129
1745254787330 4.410524368286133 130
1745254789685 4.350080966949463 131
1745254792027 4.348405361175537 132
1745254794308 4.260711669921875 133
1745254796590 4.317841053009033 134
1745254798861 4.33485221862793 135
1745254801250 4.371910095214844 136
1745254803529 4.151821613311768 137
1745254805798 4.364492893218994 138
1745254808067 4.379488468170166 139
1745254810334 4.267863750457764 140
1745254812627 4.372469425201416 141
1745254814943 4.191945552825928 142
1745254817225 4.284046173095703 143
1745254819507 4.2419281005859375 144
1745254821792 4.220236301422119 145
1745254824082 4.2474846839904785 146
1745254826478 4.219897270202637 147
1745254828774 4.283209800720215 148
1745254831062 4.222955226898193 149
1745254833338 4.307122230529785 150
1745254835640 4.165650844573975 151
1745254838039 4.119828701019287 152
1745254840334 4.22377347946167 153
1745254842633 4.315797805786133 154
1745254844914 4.262574195861816 155
1745254847195 4.3108601570129395 156
1745254849597 4.3069634437561035 157
1745254851913 4.265220642089844 158
1745254854189 4.180548667907715 159
1745254856474 4.357444763183594 160
1745254858752 4.328273773193359 161
1745254861017 4.244069576263428 162
1745254863302 4.118585109710693 163
1745254865588 4.155094623565674 164
1745254867860 4.282949447631836 165
1745254870139 4.107800483703613 166
1745254872426 4.132857322692871 167
1745254874817 4.243715763092041 168
1745254877099 4.14093017578125 169
1745254879381 4.286551475524902 170
1745254881693 4.264920711517334 171
1745254883980 4.263302803039551 172
1745254886391 4.016908168792725 173
1745254888667 4.3001227378845215 174
1745254890951 4.210710525512695 175
1745254893238 4.20405387878418 176
1745254895511 4.130508899688721 177
1745254897893 4.208318710327148 178
1745254900204 4.20975399017334 179
1745254902517 4.174511909484863 180
1745254904795 4.155028820037842 181
1745254906488 4.205843925476074 182
1745254966312 4.019118309020996 183
1745254968589 4.021674156188965 184
1745254971063 3.9740586280822754 185
1745254973347 4.053035259246826 186
1745254975634 3.9649460315704346 187
1745254977925 4.0246453285217285 188
1745254980202 3.9692165851593018 189
1745254982619 4.000011920928955 190
1745254984940 4.036312580108643 191
1745254987219 3.9755752086639404 192
1745254989513 4.095151424407959 193
1745254991795 4.051601409912109 194
1745254994117 4.059270858764648 195
1745254996403 3.9734256267547607 196
1745254998686 4.0797858238220215 197
1745255000968 3.997312545776367 198
1745255003247 3.931431770324707 199
1745255005542 4.18919038772583 200
1745255007873 4.031606674194336 201
1745255010160 3.9705631732940674 202
1745255012438 4.012641906738281 203
1745255014717 4.011346817016602 204
1745255016984 4.047560214996338 205
1745255019367 4.137195110321045 206
1745255021675 4.071577548980713 207
1745255023961 3.9470558166503906 208
1745255026243 4.148467063903809 209
1745255028529 3.9136617183685303 210
1745255030906 3.98542857170105 211
1745255033208 3.9254684448242188 212
1745255035491 4.026614665985107 213
1745255037805 3.997199058532715 214
1745255040094 4.09011173248291 215
1745255042379 3.9930148124694824 216
1745255044680 4.023562431335449 217
1745255046958 4.045331001281738 218
1745255049238 4.072144031524658 219
1745255051525 3.9904322624206543 220
1745255053811 3.9689278602600098 221
1745255056227 4.132114410400391 222
1745255058520 3.9420816898345947 223
1745255060804 4.144674301147461 224
1745255063079 4.066539287567139 225
1745255065359 4.054903030395508 226
1745255067782 4.132622718811035 227
1745255070062 4.091768264770508 228
1745255072340 4.021122932434082 229
1745255074631 3.959231376647949 230
1745255076905 3.9593212604522705 231
1745255079322 3.9122097492218018 232
1745255081629 3.9635655879974365 233
1745255083909 3.94688081741333 234
1745255086178 4.0049920082092285 235
1745255088463 3.978868007659912 236
1745255090773 4.013579368591309 237
1745255093084 4.117621898651123 238
1745255095381 4.028982639312744 239
1745255097662 4.1157355308532715 240
1745255099932 3.932279586791992 241
1745255102215 4.012117862701416 242
1745255103980 3.9450290203094482 243
1745255163528 3.8375675678253174 244
1745255165832 3.832035779953003 245
1745255168114 3.866089105606079 246
1745255170414 3.997220993041992 247
1745255172697 3.841568946838379 248
1745255174988 3.8005619049072266 249
1745255177337 3.8112356662750244 250
1745255179635 3.9205565452575684 251
1745255181912 3.835176944732666 252
1745255184186 3.8696560859680176 253
1745255186474 3.7830545902252197 254
1745255188826 3.8960163593292236 255
1745255191160 3.8559823036193848 256
1745255193413 3.862786054611206 257
1745255195700 3.9370646476745605 258
1745255197991 3.854193687438965 259
1745255200399 3.7430217266082764 260
1745255202722 3.907320737838745 261
1745255205000 3.8757076263427734 262
1745255207281 3.787177085876465 263
1745255209612 3.9115841388702393 264
1745255211919 3.8160223960876465 265
1745255214212 3.899980306625366 266
1745255216506 3.8230154514312744 267
1745255218801 3.78717303276062 268
1745255221086 3.866896867752075 269
1745255223373 3.9312167167663574 270
1745255225816 3.7922253608703613 271
1745255228109 3.7743070125579834 272
1745255230384 3.791210651397705 273
1745255232658 3.803478479385376 274
1745255234946 3.875715732574463 275
1745255237302 3.94684100151062 276
1745255239636 3.974891424179077 277
1745255241920 3.845797300338745 278
1745255244196 3.773097038269043 279
1745255246477 3.77638578414917 280
1745255248857 3.861651659011841 281
1745255251139 3.761296272277832 282
1745255253422 3.8390820026397705 283
1745255255717 3.951925277709961 284
1745255258012 3.931786298751831 285
1745255260330 3.766604423522949 286
1745255262634 3.8920819759368896 287
1745255264912 3.8886189460754395 288
1745255267209 3.9153223037719727 289
1745255269500 3.860400438308716 290
1745255271776 3.7951037883758545 291
1745255274119 3.8920702934265137 292
1745255276394 3.938734292984009 293
1745255278693 3.926572561264038 294
1745255280961 3.88666033744812 295
1745255283238 3.8967151641845703 296
1745255285664 3.8299849033355713 297
1745255287980 3.7859067916870117 298
1745255290253 3.6510019302368164 299
1745255292543 3.957113027572632 300
1745255294835 3.8999016284942627 301
1745255297237 3.8868935108184814 302
1745255299544 3.897794485092163 303
1745255301232 3.823779821395874 304
1745255361127 3.61142635345459 305
1745255363413 3.6591713428497314 306
1745255365711 3.767153024673462 307
1745255367992 3.67893648147583 308
1745255370409 3.680884599685669 309
1745255372714 3.755946636199951 310
1745255374994 3.6973187923431396 311
1745255377268 3.6504197120666504 312
1745255379553 3.6993870735168457 313
1745255381872 3.684567928314209 314
1745255384167 3.7732903957366943 315
1745255386443 3.667397975921631 316
1745255388718 3.6669068336486816 317
1745255391012 3.5853843688964844 318
1745255393344 3.680116891860962 319
1745255395626 3.7530386447906494 320
1745255397923 3.747831344604492 321
1745255400221 3.7449185848236084 322
1745255402533 3.7065765857696533 323
1745255404817 3.7160396575927734 324
1745255407232 3.747515916824341 325
1745255409527 3.815128803253174 326
1745255411804 3.8073554039001465 327
1745255414094 3.623708486557007 328
1745255416381 3.759469985961914 329
1745255418797 3.9453179836273193 330
1745255421073 3.812749147415161 331
1745255423357 3.7108988761901855 332
1745255425635 3.7409636974334717 333
1745255427902 3.6782796382904053 334
1745255430272 3.7572596073150635 335
1745255432580 3.698028326034546 336
1745255434864 3.802976131439209 337
1745255437131 3.659181594848633 338
1745255439421 3.7999515533447266 339
1745255441753 3.717864513397217 340
1745255444061 3.727679967880249 341
1745255446330 3.7746896743774414 342
1745255448603 3.8205442428588867 343
1745255450896 3.6803674697875977 344
1745255453186 3.7725372314453125 345
1745255455615 3.796302556991577 346
1745255457925 3.6817774772644043 347
1745255460221 3.857619524002075 348
1745255462517 3.6832354068756104 349
1745255464825 3.8183131217956543 350
1745255467240 3.6862592697143555 351
1745255469553 3.792466163635254 352
1745255471832 3.793081760406494 353
1745255474108 3.7275500297546387 354
1745255476394 3.781435489654541 355
1745255478823 3.728494167327881 356
1745255481139 3.8633804321289062 357
1745255483428 3.5982279777526855 358
1745255485703 3.7261266708374023 359
1745255487996 3.652494192123413 360
1745255490406 3.6821374893188477 361
1745255492713 3.784315347671509 362
1745255494994 3.7396743297576904 363
1745255497289 3.687394618988037 364
1745255498997 3.7290842533111572 365
1745255558766 3.7351672649383545 366
1745255561068 3.5861167907714844 367
1745255563400 3.6459951400756836 368
1745255565695 3.516450881958008 369
1745255567990 3.7170751094818115 370
1745255570297 3.558607339859009 371
1745255572590 3.5345802307128906 372
1745255575001 3.5945451259613037 373
1745255577326 3.5452494621276855 374
1745255579611 3.53818416595459 375
1745255581898 3.5486583709716797 376
1745255584176 3.547821521759033 377
1745255586471 3.4074950218200684 378
1745255588768 3.5866901874542236 379
1745255591075 3.646327257156372 380
1745255593358 3.581413745880127 381
1745255595631 3.6044461727142334 382
1745255597916 3.5913894176483154 383
1745255600251 3.6605217456817627 384
1745255602545 3.5145671367645264 385
1745255604812 3.5623934268951416 386
1745255607078 3.7003026008605957 387
1745255609358 3.6947450637817383 388
1745255611683 3.6519951820373535 389
1745255613971 3.6770472526550293 390
1745255616266 3.7965087890625 391
1745255618553 3.514204263687134 392
1745255620833 3.606039524078369 393
1745255623236 3.6189098358154297 394
1745255625524 3.6909873485565186 395
1745255627800 3.7656469345092773 396
1745255630098 3.7144570350646973 397
1745255632383 3.5771982669830322 398
1745255634664 3.743786096572876 399
1745255636997 3.6522295475006104 400
1745255639276 3.5934128761291504 401
1745255641567 3.6065280437469482 402
1745255643834 3.6522979736328125 403
1745255646103 3.6485190391540527 404
1745255648498 3.5953421592712402 405
1745255650796 3.599356174468994 406
1745255653079 3.6040337085723877 407
1745255655356 3.5936362743377686 408
1745255657631 3.5826683044433594 409
1745255659999 3.636131525039673 410
1745255662304 3.7091550827026367 411
1745255664589 3.7020819187164307 412
1745255666879 3.560192584991455 413
1745255669172 3.6245884895324707 414
1745255671590 3.5365021228790283 415
1745255673888 3.577894687652588 416
1745255676180 3.635650157928467 417
1745255678455 3.675840139389038 418
1745255680750 3.7888355255126953 419
1745255683051 3.747260093688965 420
1745255685355 3.637174129486084 421
1745255687636 3.663470506668091 422
1745255689915 3.69189190864563 423
1745255692221 3.7530970573425293 424
1745255694511 3.766392469406128 425
1745255696273 3.6231231689453125 426
1745255755619 3.410871982574463 427
1745255757944 3.6242058277130127 428
1745255760240 3.544459342956543 429
1745255762545 3.3537416458129883 430
1745255764824 3.5253612995147705 431
1745255767095 3.3860292434692383 432
1745255769528 3.5434539318084717 433
1745255771808 3.468454599380493 434
1745255774108 3.4959263801574707 435
1745255776404 3.5202114582061768 436
1745255778691 3.469923973083496 437
1745255781077 3.5510077476501465 438
1745255783366 3.539724111557007 439
1745255785655 3.5595598220825195 440
1745255787958 3.5025408267974854 441
1745255790240 3.476048469543457 442
1745255792647 3.51546049118042 443
1745255794940 3.538261890411377 444
1745255797247 3.4689717292785645 445
1745255799545 3.5032804012298584 446
1745255801828 3.516775369644165 447
1745255804148 3.6431238651275635 448
1745255806464 3.5029778480529785 449
1745255808785 3.608973264694214 450
1745255811073 3.538264751434326 451
1745255813363 3.595306396484375 452
1745255815665 3.427431583404541 453
1745255817995 3.5587735176086426 454
1745255820299 3.515972375869751 455
1745255822591 3.548610210418701 456
1745255824879 3.381178140640259 457
1745255827185 3.5439767837524414 458
1745255829567 3.5735936164855957 459
1745255831880 3.5497543811798096 460
1745255834179 3.599574327468872 461
1745255836571 3.5432581901550293 462
1745255838890 3.541749954223633 463
1745255841305 3.4337618350982666 464
1745255843632 3.583517551422119 465
1745255845918 3.643400192260742 466
1745255848207 3.6017391681671143 467
1745255850502 3.5445199012756348 468
1745255852916 3.711824417114258 469
1745255855247 3.6568782329559326 470
1745255857536 3.653651714324951 471
1745255859818 3.6481966972351074 472
1745255862116 3.534036159515381 473
1745255864412 3.6230432987213135 474
1745255866717 3.604602813720703 475
1745255868993 3.542667865753174 476
1745255871279 3.598688840866089 477
1745255873568 3.6427435874938965 478
1745255875848 3.5795161724090576 479
1745255878203 3.5636789798736572 480
1745255880487 3.668505907058716 481
1745255882783 3.5837152004241943 482
1745255885069 3.6041507720947266 483
1745255887353 3.5258548259735107 484
1745255889749 3.54716420173645 485
1745255892194 3.5035486221313477 486
1745255893917 3.5078988075256348 487
1745255953927 3.3498077392578125 488
1745255956270 3.5555531978607178 489
1745255958606 3.244967460632324 490
1745255960916 3.402956008911133 491
1745255963283 3.4708240032196045 492
1745255965597 3.366673231124878 493
1745255967875 3.495450496673584 494
1745255970159 3.4568467140197754 495
1745255972439 3.4513721466064453 496
1745255974837 3.391716957092285 497
1745255977169 3.526759386062622 498
1745255979479 3.4425904750823975 499
1745255981793 3.498776435852051 500
1745255984087 3.4920995235443115 501
1745255986532 3.5009286403656006 502
1745255988837 3.3846397399902344 503
1745255991127 3.457361936569214 504
1745255993424 3.4164814949035645 505
1745255995748 3.4510908126831055 506
1745255998125 3.472613573074341 507
1745256000446 3.4945826530456543 508
1745256002734 3.500424385070801 509
1745256005029 3.597489833831787 510
1745256007330 3.334254026412964 511
1745256009632 3.513122320175171 512
1745256012081 3.4137191772460938 513
1745256014400 3.314556121826172 514
1745256016724 3.4818010330200195 515
1745256019031 3.4181196689605713 516
1745256021336 3.4291915893554688 517
1745256023832 3.4473865032196045 518
1745256026158 3.5409047603607178 519
1745256028446 3.3801770210266113 520
1745256030728 3.5331871509552 521
1745256033009 3.450338363647461 522
1745256035407 3.5759358406066895 523
1745256037727 3.4663169384002686 524
1745256040032 3.4215779304504395 525
1745256042323 3.5151333808898926 526
1745256044613 3.4562745094299316 527
1745256047009 3.4615366458892822 528
1745256049323 3.4314677715301514 529
1745256051624 3.4996120929718018 530
1745256053910 3.52665114402771 531
1745256056205 3.4751675128936768 532
1745256058628 3.396739959716797 533
1745256060950 3.6451127529144287 534
1745256063254 3.534869432449341 535
1745256065559 3.52761173248291 536
1745256067865 3.5349152088165283 537
1745256070162 3.448782205581665 538
1745256072561 3.4810843467712402 539
1745256074869 3.421544075012207 540
1745256077157 3.616441249847412 541
1745256079453 3.421424150466919 542
1745256081744 3.4406113624572754 543
1745256084176 3.4861855506896973 544
1745256086505 3.522831678390503 545
1745256088801 3.483765125274658 546
1745256091115 3.502922534942627 547
1745256092812 3.625397205352783 548
1745256152825 3.3643569946289062 549
1745256155177 3.3255422115325928 550
1745256157507 3.260221481323242 551
1745256159784 3.381772041320801 552
1745256162069 3.2571043968200684 553
1745256164391 3.321307420730591 554
1745256166674 3.3701045513153076 555
1745256169109 3.4710991382598877 556
1745256171410 3.368927240371704 557
1745256173709 3.339723825454712 558
1745256176000 3.376943588256836 559
1745256178293 3.196720600128174 560
1745256180733 3.474189519882202 561
1745256183048 3.2621729373931885 562
1745256185354 3.1987595558166504 563
1745256187653 3.454116106033325 564
1745256189957 3.4081661701202393 565
1745256192404 3.3221263885498047 566
1745256194720 3.3793447017669678 567
1745256197037 3.3846569061279297 568
1745256199321 3.2432007789611816 569
1745256201619 3.417107343673706 570
1745256204007 3.4400336742401123 571
1745256206345 3.3588967323303223 572
1745256208634 3.361278533935547 573
1745256210952 3.394733190536499 574
1745256213256 3.4164764881134033 575
1745256215688 3.428528308868408 576
1745256218048 3.3933510780334473 577
1745256220343 3.3700125217437744 578
1745256222639 3.383941650390625 579
1745256224932 3.394580602645874 580
1745256227257 3.3357198238372803 581
1745256229555 3.375622272491455 582
1745256231847 3.444946765899658 583
1745256234132 3.422123908996582 584
1745256236423 3.339252471923828 585
1745256238722 3.527728319168091 586
1745256241147 3.3770155906677246 587
1745256243460 3.5333023071289062 588
1745256245761 3.498779535293579 589
1745256248057 3.4109737873077393 590
1745256250347 3.4720427989959717 591
1745256252733 3.4476478099823 592
1745256255049 3.3996806144714355 593
1745256257339 3.4466745853424072 594
1745256259625 3.337648630142212 595
1745256261925 3.515892267227173 596
1745256264352 3.3872153759002686 597
1745256266671 3.5211148262023926 598
1745256268965 3.4169468879699707 599
1745256271255 3.4608500003814697 600
1745256273550 3.350935220718384 601
1745256275985 3.418856620788574 602
1745256278303 3.52873158454895 603
1745256280592 3.472825288772583 604
1745256282898 3.452817440032959 605
1745256285198 3.54530930519104 606
1745256287507 3.440028667449951 607
1745256289812 3.498994827270508 608
1745256291523 3.5507469177246094 609
