1745254375321 9.693679749034345e-05 0
1745254377603 0.04666990786790848 1
1745254379965 0.04818132519721985 2
1745254382236 0.04848073422908783 3
1745254384504 0.045634180307388306 4
1745254386784 0.043382562696933746 5
1745254389195 0.047165077179670334 6
1745254391606 0.044136982411146164 7
1745254393881 0.07114319503307343 8
1745254396156 0.07834482938051224 9
1745254398458 0.07100138068199158 10
1745254400742 0.062122903764247894 11
1745254403139 0.051625240594148636 12
1745254405440 0.08348999917507172 13
1745254407714 0.08269789814949036 14
1745254409982 0.06947201490402222 15
1745254412263 0.07353973388671875 16
1745254414664 0.0817662701010704 17
1745254416977 0.08795811235904694 18
1745254419242 0.08118879050016403 19
1745254421506 0.08079788833856583 20
1745254423772 0.07750414311885834 21
1745254426059 0.08525766432285309 22
1745254428355 0.10209685564041138 23
1745254430623 0.10641127824783325 24
1745254432892 0.09817427396774292 25
1745254435173 0.10644017159938812 26
1745254437454 0.10439944267272949 27
1745254439800 0.10625171661376953 28
1745254442068 0.11493176221847534 29
1745254444341 0.12518173456192017 30
1745254446616 0.12844036519527435 31
1745254448909 0.1311420351266861 32
1745254451252 0.13062997162342072 33
1745254453539 0.12913429737091064 34
1745254455817 0.1300288736820221 35
1745254458130 0.1438824087381363 36
1745254460404 0.13821589946746826 37
1745254462830 0.1396114081144333 38
1745254465135 0.14743515849113464 39
1745254467421 0.14332923293113708 40
1745254469694 0.14991380274295807 41
1745254471982 0.15136149525642395 42
1745254474262 0.15933604538440704 43
1745254476620 0.1560581773519516 44
1745254478894 0.15771660208702087 45
1745254481171 0.15728743374347687 46
1745254483457 0.16210238635540009 47
1745254485749 0.16430020332336426 48
1745254488131 0.16934573650360107 49
1745254490412 0.1675180047750473 50
1745254492711 0.16814035177230835 51
1745254494987 0.1658145785331726 52
1745254497273 0.17744626104831696 53
1745254499594 0.1713661402463913 54
1745254501882 0.18493881821632385 55
1745254504150 0.18684852123260498 56
1745254506442 0.1770860254764557 57
1745254508718 0.19021590054035187 58
1745254511046 0.18270255625247955 59
1745254512816 0.18353961408138275 60
1745254572168 0.18965516984462738 61
1745254574487 0.2050555944442749 62
1745254576754 0.19818615913391113 63
1745254579025 0.19896800816059113 64
1745254581332 0.19850470125675201 65
1745254583736 0.21000605821609497 66
1745254586043 0.20209689438343048 67
1745254588313 0.20092995464801788 68
1745254590595 0.1981765180826187 69
1745254592863 0.21973779797554016 70
1745254595151 0.20427489280700684 71
1745254597455 0.21548156440258026 72
1745254599734 0.21496149897575378 73
1745254602008 0.21937301754951477 74
1745254604283 0.2212149202823639 75
1745254606561 0.2231428027153015 76
1745254608958 0.21934105455875397 77
1745254611236 0.21505698561668396 78
1745254613505 0.23333069682121277 79
1745254615808 0.22837460041046143 80
1745254618099 0.24287661910057068 81
1745254620417 0.2257506549358368 82
1745254622712 0.23052754998207092 83
1745254624997 0.23855920135974884 84
1745254627286 0.23319490253925323 85
1745254629552 0.24393272399902344 86
1745254631881 0.24589166045188904 87
1745254634155 0.2456590235233307 88
1745254636436 0.2395857274532318 89
1745254638708 0.22825586795806885 90
1745254640991 0.22812876105308533 91
1745254643275 0.24464668333530426 92
1745254645719 0.23467029631137848 93
1745254648004 0.24753829836845398 94
1745254650271 0.24592739343643188 95
1745254652539 0.24378570914268494 96
1745254654844 0.24272480607032776 97
1745254657234 0.24236388504505157 98
1745254659565 0.23598216474056244 99
1745254661838 0.24593257904052734 100
1745254664117 0.23852568864822388 101
1745254666409 0.23901908099651337 102
1745254668826 0.2510759234428406 103
1745254671109 0.2520412504673004 104
1745254673430 0.2593417465686798 105
1745254675711 0.24869035184383392 106
1745254677998 0.2603040933609009 107
1745254680386 0.243287593126297 108
1745254682691 0.26798099279403687 109
1745254684981 0.2609977126121521 110
1745254687266 0.2622271180152893 111
1745254689535 0.2474738210439682 112
1745254691808 0.2505897879600525 113
1745254694124 0.25591662526130676 114
1745254696406 0.2564864754676819 115
1745254698673 0.26036399602890015 116
1745254700945 0.25802987813949585 117
1745254703226 0.2508662939071655 118
1745254705619 0.25631827116012573 119
1745254707916 0.2675159275531769 120
1745254709602 0.2608778178691864 121
1745254768992 0.2664077579975128 122
1745254771265 0.2623000144958496 123
1745254773536 0.27388060092926025 124
1745254775822 0.26394179463386536 125
1745254778183 0.27764108777046204 126
1745254780473 0.28073737025260925 127
1745254782775 0.2630873918533325 128
1745254785041 0.2776980400085449 129
1745254787330 0.2621549069881439 130
1745254789685 0.2772112190723419 131
1745254792027 0.27252814173698425 132
1745254794308 0.2816462516784668 133
1745254796590 0.2724146246910095 134
1745254798861 0.269308477640152 135
1745254801250 0.26558244228363037 136
1745254803529 0.2939762771129608 137
1745254805798 0.2700311839580536 138
1745254808067 0.2673216164112091 139
1745254810334 0.2775919735431671 140
1745254812627 0.2657930552959442 141
1745254814943 0.28699448704719543 142
1745254817225 0.27890267968177795 143
1745254819507 0.2783721387386322 144
1745254821792 0.2861839532852173 145
1745254824082 0.2853401303291321 146
1745254826478 0.2826036512851715 147
1745254828774 0.27681103348731995 148
1745254831062 0.28488489985466003 149
1745254833338 0.27165043354034424 150
1745254835640 0.28532129526138306 151
1745254838039 0.29346346855163574 152
1745254840334 0.28358325362205505 153
1745254842633 0.2746773958206177 154
1745254844914 0.27473336458206177 155
1745254847195 0.27781543135643005 156
1745254849597 0.2784896194934845 157
1745254851913 0.28465530276298523 158
1745254854189 0.287795752286911 159
1745254856474 0.26787862181663513 160
1745254858752 0.2741597294807434 161
1745254861017 0.28207695484161377 162
1745254863302 0.28773877024650574 163
1745254865588 0.29334038496017456 164
1745254867860 0.2815832197666168 165
1745254870139 0.2958817780017853 166
1745254872426 0.2912701368331909 167
1745254874817 0.2782925069332123 168
1745254877099 0.2883360683917999 169
1745254879381 0.27947720885276794 170
1745254881693 0.27897030115127563 171
1745254883980 0.2785346508026123 172
1745254886391 0.3038719892501831 173
1745254888667 0.2824242413043976 174
1745254890951 0.2894137501716614 175
1745254893238 0.28543490171432495 176
1745254895511 0.2920895218849182 177
1745254897893 0.2801945209503174 178
1745254900204 0.2783896028995514 179
1745254902517 0.29002320766448975 180
1745254904795 0.2941815257072449 181
1745254906488 0.288669228553772 182
1745254966312 0.2936030924320221 183
1745254968589 0.29342177510261536 184
1745254971063 0.30690106749534607 185
1745254973347 0.2965559661388397 186
1745254975634 0.30025550723075867 187
1745254977925 0.29075342416763306 188
1745254980202 0.30251267552375793 189
1745254982619 0.2985391914844513 190
1745254984940 0.2895898222923279 191
1745254987219 0.30529728531837463 192
1745254989513 0.294077605009079 193
1745254991795 0.2999018430709839 194
1745254994117 0.3025505840778351 195
1745254996403 0.304450660943985 196
1745254998686 0.296144038438797 197
1745255000968 0.297828733921051 198
1745255003247 0.3154609501361847 199
1745255005542 0.283419132232666 200
1745255007873 0.29407599568367004 201
1745255010160 0.29266175627708435 202
1745255012438 0.303984135389328 203
1745255014717 0.30057960748672485 204
1745255016984 0.2932291328907013 205
1745255019367 0.28247296810150146 206
1745255021675 0.2998817563056946 207
1745255023961 0.30670103430747986 208
1745255026243 0.28468069434165955 209
1745255028529 0.3110826015472412 210
1745255030906 0.30072295665740967 211
1745255033208 0.3093169331550598 212
1745255035491 0.2984152138233185 213
1745255037805 0.2940309941768646 214
1745255040094 0.2846715450286865 215
1745255042379 0.30176910758018494 216
1745255044680 0.29990091919898987 217
1745255046958 0.2983369529247284 218
1745255049238 0.29712414741516113 219
1745255051525 0.29226815700531006 220
1745255053811 0.3077690005302429 221
1745255056227 0.2888346016407013 222
1745255058520 0.307921826839447 223
1745255060804 0.28240516781806946 224
1745255063079 0.29590487480163574 225
1745255065359 0.28924161195755005 226
1745255067782 0.28507423400878906 227
1745255070062 0.2896987497806549 228
1745255072340 0.30973854660987854 229
1745255074631 0.3113032281398773 230
1745255076905 0.30939069390296936 231
1745255079322 0.3091428577899933 232
1745255081629 0.30436971783638 233
1745255083909 0.3073398172855377 234
1745255086178 0.29530560970306396 235
1745255088463 0.3048523962497711 236
1745255090773 0.29437723755836487 237
1745255093084 0.29394641518592834 238
1745255095381 0.3042412996292114 239
1745255097662 0.2921130061149597 240
1745255099932 0.30971503257751465 241
1745255102215 0.3114483654499054 242
1745255103980 0.3119458854198456 243
1745255163528 0.30455708503723145 244
1745255165832 0.3127745985984802 245
1745255168114 0.3020841181278229 246
1745255170414 0.29349368810653687 247
1745255172697 0.31685081124305725 248
1745255174988 0.31554070115089417 249
1745255177337 0.3177188038825989 250
1745255179635 0.2962396740913391 251
1745255181912 0.3069919943809509 252
1745255184186 0.3126363158226013 253
1745255186474 0.3098748028278351 254
1745255188826 0.30338722467422485 255
1745255191160 0.31072285771369934 256
1745255193413 0.3104639947414398 257
1745255195700 0.30038511753082275 258
1745255197991 0.31253454089164734 259
1745255200399 0.32777658104896545 260
1745255202722 0.3096465766429901 261
1745255205000 0.3178536593914032 262
1745255207281 0.3202718198299408 263
1745255209612 0.30491578578948975 264
1745255211919 0.3180307149887085 265
1745255214212 0.30710217356681824 266
1745255216506 0.320930540561676 267
1745255218801 0.3174789547920227 268
1745255221086 0.3070735037326813 269
1745255223373 0.30574917793273926 270
1745255225816 0.3206738829612732 271
1745255228109 0.3250366151332855 272
1745255230384 0.3176369369029999 273
1745255232658 0.31821420788764954 274
1745255234946 0.32071104645729065 275
1745255237302 0.30042609572410583 276
1745255239636 0.2910609841346741 277
1745255241920 0.31111258268356323 278
1745255244196 0.3211118280887604 279
1745255246477 0.32485246658325195 280
1745255248857 0.30826500058174133 281
1745255251139 0.31494319438934326 282
1745255253422 0.31126582622528076 283
1745255255717 0.29958292841911316 284
1745255258012 0.30409887433052063 285
1745255260330 0.3151482343673706 286
1745255262634 0.3080067038536072 287
1745255264912 0.31213831901550293 288
1745255267209 0.3074197471141815 289
1745255269500 0.302325576543808 290
1745255271776 0.3202039897441864 291
1745255274119 0.3042258024215698 292
1745255276394 0.30638885498046875 293
1745255278693 0.29941344261169434 294
1745255280961 0.3122062385082245 295
1745255283238 0.30448460578918457 296
1745255285664 0.30909374356269836 297
1745255287980 0.32800284028053284 298
1745255290253 0.33971545100212097 299
1745255292543 0.2994016706943512 300
1745255294835 0.31196898221969604 301
1745255297237 0.3077665865421295 302
1745255299544 0.31056320667266846 303
1745255301232 0.319032222032547 304
1745255361127 0.32476067543029785 305
1745255363413 0.3261418342590332 306
1745255365711 0.31607165932655334 307
1745255367992 0.3312043845653534 308
1745255370409 0.3198174238204956 309
1745255372714 0.3073880970478058 310
1745255374994 0.32015255093574524 311
1745255377268 0.32170823216438293 312
1745255379553 0.3243080675601959 313
1745255381872 0.32443585991859436 314
1745255384167 0.3104305863380432 315
1745255386443 0.3273296654224396 316
1745255388718 0.3208724856376648 317
1745255391012 0.33122462034225464 318
1745255393344 0.3258216083049774 319
1745255395626 0.3232722282409668 320
1745255397923 0.31772440671920776 321
1745255400221 0.3174954056739807 322
1745255402533 0.32477954030036926 323
1745255404817 0.3220326602458954 324
1745255407232 0.31553104519844055 325
1745255409527 0.3128410279750824 326
1745255411804 0.30945834517478943 327
1745255414094 0.3334674835205078 328
1745255416381 0.3216926157474518 329
1745255418797 0.29960986971855164 330
1745255421073 0.31230220198631287 331
1745255423357 0.32231754064559937 332
1745255425635 0.31753650307655334 333
1745255427902 0.31599563360214233 334
1745255430272 0.3153289258480072 335
1745255432580 0.3258742392063141 336
1745255434864 0.3135939836502075 337
1745255437131 0.328079491853714 338
1745255439421 0.319489061832428 339
1745255441753 0.31913235783576965 340
1745255444061 0.32197803258895874 341
1745255446330 0.3142961859703064 342
1745255448603 0.3062400817871094 343
1745255450896 0.32714787125587463 344
1745255453186 0.315652072429657 345
1745255455615 0.3143731951713562 346
1745255457925 0.33520227670669556 347
1745255460221 0.29972565174102783 348
1745255462517 0.3311145603656769 349
1745255464825 0.3147311806678772 350
1745255467240 0.330687016248703 351
1745255469553 0.3165670335292816 352
1745255471832 0.3141942322254181 353
1745255474108 0.32353585958480835 354
1745255476394 0.31805628538131714 355
1745255478823 0.31525272130966187 356
1745255481139 0.30621474981307983 357
1745255483428 0.3379020690917969 358
1745255485703 0.327235609292984 359
1745255487996 0.3337073028087616 360
1745255490406 0.3316182792186737 361
1745255492713 0.31955987215042114 362
1745255494994 0.31908658146858215 363
1745255497289 0.32565200328826904 364
1745255498997 0.3305447995662689 365
1745255558766 0.3101523220539093 366
1745255561068 0.33442559838294983 367
1745255563400 0.328848659992218 368
1745255565695 0.34427639842033386 369
1745255567990 0.3199789226055145 370
1745255570297 0.32398027181625366 371
1745255572590 0.33259642124176025 372
1745255575001 0.32798051834106445 373
1745255577326 0.3390531539916992 374
1745255579611 0.335583359003067 375
1745255581898 0.3334384262561798 376
1745255584176 0.3411945402622223 377
1745255586471 0.3572033643722534 378
1745255588768 0.33287379145622253 379
1745255591075 0.31956663727760315 380
1745255593358 0.3387300670146942 381
1745255595631 0.32662874460220337 382
1745255597916 0.3265424072742462 383
1745255600251 0.3223055899143219 384
1745255602545 0.34002289175987244 385
1745255604812 0.3414176404476166 386
1745255607078 0.31919559836387634 387
1745255609358 0.3195783793926239 388
1745255611683 0.3210752308368683 389
1745255613971 0.3268807828426361 390
1745255616266 0.3088078796863556 391
1745255618553 0.3411021828651428 392
1745255620833 0.33036088943481445 393
1745255623236 0.3271121680736542 394
1745255625524 0.3234672248363495 395
1745255627800 0.31442537903785706 396
1745255630098 0.3254137933254242 397
1745255632383 0.3343697190284729 398
1745255634664 0.31573474407196045 399
1745255636997 0.32835498452186584 400
1745255639276 0.31908437609672546 401
1745255641567 0.3271871507167816 402
1745255643834 0.32605665922164917 403
1745255646103 0.32214266061782837 404
1745255648498 0.33519798517227173 405
1745255650796 0.33774834871292114 406
1745255653079 0.32649531960487366 407
1745255655356 0.32949402928352356 408
1745255657631 0.3369670510292053 409
1745255659999 0.32637202739715576 410
1745255662304 0.3203181028366089 411
1745255664589 0.3208220601081848 412
1745255666879 0.3340277671813965 413
1745255669172 0.3261849284172058 414
1745255671590 0.3451419770717621 415
1745255673888 0.3302636444568634 416
1745255676180 0.3337799310684204 417
1745255678455 0.3259808123111725 418
1745255680750 0.31120482087135315 419
1745255683051 0.31607165932655334 420
1745255685355 0.33720502257347107 421
1745255687636 0.3223576247692108 422
1745255689915 0.3244920074939728 423
1745255692221 0.3160002827644348 424
1745255694511 0.3119882047176361 425
1745255696273 0.3268156349658966 426
1745255755619 0.34375807642936707 427
1745255757944 0.3228911757469177 428
1745255760240 0.3219168484210968 429
1745255762545 0.35597825050354004 430
1745255764824 0.33969464898109436 431
1745255767095 0.34767481684684753 432
1745255769528 0.3315342962741852 433
1745255771808 0.3391106128692627 434
1745255774108 0.3458085060119629 435
1745255776404 0.33592501282691956 436
1745255778691 0.34711113572120667 437
1745255781077 0.3336392343044281 438
1745255783366 0.33592429757118225 439
1745255785655 0.3235487639904022 440
1745255787958 0.3377074897289276 441
1745255790240 0.3435795307159424 442
1745255792647 0.3286857604980469 443
1745255794940 0.33559277653694153 444
1745255797247 0.3453625738620758 445
1745255799545 0.32670700550079346 446
1745255801828 0.34200677275657654 447
1745255804148 0.3275112509727478 448
1745255806464 0.3406640291213989 449
1745255808785 0.3266705572605133 450
1745255811073 0.3373189866542816 451
1745255813363 0.3282405138015747 452
1745255815665 0.34354907274246216 453
1745255817995 0.33202919363975525 454
1745255820299 0.3388824462890625 455
1745255822591 0.33812230825424194 456
1745255824879 0.35042181611061096 457
1745255827185 0.3396330773830414 458
1745255829567 0.31995466351509094 459
1745255831880 0.33772531151771545 460
1745255834179 0.33124619722366333 461
1745255836571 0.32652437686920166 462
1745255838890 0.32384926080703735 463
1745255841305 0.35239094495773315 464
1745255843632 0.32980209589004517 465
1745255845918 0.3237829804420471 466
1745255848207 0.323901504278183 467
1745255850502 0.33088675141334534 468
1745255852916 0.32023659348487854 469
1745255855247 0.32330670952796936 470
1745255857536 0.3212937116622925 471
1745255859818 0.32576584815979004 472
1745255862116 0.33976152539253235 473
1745255864412 0.32008096575737 474
1745255866717 0.32819584012031555 475
1745255868993 0.34271690249443054 476
1745255871279 0.3300985097885132 477
1745255873568 0.32617995142936707 478
1745255875848 0.3292716145515442 479
1745255878203 0.3296269476413727 480
1745255880487 0.32560694217681885 481
1745255882783 0.330908864736557 482
1745255885069 0.3303152918815613 483
1745255887353 0.3377964198589325 484
1745255889749 0.329090416431427 485
1745255892194 0.34486010670661926 486
1745255893917 0.33828169107437134 487
1745255953927 0.35414525866508484 488
1745255956270 0.3219160735607147 489
1745255958606 0.3636070191860199 490
1745255960916 0.34533002972602844 491
1745255963283 0.3357264995574951 492
1745255965597 0.3564807176589966 493
1745255967875 0.33543771505355835 494
1745255970159 0.3299356997013092 495
1745255972439 0.33715352416038513 496
1745255974837 0.34830358624458313 497
1745255977169 0.337974488735199 498
1745255979479 0.3407626748085022 499
1745255981793 0.3340857923030853 500
1745255984087 0.34241101145744324 501
1745255986532 0.33263537287712097 502
1745255988837 0.34944280982017517 503
1745255991127 0.34117916226387024 504
1745255993424 0.34877464175224304 505
1745255995748 0.34038883447647095 506
1745255998125 0.3450564444065094 507
1745256000446 0.3268340229988098 508
1745256002734 0.3307151198387146 509
1745256005029 0.31929662823677063 510
1745256007330 0.35402774810791016 511
1745256009632 0.3347838222980499 512
1745256012081 0.3482370972633362 513
1745256014400 0.3597978353500366 514
1745256016724 0.3429564833641052 515
1745256019031 0.34943893551826477 516
1745256021336 0.3527441620826721 517
1745256023832 0.3414507806301117 518
1745256026158 0.3350578844547272 519
1745256028446 0.3539504110813141 520
1745256030728 0.33436912298202515 521
1745256033009 0.3414323329925537 522
1745256035407 0.32613781094551086 523
1745256037727 0.3373112976551056 524
1745256040032 0.34275689721107483 525
1745256042323 0.3371264934539795 526
1745256044613 0.34757134318351746 527
1745256047009 0.34071651101112366 528
1745256049323 0.3496800363063812 529
1745256051624 0.332402765750885 530
1745256053910 0.33885183930397034 531
1745256056205 0.3451913595199585 532
1745256058628 0.3488658666610718 533
1745256060950 0.3204041123390198 534
1745256063254 0.33476051688194275 535
1745256065559 0.3303040862083435 536
1745256067865 0.32897087931632996 537
1745256070162 0.34090763330459595 538
1745256072561 0.33935466408729553 539
1745256074869 0.3490694463253021 540
1745256077157 0.3302679657936096 541
1745256079453 0.33754226565361023 542
1745256081744 0.35021448135375977 543
1745256084176 0.349366694688797 544
1745256086505 0.34011077880859375 545
1745256088801 0.3376159965991974 546
1745256091115 0.33363988995552063 547
1745256092812 0.33536383509635925 548
1745256152825 0.3474668860435486 549
1745256155177 0.34941521286964417 550
1745256157507 0.3644360899925232 551
1745256159784 0.3441166579723358 552
1745256162069 0.3544572591781616 553
1745256164391 0.33913227915763855 554
1745256166674 0.34372106194496155 555
1745256169109 0.33904001116752625 556
1745256171410 0.3476521968841553 557
1745256173709 0.35021206736564636 558
1745256176000 0.3467893600463867 559
1745256178293 0.3762394189834595 560
1745256180733 0.3391891121864319 561
1745256183048 0.35870495438575745 562
1745256185354 0.37175390124320984 563
1745256187653 0.34603404998779297 564
1745256189957 0.3494977653026581 565
1745256192404 0.3508245050907135 566
1745256194720 0.3515251874923706 567
1745256197037 0.34733760356903076 568
1745256199321 0.36708569526672363 569
1745256201619 0.334464967250824 570
1745256204007 0.3407365679740906 571
1745256206345 0.3511456251144409 572
1745256208634 0.3489767909049988 573
1745256210952 0.34012243151664734 574
1745256213256 0.33828428387641907 575
1745256215688 0.35168659687042236 576
1745256218048 0.3447374701499939 577
1745256220343 0.3541722297668457 578
1745256222639 0.35224035382270813 579
1745256224932 0.3465520739555359 580
1745256227257 0.35576745867729187 581
1745256229555 0.3497050404548645 582
1745256231847 0.33354634046554565 583
1745256234132 0.33803629875183105 584
1745256236423 0.36344659328460693 585
1745256238722 0.32928991317749023 586
1745256241147 0.3468056321144104 587
1745256243460 0.3281322717666626 588
1745256245761 0.33888575434684753 589
1745256248057 0.35017165541648865 590
1745256250347 0.33793923258781433 591
1745256252733 0.34314560890197754 592
1745256255049 0.35310500860214233 593
1745256257339 0.34237587451934814 594
1745256259625 0.3573344945907593 595
1745256261925 0.3381670415401459 596
1745256264352 0.35066598653793335 597
1745256266671 0.33354824781417847 598
1745256268965 0.34638041257858276 599
1745256271255 0.3448466360569 600
1745256273550 0.35371798276901245 601
1745256275985 0.34249213337898254 602
1745256278303 0.3319392800331116 603
1745256280592 0.33982235193252563 604
1745256282898 0.3491002023220062 605
1745256285198 0.34231480956077576 606
1745256287507 0.34924668073654175 607
1745256289812 0.32734689116477966 608
1745256291523 0.3348448872566223 609
