1745615613126 0.00016295492241624743 0
1745615617661 0.04937969893217087 1
1745615621512 0.06033281981945038 2
1745615625259 0.0576443187892437 3
1745615629191 0.06299515813589096 4
1745615633349 0.0605575367808342 5
1745615637014 0.058289725333452225 6
1745615640727 0.06547379493713379 7
1745615645319 0.06356757879257202 8
1745615649010 0.05836448445916176 9
1745615652702 0.05628989636898041 10
1745615657184 0.051209863275289536 11
1745615660941 0.046171512454748154 12
1745615664646 0.051981717348098755 13
1745615668596 0.03190005198121071 14
1745615672724 0.0570334792137146 15
1745615676444 0.0604688934981823 16
1745615680134 0.0613018162548542 17
1745615684715 0.05876914784312248 18
1745615688382 0.05793111026287079 19
1745615692097 0.06102031469345093 20
1745615696640 0.07246715575456619 21
1745615700373 0.07086040079593658 22
1745615704055 0.0799676924943924 23
1745615708053 0.08973697572946548 24
1745615712086 0.08660119771957397 25
1745615715783 0.09791546314954758 26
1745615719471 0.09442705661058426 27
1745615724002 0.10156483948230743 28
1745615727662 0.10397636890411377 29
1745615731329 0.11537174880504608 30
1745615735905 0.11496890336275101 31
1745615740396 0.12179061025381088 32
1745615744095 0.12304364144802094 33
1745615748581 0.12221638858318329 34
1745615752365 0.1279376745223999 35
1745615756040 0.1322537064552307 36
1745615759984 0.1259871870279312 37
1745615764156 0.12405842542648315 38
1745615767827 0.1313261240720749 39
1745615771669 0.1390981823205948 40
1745615777006 0.13866470754146576 41
1745615780701 0.13529856503009796 42
1745615784399 0.1407015472650528 43
1745615788518 0.14451563358306885 44
1745615792429 0.14665119349956512 45
1745615796101 0.14979462325572968 46
1745615799770 0.15852253139019012 47
1745615804207 0.14734385907649994 48
1745615807891 0.15081192553043365 49
1745615811576 0.15278223156929016 50
1745615816176 0.15190377831459045 51
1745615819916 0.15493744611740112 52
1745615823630 0.1558758169412613 53
1745615827829 0.16193830966949463 54
1745615831699 0.15885014832019806 55
1745615835365 0.15807051956653595 56
1745615839041 0.1577855497598648 57
1745615843455 0.1643103063106537 58
1745615847129 0.15279008448123932 59
1745615850816 0.1632767915725708 60
1745615855369 0.16062933206558228 61
1745615859053 0.16852116584777832 62
1745615862714 0.16402310132980347 63
1745615866869 0.1594570279121399 64
1745615870767 0.1612035185098648 65
1745615874440 0.17130009829998016 66
1745615878118 0.17170022428035736 67
1745615882551 0.17076988518238068 68
1745615886221 0.17260274291038513 69
1745615889891 0.1724673956632614 70
1745615894451 0.18132197856903076 71
1745615898126 0.18501877784729004 72
1745615901830 0.17529445886611938 73
1745615905984 0.17889942228794098 74
1745615909884 0.17587152123451233 75
1745615913561 0.1705171912908554 76
1745615917242 0.174946129322052 77
1745615921667 0.1836199015378952 78
1745615925334 0.1897522509098053 79
1745615927417 0.17877954244613647 80
1745616393359 0.16337858140468597 81
1745616397041 0.17747393250465393 82
1745616400727 0.1836683601140976 83
1745616405249 0.1807228922843933 84
1745616409035 0.19456876814365387 85
1745616412747 0.18045493960380554 86
1745616416684 0.18887943029403687 87
1745616420856 0.18438686430454254 88
1745616424584 0.20755180716514587 89
1745616428272 0.18446655571460724 90
1745616432845 0.18545684218406677 91
1745616436544 0.1936456561088562 92
1745616440253 0.20025743544101715 93
1745616444775 0.19484028220176697 94
1745616448524 0.20002543926239014 95
1745616452208 0.19610542058944702 96
1745616456197 0.1986074447631836 97
1745616460294 0.19296175241470337 98
1745616464046 0.19833581149578094 99
1745616467747 0.18875302374362946 100
1745616472280 0.19450592994689941 101
1745616475973 0.19874116778373718 102
1745616479668 0.20800144970417023 103
1745616484249 0.19688978791236877 104
1745616488772 0.20654447376728058 105
1745616492452 0.20975887775421143 106
1745616496837 0.20155732333660126 107
1745616500630 0.1939472258090973 108
1745616504344 0.20000000298023224 109
1745616508192 0.20796042680740356 110
1745616512458 0.2012605369091034 111
1745616516154 0.20598052442073822 112
1745616520279 0.20940230786800385 113
1745616525114 0.2057076096534729 114
1745616528812 0.20205065608024597 115
1745616532497 0.21418294310569763 116
1745616537007 0.21137146651744843 117
1745616540725 0.20135410130023956 118
1745616544486 0.20198465883731842 119
1745616548579 0.20701754093170166 120
1745616552542 0.20250368118286133 121
1745616556234 0.21506881713867188 122
1745616559928 0.20557954907417297 123
1745616564300 0.20772071182727814 124
1745616567988 0.20686030387878418 125
1745616571690 0.2114126831293106 126
1745616576182 0.214784637093544 127
1745616579880 0.21294580399990082 128
1745616583569 0.20920374989509583 129
1745616587825 0.20661991834640503 130
1745616591639 0.20013557374477386 131
1745616595337 0.20430247485637665 132
1745616599130 0.21389873325824738 133
1745616603362 0.21979612112045288 134
1745616607060 0.21061475574970245 135
1745616610750 0.2214699536561966 136
1745616615279 0.20385855436325073 137
1745616618976 0.21179576218128204 138
1745616622672 0.20935925841331482 139
1745616627199 0.20861412584781647 140
1745616630908 0.213422492146492 141
1745616634600 0.22446106374263763 142
1745616638711 0.21719425916671753 143
1745616642636 0.21454207599163055 144
1745616646348 0.22805865108966827 145
1745616650022 0.21357299387454987 146
1745616654427 0.21626298129558563 147
1745616658120 0.21772950887680054 148
1745616661823 0.22694364190101624 149
1745616666384 0.21661821007728577 150
1745616670103 0.22147613763809204 151
1745616673781 0.20728769898414612 152
1745616678144 0.22851869463920593 153
1745616681916 0.22068791091442108 154
1745616685629 0.21462829411029816 155
1745616689543 0.22121740877628326 156
1745616693655 0.20096799731254578 157
1745616697346 0.213340625166893 158
1745616701041 0.22577308118343353 159
1745616705534 0.21478009223937988 160
1745616707628 0.22569915652275085 161
