1745615613126 9.1356840133667 0
1745615617661 8.668132781982422 1
1745615621512 8.28610610961914 2
1745615625259 7.935471057891846 3
1745615629191 7.610233783721924 4
1745615633349 7.325988292694092 5
1745615637014 7.007197380065918 6
1745615640727 6.693348407745361 7
1745615645319 6.564450740814209 8
1745615649010 6.449423789978027 9
1745615652702 6.4099345207214355 10
1745615657184 6.385796546936035 11
1745615660941 6.4368486404418945 12
1745615664646 6.474514484405518 13
1745615668596 6.4687180519104 14
1745615672724 6.324587821960449 15
1745615676444 6.383028507232666 16
1745615680134 6.338890552520752 17
1745615684715 6.35697603225708 18
1745615688382 6.272512912750244 19
1745615692097 6.297397613525391 20
1745615696640 6.263951301574707 21
1745615700373 6.240879535675049 22
1745615704055 6.238617897033691 23
1745615708053 6.142366886138916 24
1745615712086 6.145947456359863 25
1745615715783 6.120330810546875 26
1745615719471 6.1231584548950195 27
1745615724002 6.131410598754883 28
1745615727662 6.006222248077393 29
1745615731329 5.941982746124268 30
1745615735905 5.948887825012207 31
1745615740396 5.881965160369873 32
1745615744095 5.896925926208496 33
1745615748581 5.9126482009887695 34
1745615752365 5.851418495178223 35
1745615756040 5.7881855964660645 36
1745615759984 5.785758018493652 37
1745615764156 5.765011310577393 38
1745615767827 5.713583469390869 39
1745615771669 5.701815128326416 40
1745615777006 5.665124893188477 41
1745615780701 5.733276844024658 42
1745615784399 5.622425556182861 43
1745615788518 5.642727375030518 44
1745615792429 5.553020000457764 45
1745615796101 5.5669169425964355 46
1745615799770 5.467116832733154 47
1745615804207 5.560381889343262 48
1745615807891 5.551114082336426 49
1745615811576 5.380089282989502 50
1745615816176 5.5192341804504395 51
1745615819916 5.418984413146973 52
1745615823630 5.495861530303955 53
1745615827829 5.342640399932861 54
1745615831699 5.390567779541016 55
1745615835365 5.385883808135986 56
1745615839041 5.391039848327637 57
1745615843455 5.398453235626221 58
1745615847129 5.491211891174316 59
1745615850816 5.364988327026367 60
1745615855369 5.380741596221924 61
1745615859053 5.294255256652832 62
1745615862714 5.306931495666504 63
1745615866869 5.304283142089844 64
1745615870767 5.310576438903809 65
1745615874440 5.23411750793457 66
1745615878118 5.245880603790283 67
1745615882551 5.257289886474609 68
1745615886221 5.249457836151123 69
1745615889891 5.2259979248046875 70
1745615894451 5.191234111785889 71
1745615898126 5.08447790145874 72
1745615901830 5.203104496002197 73
1745615905984 5.173630714416504 74
1745615909884 5.232147216796875 75
1745615913561 5.257617473602295 76
1745615917242 5.126286506652832 77
1745615921667 5.141687393188477 78
1745615925334 5.091867446899414 79
1745615927417 5.146876335144043 80
1745616393359 5.220210552215576 81
1745616397041 5.118914604187012 82
1745616400727 5.078235149383545 83
1745616405249 5.093661785125732 84
1745616409035 4.991821765899658 85
1745616412747 5.087250709533691 86
1745616416684 5.0474090576171875 87
1745616420856 5.102689266204834 88
1745616424584 4.923376560211182 89
1745616428272 5.073420524597168 90
1745616432845 5.069108486175537 91
1745616436544 5.031496047973633 92
1745616440253 4.95425271987915 93
1745616444775 5.007193088531494 94
1745616448524 4.97801399230957 95
1745616452208 4.948119640350342 96
1745616456197 4.924654960632324 97
1745616460294 5.014392375946045 98
1745616464046 4.971985340118408 99
1745616467747 5.011106491088867 100
1745616472280 5.009776592254639 101
1745616475973 4.963284492492676 102
1745616479668 4.8343825340271 103
1745616484249 4.901976585388184 104
1745616488772 4.834362506866455 105
1745616492452 4.861705303192139 106
1745616496837 4.9132585525512695 107
1745616500630 4.994959354400635 108
1745616504344 4.934406280517578 109
1745616508192 4.877803802490234 110
1745616512458 4.905832767486572 111
1745616516154 4.884141445159912 112
1745616520279 4.860752105712891 113
1745616525114 4.888562202453613 114
1745616528812 4.846075057983398 115
1745616532497 4.7713942527771 116
1745616537007 4.810125350952148 117
1745616540725 4.918665885925293 118
1745616544486 4.928720951080322 119
1745616548579 4.870300769805908 120
1745616552542 4.87864875793457 121
1745616556234 4.772652626037598 122
1745616559928 4.911153793334961 123
1745616564300 4.865270137786865 124
1745616567988 4.837851047515869 125
1745616571690 4.817760467529297 126
1745616576182 4.802893161773682 127
1745616579880 4.796795845031738 128
1745616583569 4.804506778717041 129
1745616587825 4.79207181930542 130
1745616591639 4.9182538986206055 131
1745616595337 4.889321804046631 132
1745616599130 4.756244659423828 133
1745616603362 4.694299697875977 134
1745616607060 4.880565166473389 135
1745616610750 4.699090003967285 136
1745616615279 4.870422840118408 137
1745616618976 4.837910175323486 138
1745616622672 4.828976154327393 139
1745616627199 4.884662628173828 140
1745616630908 4.76840877532959 141
1745616634600 4.677757740020752 142
1745616638711 4.768196105957031 143
1745616642636 4.772543430328369 144
1745616646348 4.707804203033447 145
1745616650022 4.817447185516357 146
1745616654427 4.852175712585449 147
1745616658120 4.68424129486084 148
1745616661823 4.601137638092041 149
1745616666384 4.7683587074279785 150
1745616670103 4.688998699188232 151
1745616673781 4.774779796600342 152
1745616678144 4.681408882141113 153
1745616681916 4.693495273590088 154
1745616685629 4.7793354988098145 155
1745616689543 4.697295188903809 156
1745616693655 4.881190776824951 157
1745616697346 4.808485507965088 158
1745616701041 4.576369762420654 159
1745616705534 4.785966396331787 160
1745616707628 4.74212121963501 161
