1746053988530 9.560272216796875 0
1746053994523 9.562788963317871 1
1746054000044 9.52185344696045 2
1746054006443 9.443889617919922 3
1746054012054 9.307510375976562 4
1746054018512 9.136707305908203 5
1746054024082 8.940604209899902 6
1746054030519 8.720253944396973 7
1746054036067 8.453197479248047 8
1746054042407 8.231491088867188 9
1746054048046 7.932705402374268 10
1746054053861 7.644479751586914 11
1746054059834 7.374448776245117 12
1746054065372 7.142068386077881 13
1746054071793 6.980042457580566 14
1746054077346 6.733356475830078 15
1746054083750 6.6235198974609375 16
1746054089334 6.581710338592529 17
1746054095778 6.5336079597473145 18
1746054101287 6.532901763916016 19
1746054107342 6.540527820587158 20
1746054113079 6.630681037902832 21
1746054118604 6.666734218597412 22
1746054124787 6.666486740112305 23
1746054130351 6.572500228881836 24
1746054136747 6.480224132537842 25
1746054142253 6.528871059417725 26
1746054148757 6.514811038970947 27
1746054154291 6.434399604797363 28
1746054160672 6.544166564941406 29
1746054166255 6.471372127532959 30
1746054172072 6.465513229370117 31
1746054178005 6.514369487762451 32
1746054183568 6.521517276763916 33
1746054189908 6.506976127624512 34
1746054195484 6.464625835418701 35
1746054201906 6.463771820068359 36
1746054207472 6.423423767089844 37
1746054213957 6.429652214050293 38
1746054219486 6.452261924743652 39
1746054225772 6.443121910095215 40
1746054231542 6.4595794677734375 41
1746054237478 6.474854469299316 42
1746054243431 6.515380382537842 43
1746054248959 6.4355788230896 44
1746054255420 6.506342887878418 45
1746054260983 6.431585311889648 46
1746054267470 6.449645519256592 47
1746054273027 6.425159454345703 48
1746054279514 6.392034530639648 49
1746054285061 6.38810920715332 50
1746054291213 6.398749828338623 51
1746054296966 6.437758445739746 52
1746054302535 6.470012187957764 53
1746054308688 6.415528774261475 54
1746054314269 6.386122703552246 55
1746054320707 6.433969497680664 56
1746054326276 6.442444801330566 57
1746054332685 6.468878746032715 58
1746054338224 6.40733003616333 59
1746054344666 6.46268892288208 60
1746054350179 6.398570537567139 61
1746054356147 6.388603210449219 62
1746054361928 6.422323703765869 63
1746054367448 6.397353172302246 64
1746054373819 6.47889518737793 65
1746054379368 6.4417033195495605 66
1746054385828 6.472240924835205 67
1746054391366 6.391696453094482 68
1746054397804 6.319528579711914 69
1746054403324 6.4307403564453125 70
1746054409688 6.446058750152588 71
1746054415316 6.4061126708984375 72
1746054421142 6.406722068786621 73
1746054427059 6.428747653961182 74
1746054432587 6.415466785430908 75
1746054438922 6.404138088226318 76
1746054444444 6.402192115783691 77
1746054450929 6.426223278045654 78
1746054456451 6.398831367492676 79
1746054462910 6.394246578216553 80
1746054468448 6.358078479766846 81
1746054474600 6.410927772521973 82
1746054480314 6.461696147918701 83
1746054485887 6.390187740325928 84
1746054492003 6.370944499969482 85
1746054497591 6.406175136566162 86
1746054504111 6.384647846221924 87
1746054509691 6.379098415374756 88
1746054516132 6.460253715515137 89
1746054521670 6.4061994552612305 90
1746054528107 6.438033103942871 91
1746055209428 6.392791748046875 92
1746055215029 6.391751766204834 93
1746055221521 6.41629695892334 94
1746055227138 6.415925979614258 95
1746055233654 6.38277006149292 96
1746055239253 6.419338703155518 97
1746055245749 6.429964065551758 98
1746055251343 6.372029781341553 99
1746055257629 6.364020347595215 100
1746055263342 6.407998561859131 101
1746055269068 6.40690803527832 102
1746055275175 6.3883795738220215 103
1746055280802 6.363866806030273 104
1746055287285 6.406446933746338 105
1746055292854 6.418109893798828 106
1746055299421 6.378204822540283 107
1746055304964 6.403173446655273 108
1746055311388 6.402281761169434 109
1746055316935 6.4313507080078125 110
1746055323159 6.339275360107422 111
1746055328895 6.429624080657959 112
1746055334559 6.401131629943848 113
1746055340673 6.392782211303711 114
1746055346326 6.370759963989258 115
1746055352748 6.362821578979492 116
1746055358280 6.414421558380127 117
1746055364800 6.363336563110352 118
1746055370328 6.3837409019470215 119
1746055376817 6.4478325843811035 120
1746055382339 6.379489421844482 121
1746055388404 6.3844170570373535 122
1746055394098 6.351058483123779 123
1746055399621 6.422542572021484 124
1746055405872 6.3707804679870605 125
1746055411443 6.409402847290039 126
1746055417868 6.428966999053955 127
1746055423404 6.373206615447998 128
1746055429856 6.416919708251953 129
1746055435401 6.380185604095459 130
1746055441738 6.410625457763672 131
1746055447338 6.419277191162109 132
1746055453130 6.363774299621582 133
1746055459045 6.413993835449219 134
1746055464601 6.413268089294434 135
1746055470994 6.419073581695557 136
1746055476522 6.419205665588379 137
1746055483027 6.343847751617432 138
1746055488597 6.375480651855469 139
1746055495030 6.455141544342041 140
1746055500566 6.397701263427734 141
1746055506759 6.400634765625 142
1746055512492 6.386378765106201 143
1746055518066 6.463968753814697 144
1746055524176 6.404033660888672 145
1746055529742 6.341653347015381 146
1746055536164 6.326205253601074 147
1746055541664 6.356842994689941 148
1746055548076 6.420382499694824 149
1746055553627 6.444019794464111 150
1746055560015 6.386845588684082 151
1746055565545 6.391827583312988 152
1746055571431 6.369829177856445 153
1746055577211 6.401118278503418 154
1746055582742 6.404623985290527 155
1746055589068 6.3498854637146 156
1746055594616 6.380391597747803 157
1746055601067 6.4016852378845215 158
1746055606614 6.417347431182861 159
1746055613023 6.456264972686768 160
1746055618543 6.38421630859375 161
1746055624814 6.410706996917725 162
1746055630474 6.39541482925415 163
1746055636139 6.342745780944824 164
1746055642144 6.388216018676758 165
1746055647670 6.381319999694824 166
1746055654079 6.305811882019043 167
1746055659623 6.408957481384277 168
1746055666069 6.297454833984375 169
1746055671615 6.421666622161865 170
1746055678045 6.3836283683776855 171
1746055683563 6.4168219566345215 172
1746055689594 6.357321262359619 173
1746055695336 6.453090667724609 174
1746055700859 6.3988037109375 175
1746055707079 6.365503311157227 176
1746055712621 6.351937294006348 177
1746055719018 6.411075592041016 178
1746055724559 6.3508172035217285 179
1746055730993 6.409591197967529 180
1746055736578 6.422506809234619 181
1746055742832 6.356215000152588 182
1746055748453 6.39383602142334 183
1746056427747 6.39650821685791 184
1746056434293 6.382340908050537 185
1746056439811 6.4222540855407715 186
1746056446007 6.33082389831543 187
1746056451729 6.360269546508789 188
1746056457345 6.3742547035217285 189
1746056463389 6.413362503051758 190
1746056468905 6.381293773651123 191
1746056475355 6.466989517211914 192
1746056480883 6.441989421844482 193
1746056487327 6.406423091888428 194
1746056492840 6.375949859619141 195
1746056499293 6.377658367156982 196
1746056504793 6.361117839813232 197
1746056510670 6.345788955688477 198
1746056516487 6.351171493530273 199
1746056521983 6.389039039611816 200
1746056528254 6.425544261932373 201
1746056533740 6.39067268371582 202
1746056540186 6.370011329650879 203
1746056545717 6.369592189788818 204
1746056552146 6.398585796356201 205
1746056557670 6.395476341247559 206
1746056563761 6.3769450187683105 207
1746056569472 6.367923736572266 208
1746056575007 6.357048034667969 209
1746056581209 6.353667736053467 210
1746056586721 6.376101016998291 211
1746056593138 6.339200496673584 212
1746056598701 6.379042148590088 213
1746056605084 6.414690017700195 214
1746056610610 6.4174909591674805 215
1746056617024 6.412432670593262 216
1746056622681 6.344221115112305 217
1746056628461 6.3886942863464355 218
1746056634364 6.34920072555542 219
1746056639981 6.469082832336426 220
1746056646326 6.388941287994385 221
1746056651890 6.373372554779053 222
1746056658427 6.3676629066467285 223
1746056663952 6.343320369720459 224
1746056670417 6.381008148193359 225
1746056675979 6.3587965965271 226
1746056682192 6.377908706665039 227
1746056687930 6.371592044830322 228
1746056693508 6.370809555053711 229
1746056699613 6.395021915435791 230
1746056705203 6.382434368133545 231
1746056711707 6.364994525909424 232
1746056717341 6.394984722137451 233
1746056723869 6.3747944831848145 234
1746056729443 6.390498638153076 235
1746056735922 6.431247234344482 236
1746056741562 6.411039352416992 237
1746056747682 6.396876811981201 238
1746056753418 6.368877410888672 239
1746056758960 6.38724946975708 240
1746056765193 6.383208274841309 241
1746056770778 6.338363170623779 242
1746056777260 6.388534069061279 243
1746056782835 6.359703540802002 244
1746056789352 6.378653049468994 245
1746056794905 6.392457962036133 246
1746056801391 6.411321640014648 247
1746056806984 6.395464897155762 248
1746056813007 6.405054092407227 249
1746056818870 6.325699329376221 250
1746056824417 6.414805889129639 251
1746056830775 6.3571014404296875 252
1746056836314 6.372202396392822 253
1746056842847 6.362229347229004 254
1746056848407 6.402618408203125 255
1746056854878 6.361476421356201 256
1746056860441 6.358245849609375 257
1746056866792 6.364373683929443 258
1746056872434 6.416506767272949 259
1746056878317 6.3924479484558105 260
1746056884179 6.416755676269531 261
1746056889747 6.354630470275879 262
1746056896096 6.374427795410156 263
1746056901714 6.3877177238464355 264
1746056908258 6.377851963043213 265
1746056913839 6.40065860748291 266
1746056920363 6.360418796539307 267
1746056925936 6.386484622955322 268
1746056932236 6.373960494995117 269
1746056937921 6.474314212799072 270
1746056943658 6.377139568328857 271
1746056949679 6.342085361480713 272
1746056955233 6.3188958168029785 273
1746056961702 6.3358893394470215 274
1746056967316 6.34270715713501 275
1746057647255 6.320017337799072 276
1746057653693 6.374460697174072 277
1746057659270 6.355867862701416 278
1746057665718 6.340775966644287 279
1746057671278 6.401146411895752 280
1746057677826 6.365004062652588 281
1746057683363 6.408938884735107 282
1746057689772 6.354170322418213 283
1746057695298 6.329777717590332 284
1746057701233 6.376798152923584 285
1746057707067 6.367753028869629 286
1746057712589 6.380214214324951 287
1746057718919 6.3638691902160645 288
1746057724432 6.360062599182129 289
1746057730914 6.427945137023926 290
1746057736484 6.384725093841553 291
1746057742944 6.315649032592773 292
1746057748492 6.403220176696777 293
1746057754803 6.339811325073242 294
1746057760486 6.3722825050354 295
1746057766237 6.360918045043945 296
1746057772249 6.38509464263916 297
1746057777865 6.344784259796143 298
1746057784275 6.365572452545166 299
1746057789938 6.407217502593994 300
1746057796375 6.36604642868042 301
1746057801955 6.323657035827637 302
1746057808430 6.394500255584717 303
1746057813962 6.326464653015137 304
1746057820190 6.346543788909912 305
1746057825874 6.379048824310303 306
1746057831526 6.370331287384033 307
1746057837650 6.357143402099609 308
1746057843221 6.293453216552734 309
1746057849737 6.3741374015808105 310
1746057855293 6.40790319442749 311
1746057861817 6.399014472961426 312
1746057867396 6.380299091339111 313
1746057873972 6.378382682800293 314
1746057879570 6.33385705947876 315
1746057885726 6.371021747589111 316
1746057891475 6.368487358093262 317
1746057897080 6.339211940765381 318
1746057903258 6.374741077423096 319
1746057908838 6.383080959320068 320
1746057915408 6.346770763397217 321
1746057921023 6.3597869873046875 322
1746057927565 6.357324600219727 323
1746057933200 6.343957424163818 324
1746057939709 6.360678195953369 325
1746057945320 6.335847854614258 326
1746057951523 6.344074249267578 327
1746057957352 6.304025173187256 328
1746057963102 6.302532196044922 329
1746057969289 6.39329195022583 330
1746057974891 6.330231189727783 331
1746057981445 6.373712539672852 332
1746057987074 6.322716236114502 333
1746057993625 6.383218765258789 334
1746057999271 6.317043304443359 335
1746058005850 6.294704914093018 336
1746058011461 6.3769850730896 337
1746058017792 6.3732428550720215 338
1746058023559 6.374919891357422 339
1746058029450 6.278055191040039 340
1746058035545 6.365780830383301 341
1746058041188 6.346972942352295 342
1746058047628 6.317147254943848 343
1746058053203 6.26821756362915 344
1746058059746 6.326476097106934 345
1746058065380 6.327740669250488 346
1746058071938 6.382915019989014 347
1746058077555 6.324120044708252 348
1746058083934 6.248890399932861 349
1746058089619 6.30030632019043 350
1746058095573 6.361544609069824 351
1746058101494 6.265491485595703 352
1746058107106 6.288087368011475 353
1746058113464 6.280022144317627 354
1746058119096 6.304309368133545 355
1746058125673 6.291029453277588 356
1746058131261 6.276212215423584 357
1746058137766 6.291853904724121 358
1746058143423 6.309676647186279 359
1746058149896 6.368228912353516 360
1746058155558 6.290705680847168 361
1746058161665 6.286468505859375 362
1746058167568 6.352050304412842 363
1746058173140 6.3029937744140625 364
1746058179474 6.2893290519714355 365
1746058185134 6.3305888175964355 366
1746058191604 6.27267599105835 367
