1746053988530 0.0 0
1746053994523 0.00011844832624774426 1
1746054000044 0.00014272461703512818 2
1746054006443 0.0005413818871602416 3
1746054012054 0.0013364923652261496 4
1746054018512 0.020874470472335815 5
1746054024082 0.06378118693828583 6
1746054030519 0.0709581971168518 7
1746054036067 0.07264214754104614 8
1746054042407 0.06598009169101715 9
1746054048046 0.07180053740739822 10
1746054053861 0.07386086881160736 11
1746054059834 0.0728929415345192 12
1746054065372 0.0653577446937561 13
1746054071793 0.06747116148471832 14
1746054077346 0.06883998215198517 15
1746054083750 0.0727219209074974 16
1746054089334 0.07300520688295364 17
1746054095778 0.07020420581102371 18
1746054101287 0.07396098226308823 19
1746054107342 0.07372824102640152 20
1746054113079 0.042240697890520096 21
1746054118604 0.03890693932771683 22
1746054124787 0.03663606569170952 23
1746054130351 0.03711790218949318 24
1746054136747 0.040845777839422226 25
1746054142253 0.04028964042663574 26
1746054148757 0.043569255620241165 27
1746054154291 0.07172875851392746 28
1746054160672 0.07297350466251373 29
1746054166255 0.07316654920578003 30
1746054172072 0.06899833679199219 31
1746054178005 0.0660410150885582 32
1746054183568 0.07040075212717056 33
1746054189908 0.07171450555324554 34
1746054195484 0.07095646858215332 35
1746054201906 0.07652601599693298 36
1746054207472 0.06872764229774475 37
1746054213957 0.071111761033535 38
1746054219486 0.06965381652116776 39
1746054225772 0.0739409327507019 40
1746054231542 0.07189108431339264 41
1746054237478 0.06998609751462936 42
1746054243431 0.07283297181129456 43
1746054248959 0.07172799110412598 44
1746054255420 0.0705457478761673 45
1746054260983 0.06748257577419281 46
1746054267470 0.06800870597362518 47
1746054273027 0.07406415045261383 48
1746054279514 0.07096217572689056 49
1746054285061 0.07445830851793289 50
1746054291213 0.07182670384645462 51
1746054296966 0.06867767125368118 52
1746054302535 0.0692092552781105 53
1746054308688 0.07732352614402771 54
1746054314269 0.07447413355112076 55
1746054320707 0.07241487503051758 56
1746054326276 0.07106397300958633 57
1746054332685 0.06904032826423645 58
1746054338224 0.07154984027147293 59
1746054344666 0.071166031062603 60
1746054350179 0.0774330198764801 61
1746054356147 0.07755281776189804 62
1746054361928 0.07452709227800369 63
1746054367448 0.07661636918783188 64
1746054373819 0.06834404915571213 65
1746054379368 0.06368318200111389 66
1746054385828 0.07383156567811966 67
1746054391366 0.07123806327581406 68
1746054397804 0.08067834377288818 69
1746054403324 0.06765443831682205 70
1746054409688 0.07378492504358292 71
1746054415316 0.07231404632329941 72
1746054421142 0.06616347283124924 73
1746054427059 0.07188402116298676 74
1746054432587 0.06897865980863571 75
1746054438922 0.07592912763357162 76
1746054444444 0.07386685907840729 77
1746054450929 0.06724310666322708 78
1746054456451 0.08221911638975143 79
1746054462910 0.07354267686605453 80
1746054468448 0.07617504149675369 81
1746054474600 0.07086679339408875 82
1746054480314 0.07354740053415298 83
1746054485887 0.07050324231386185 84
1746054492003 0.07378105819225311 85
1746054497591 0.06726060807704926 86
1746054504111 0.07107805460691452 87
1746054509691 0.06832757592201233 88
1746054516132 0.06772027164697647 89
1746054521670 0.07120317965745926 90
1746054528107 0.07041975855827332 91
1746055209428 0.07214032113552094 92
1746055215029 0.07224239408969879 93
1746055221521 0.07298046350479126 94
1746055227138 0.06899286061525345 95
1746055233654 0.07104190438985825 96
1746055239253 0.06801652908325195 97
1746055245749 0.07169690728187561 98
1746055251343 0.07365508377552032 99
1746055257629 0.07261772453784943 100
1746055263342 0.06982453912496567 101
1746055269068 0.07494345307350159 102
1746055275175 0.07371734082698822 103
1746055280802 0.07283598184585571 104
1746055287285 0.06893196702003479 105
1746055292854 0.07091204077005386 106
1746055299421 0.07106306403875351 107
1746055304964 0.06755157560110092 108
1746055311388 0.07309827208518982 109
1746055316935 0.07126002758741379 110
1746055323159 0.07730524986982346 111
1746055328895 0.0728796124458313 112
1746055334559 0.06937780231237411 113
1746055340673 0.07264062017202377 114
1746055346326 0.074705109000206 115
1746055352748 0.06888732314109802 116
1746055358280 0.07278308272361755 117
1746055364800 0.07236341387033463 118
1746055370328 0.07341019064188004 119
1746055376817 0.0716845914721489 120
1746055382339 0.07490663230419159 121
1746055388404 0.07457820326089859 122
1746055394098 0.07333482801914215 123
1746055399621 0.07068347930908203 124
1746055405872 0.0764474868774414 125
1746055411443 0.07426253706216812 126
1746055417868 0.07195620983839035 127
1746055423404 0.07719750702381134 128
1746055429856 0.06968293339014053 129
1746055435401 0.07056867331266403 130
1746055441738 0.0686558336019516 131
1746055447338 0.07522579282522202 132
1746055453130 0.07249018549919128 133
1746055459045 0.07298837602138519 134
1746055464601 0.06719663739204407 135
1746055470994 0.06652462482452393 136
1746055476522 0.06924444437026978 137
1746055483027 0.07845861464738846 138
1746055488597 0.07200242578983307 139
1746055495030 0.07139881700277328 140
1746055500566 0.0688256174325943 141
1746055506759 0.06707534193992615 142
1746055512492 0.0761614590883255 143
1746055518066 0.06793924421072006 144
1746055524176 0.07123664766550064 145
1746055529742 0.06921818852424622 146
1746055536164 0.07070644199848175 147
1746055541664 0.07249012589454651 148
1746055548076 0.0686923936009407 149
1746055553627 0.07244492322206497 150
1746055560015 0.07435856759548187 151
1746055565545 0.07390855997800827 152
1746055571431 0.07373136281967163 153
1746055577211 0.06975115835666656 154
1746055582742 0.07354311645030975 155
1746055589068 0.07358163595199585 156
1746055594616 0.07169560343027115 157
1746055601067 0.06862745434045792 158
1746055606614 0.07238083332777023 159
1746055613023 0.06679952144622803 160
1746055618543 0.07574275881052017 161
1746055624814 0.07336335629224777 162
1746055630474 0.07113053649663925 163
1746055636139 0.06864430755376816 164
1746055642144 0.06607760488986969 165
1746055647670 0.07140007615089417 166
1746055654079 0.07418806105852127 167
1746055659623 0.0680600181221962 168
1746055666069 0.07195662707090378 169
1746055671615 0.07450613379478455 170
1746055678045 0.06928013265132904 171
1746055683563 0.07495728880167007 172
1746055689594 0.06913445889949799 173
1746055695336 0.07302068918943405 174
1746055700859 0.07628626376390457 175
1746055707079 0.0756446123123169 176
1746055712621 0.07181847840547562 177
1746055719018 0.06822274625301361 178
1746055724559 0.07771249860525131 179
1746055730993 0.06965966522693634 180
1746055736578 0.07228017598390579 181
1746055742832 0.07109921425580978 182
1746055748453 0.07558383792638779 183
1746056427747 0.07111635059118271 184
1746056434293 0.07236842066049576 185
1746056439811 0.0673166960477829 186
1746056446007 0.0672672688961029 187
1746056451729 0.0687621533870697 188
1746056457345 0.07140853255987167 189
1746056463389 0.06808510422706604 190
1746056468905 0.07036397606134415 191
1746056475355 0.06827790290117264 192
1746056480883 0.06675537675619125 193
1746056487327 0.07322287559509277 194
1746056492840 0.07204649597406387 195
1746056499293 0.07161473482847214 196
1746056504793 0.06844362616539001 197
1746056510670 0.07165592163801193 198
1746056516487 0.07519970089197159 199
1746056521983 0.07406448572874069 200
1746056528254 0.07184690982103348 201
1746056533740 0.06690653413534164 202
1746056540186 0.07435162365436554 203
1746056545717 0.07406947016716003 204
1746056552146 0.075831338763237 205
1746056557670 0.07253726571798325 206
1746056563761 0.07048723846673965 207
1746056569472 0.06947227567434311 208
1746056575007 0.07305577397346497 209
1746056581209 0.07525280117988586 210
1746056586721 0.07091759890317917 211
1746056593138 0.07412616908550262 212
1746056598701 0.0710260197520256 213
1746056605084 0.06780093908309937 214
1746056610610 0.07095849514007568 215
1746056617024 0.06923186779022217 216
1746056622681 0.0738004744052887 217
1746056628461 0.07590978592634201 218
1746056634364 0.0744408667087555 219
1746056639981 0.07074598968029022 220
1746056646326 0.07203765958547592 221
1746056651890 0.0638374388217926 222
1746056658427 0.0743294507265091 223
1746056663952 0.07719443738460541 224
1746056670417 0.07041795551776886 225
1746056675979 0.07131560891866684 226
1746056682192 0.07398790121078491 227
1746056687930 0.07092830538749695 228
1746056693508 0.07104368507862091 229
1746056699613 0.06750324368476868 230
1746056705203 0.06860525906085968 231
1746056711707 0.07296733558177948 232
1746056717341 0.07029135525226593 233
1746056723869 0.0746404379606247 234
1746056729443 0.07172172516584396 235
1746056735922 0.07335776090621948 236
1746056741562 0.06686828285455704 237
1746056747682 0.06873355060815811 238
1746056753418 0.07506498694419861 239
1746056758960 0.07213930040597916 240
1746056765193 0.06860385090112686 241
1746056770778 0.07384683936834335 242
1746056777260 0.07437147200107574 243
1746056782835 0.07880816608667374 244
1746056789352 0.0764802023768425 245
1746056794905 0.07784660905599594 246
1746056801391 0.07074307650327682 247
1746056806984 0.07111874967813492 248
1746056813007 0.06457874923944473 249
1746056818870 0.07297907024621964 250
1746056824417 0.07574199140071869 251
1746056830775 0.07617609202861786 252
1746056836314 0.07138433307409286 253
1746056842847 0.07044137269258499 254
1746056848407 0.06873597949743271 255
1746056854878 0.06628041714429855 256
1746056860441 0.07450980693101883 257
1746056866792 0.07841959595680237 258
1746056872434 0.06444932520389557 259
1746056878317 0.07630757242441177 260
1746056884179 0.07042539864778519 261
1746056889747 0.076934315264225 262
1746056896096 0.07359941303730011 263
1746056901714 0.07452847808599472 264
1746056908258 0.07123526930809021 265
1746056913839 0.07396674156188965 266
1746056920363 0.06993205100297928 267
1746056925936 0.07539006322622299 268
1746056932236 0.07084676623344421 269
1746056937921 0.06753946095705032 270
1746056943658 0.07476745545864105 271
1746056949679 0.0715506374835968 272
1746056955233 0.06707620620727539 273
1746056961702 0.07300792634487152 274
1746056967316 0.0757821574807167 275
1746057647255 0.07450712472200394 276
1746057653693 0.071158267557621 277
1746057659270 0.07374607026576996 278
1746057665718 0.07057321071624756 279
1746057671278 0.06935384124517441 280
1746057677826 0.06690242141485214 281
1746057683363 0.07283464819192886 282
1746057689772 0.07340890169143677 283
1746057695298 0.06621108949184418 284
1746057701233 0.0710873156785965 285
1746057707067 0.06976905465126038 286
1746057712589 0.0685867890715599 287
1746057718919 0.07239934802055359 288
1746057724432 0.07820084691047668 289
1746057730914 0.07142441719770432 290
1746057736484 0.0696272999048233 291
1746057742944 0.07127882540225983 292
1746057748492 0.0759403333067894 293
1746057754803 0.0715128630399704 294
1746057760486 0.07253853231668472 295
1746057766237 0.06901583075523376 296
1746057772249 0.07224947959184647 297
1746057777865 0.07596520334482193 298
1746057784275 0.07043880224227905 299
1746057789938 0.07031736522912979 300
1746057796375 0.06699012964963913 301
1746057801955 0.07478531450033188 302
1746057808430 0.0697307363152504 303
1746057813962 0.07074829936027527 304
1746057820190 0.06956402212381363 305
1746057825874 0.0740966647863388 306
1746057831526 0.07438068836927414 307
1746057837650 0.07452084124088287 308
1746057843221 0.07400786876678467 309
1746057849737 0.07085903733968735 310
1746057855293 0.07028134912252426 311
1746057861817 0.0695810541510582 312
1746057867396 0.07089695334434509 313
1746057873972 0.07309336960315704 314
1746057879570 0.06688008457422256 315
1746057885726 0.07490227371454239 316
1746057891475 0.0736345574259758 317
1746057897080 0.07208804786205292 318
1746057903258 0.07019438594579697 319
1746057908838 0.07569194585084915 320
1746057915408 0.06803379207849503 321
1746057921023 0.07619915157556534 322
1746057927565 0.07245881110429764 323
1746057933200 0.06556162238121033 324
1746057939709 0.07261050492525101 325
1746057945320 0.07174519449472427 326
1746057951523 0.07489494234323502 327
1746057957352 0.07844970375299454 328
1746057963102 0.07695246487855911 329
1746057969289 0.06566811352968216 330
1746057974891 0.07223532348871231 331
1746057981445 0.06748118996620178 332
1746057987074 0.07453758269548416 333
1746057993625 0.07136647403240204 334
1746057999271 0.07591810077428818 335
1746058005850 0.06877113878726959 336
1746058011461 0.07374212145805359 337
1746058017792 0.07037743180990219 338
1746058023559 0.06962951272726059 339
1746058029450 0.07598762214183807 340
1746058035545 0.06925581395626068 341
1746058041188 0.07489878684282303 342
1746058047628 0.07520851492881775 343
1746058053203 0.06905821710824966 344
1746058059746 0.07158797979354858 345
1746058065380 0.07143834978342056 346
1746058071938 0.06756490468978882 347
1746058077555 0.06602870672941208 348
1746058083934 0.07506289333105087 349
1746058089619 0.07141290605068207 350
1746058095573 0.07022719085216522 351
1746058101494 0.07147951424121857 352
1746058107106 0.07681645452976227 353
1746058113464 0.07820287346839905 354
1746058119096 0.07905138283967972 355
1746058125673 0.08648954331874847 356
1746058131261 0.08448880165815353 357
1746058137766 0.08143987506628036 358
1746058143423 0.07797913253307343 359
1746058149896 0.07959610223770142 360
1746058155558 0.08667227625846863 361
1746058161665 0.08364783972501755 362
1746058167568 0.07736887782812119 363
1746058173140 0.07893858850002289 364
1746058179474 0.0786757692694664 365
1746058185134 0.08043767511844635 366
1746058191604 0.08307743817567825 367
