1746053988530 0.00045454545454545455 0
1746053994523 0.0009090909090909091 1
1746054000044 0.0013636363636363635 2
1746054006443 0.0018181818181818182 3
1746054012054 0.0022727272727272726 4
1746054018512 0.002727272727272727 5
1746054024082 0.003181818181818182 6
1746054030519 0.0036363636363636364 7
1746054036067 0.004090909090909091 8
1746054042407 0.004545454545454545 9
1746054048046 0.005 10
1746054053861 0.005454545454545454 11
1746054059834 0.00590909090909091 12
1746054065372 0.006363636363636364 13
1746054071793 0.006818181818181818 14
1746054077346 0.007272727272727273 15
1746054083750 0.007727272727272728 16
1746054089334 0.008181818181818182 17
1746054095778 0.008636363636363636 18
1746054101287 0.00909090909090909 19
1746054107342 0.009545454545454546 20
1746054113079 0.01 21
1746054118604 0.009971098265895954 22
1746054124787 0.009942196531791908 23
1746054130351 0.009913294797687862 24
1746054136747 0.009884393063583815 25
1746054142253 0.009855491329479769 26
1746054148757 0.009826589595375723 27
1746054154291 0.009797687861271677 28
1746054160672 0.00976878612716763 29
1746054166255 0.009739884393063584 30
1746054172072 0.009710982658959538 31
1746054178005 0.009682080924855492 32
1746054183568 0.009653179190751445 33
1746054189908 0.0096242774566474 34
1746054195484 0.009595375722543353 35
1746054201906 0.009566473988439307 36
1746054207472 0.00953757225433526 37
1746054213957 0.009508670520231214 38
1746054219486 0.009479768786127168 39
1746054225772 0.009450867052023122 40
1746054231542 0.009421965317919076 41
1746054237478 0.00939306358381503 42
1746054243431 0.009364161849710983 43
1746054248959 0.009335260115606937 44
1746054255420 0.00930635838150289 45
1746054260983 0.009277456647398844 46
1746054267470 0.009248554913294798 47
1746054273027 0.009219653179190752 48
1746054279514 0.009190751445086706 49
1746054285061 0.00916184971098266 50
1746054291213 0.009132947976878613 51
1746054296966 0.009104046242774567 52
1746054302535 0.009075144508670521 53
1746054308688 0.009046242774566475 54
1746054314269 0.009017341040462428 55
1746054320707 0.008988439306358382 56
1746054326276 0.008959537572254336 57
1746054332685 0.00893063583815029 58
1746054338224 0.008901734104046244 59
1746054344666 0.008872832369942197 60
1746054350179 0.00884393063583815 61
1746054356147 0.008815028901734105 62
1746054361928 0.008786127167630059 63
1746054367448 0.008757225433526012 64
1746054373819 0.008728323699421964 65
1746054379368 0.00869942196531792 66
1746054385828 0.008670520231213874 67
1746054391366 0.008641618497109827 68
1746054397804 0.00861271676300578 69
1746054403324 0.008583815028901735 70
1746054409688 0.008554913294797689 71
1746054415316 0.008526011560693643 72
1746054421142 0.008497109826589595 73
1746054427059 0.00846820809248555 74
1746054432587 0.008439306358381504 75
1746054438922 0.008410404624277458 76
1746054444444 0.00838150289017341 77
1746054450929 0.008352601156069365 78
1746054456451 0.008323699421965319 79
1746054462910 0.008294797687861271 80
1746054468448 0.008265895953757225 81
1746054474600 0.008236994219653179 82
1746054480314 0.008208092485549134 83
1746054485887 0.008179190751445086 84
1746054492003 0.00815028901734104 85
1746054497591 0.008121387283236994 86
1746054504111 0.00809248554913295 87
1746054509691 0.008063583815028901 88
1746054516132 0.008034682080924855 89
1746054521670 0.008005780346820809 90
1746054528107 0.007976878612716764 91
1746055209428 0.007947976878612716 92
1746055215029 0.00791907514450867 93
1746055221521 0.007890173410404624 94
1746055227138 0.00786127167630058 95
1746055233654 0.007832369942196531 96
1746055239253 0.007803468208092486 97
1746055245749 0.007774566473988439 98
1746055251343 0.007745664739884393 99
1746055257629 0.007716763005780347 100
1746055263342 0.007687861271676301 101
1746055269068 0.007658959537572254 102
1746055275175 0.007630057803468208 103
1746055280802 0.007601156069364162 104
1746055287285 0.007572254335260116 105
1746055292854 0.007543352601156069 106
1746055299421 0.007514450867052023 107
1746055304964 0.0074855491329479775 108
1746055311388 0.007456647398843931 109
1746055316935 0.007427745664739884 110
1746055323159 0.007398843930635838 111
1746055328895 0.0073699421965317926 112
1746055334559 0.007341040462427746 113
1746055340673 0.007312138728323699 114
1746055346326 0.007283236994219653 115
1746055352748 0.007254335260115608 116
1746055358280 0.007225433526011561 117
1746055364800 0.007196531791907514 118
1746055370328 0.007167630057803468 119
1746055376817 0.007138728323699422 120
1746055382339 0.0071098265895953765 121
1746055388404 0.007080924855491329 122
1746055394098 0.007052023121387283 123
1746055399621 0.007023121387283237 124
1746055405872 0.006994219653179192 125
1746055411443 0.0069653179190751445 126
1746055417868 0.006936416184971098 127
1746055423404 0.006907514450867052 128
1746055429856 0.006878612716763007 129
1746055435401 0.00684971098265896 130
1746055441738 0.006820809248554913 131
1746055447338 0.006791907514450867 132
1746055453130 0.006763005780346822 133
1746055459045 0.006734104046242775 134
1746055464601 0.0067052023121387284 135
1746055470994 0.006676300578034682 136
1746055476522 0.006647398843930635 137
1746055483027 0.00661849710982659 138
1746055488597 0.0065895953757225435 139
1746055495030 0.006560693641618497 140
1746055500566 0.00653179190751445 141
1746055506759 0.006502890173410405 142
1746055512492 0.006473988439306359 143
1746055518066 0.006445086705202312 144
1746055524176 0.006416184971098265 145
1746055529742 0.00638728323699422 146
1746055536164 0.006358381502890174 147
1746055541664 0.0063294797687861275 148
1746055548076 0.00630057803468208 149
1746055553627 0.006271676300578035 150
1746055560015 0.006242774566473989 151
1746055565545 0.0062138728323699426 152
1746055571431 0.0061849710982658955 153
1746055577211 0.00615606936416185 154
1746055582742 0.006127167630057804 155
1746055589068 0.006098265895953758 156
1746055594616 0.0060693641618497106 157
1746055601067 0.006040462427745664 158
1746055606614 0.006011560693641619 159
1746055613023 0.005982658959537573 160
1746055618543 0.005953757225433526 161
1746055624814 0.005924855491329479 162
1746055630474 0.005895953757225434 163
1746055636139 0.005867052023121388 164
1746055642144 0.005838150289017341 165
1746055647670 0.0058092485549132945 166
1746055654079 0.005780346820809249 167
1746055659623 0.005751445086705203 168
1746055666069 0.005722543352601156 169
1746055671615 0.00569364161849711 170
1746055678045 0.005664739884393064 171
1746055683563 0.005635838150289018 172
1746055689594 0.005606936416184971 173
1746055695336 0.005578034682080925 174
1746055700859 0.0055491329479768784 175
1746055707079 0.005520231213872833 176
1746055712621 0.005491329479768786 177
1746055719018 0.00546242774566474 178
1746055724559 0.0054335260115606935 179
1746055730993 0.005404624277456648 180
1746055736578 0.005375722543352601 181
1746055742832 0.005346820809248555 182
1746055748453 0.005317919075144509 183
1746056427747 0.005289017341040463 184
1746056434293 0.005260115606936416 185
1746056439811 0.00523121387283237 186
1746056446007 0.005202312138728324 187
1746056451729 0.005173410404624278 188
1746056457345 0.005144508670520231 189
1746056463389 0.005115606936416185 190
1746056468905 0.005086705202312139 191
1746056475355 0.005057803468208093 192
1746056480883 0.005028901734104046 193
1746056487327 0.005 194
1746056492840 0.004971098265895954 195
1746056499293 0.004942196531791908 196
1746056504793 0.004913294797687861 197
1746056510670 0.004884393063583815 198
1746056516487 0.004855491329479769 199
1746056521983 0.004826589595375723 200
1746056528254 0.0047976878612716765 201
1746056533740 0.00476878612716763 202
1746056540186 0.004739884393063584 203
1746056545717 0.004710982658959538 204
1746056552146 0.004682080924855492 205
1746056557670 0.004653179190751445 206
1746056563761 0.004624277456647399 207
1746056569472 0.004595375722543353 208
1746056575007 0.004566473988439307 209
1746056581209 0.0045375722543352605 210
1746056586721 0.004508670520231214 211
1746056593138 0.004479768786127168 212
1746056598701 0.004450867052023122 213
1746056605084 0.004421965317919075 214
1746056610610 0.004393063583815029 215
1746056617024 0.004364161849710982 216
1746056622681 0.004335260115606937 217
1746056628461 0.00430635838150289 218
1746056634364 0.004277456647398844 219
1746056639981 0.004248554913294797 220
1746056646326 0.004219653179190752 221
1746056651890 0.004190751445086705 222
1746056658427 0.0041618497109826595 223
1746056663952 0.004132947976878612 224
1746056670417 0.004104046242774567 225
1746056675979 0.00407514450867052 226
1746056682192 0.004046242774566475 227
1746056687930 0.0040173410404624275 228
1746056693508 0.003988439306358382 229
1746056699613 0.003959537572254335 230
1746056705203 0.00393063583815029 231
1746056711707 0.003901734104046243 232
1746056717341 0.0038728323699421963 233
1746056723869 0.0038439306358381505 234
1746056729443 0.003815028901734104 235
1746056735922 0.003786127167630058 236
1746056741562 0.0037572254335260114 237
1746056747682 0.0037283236994219656 238
1746056753418 0.003699421965317919 239
1746056758960 0.003670520231213873 240
1746056765193 0.0036416184971098265 241
1746056770778 0.0036127167630057807 242
1746056777260 0.003583815028901734 243
1746056782835 0.0035549132947976883 244
1746056789352 0.0035260115606936416 245
1746056794905 0.003497109826589596 246
1746056801391 0.003468208092485549 247
1746056806984 0.0034393063583815033 248
1746056813007 0.0034104046242774567 249
1746056818870 0.003381502890173411 250
1746056824417 0.0033526011560693642 251
1746056830775 0.0033236994219653176 252
1746056836314 0.0032947976878612718 253
1746056842847 0.003265895953757225 254
1746056848407 0.0032369942196531793 255
1746056854878 0.0032080924855491326 256
1746056860441 0.003179190751445087 257
1746056866792 0.00315028901734104 258
1746056872434 0.0031213872832369944 259
1746056878317 0.0030924855491329477 260
1746056884179 0.003063583815028902 261
1746056889747 0.0030346820809248553 262
1746056896096 0.0030057803468208095 263
1746056901714 0.002976878612716763 264
1746056908258 0.002947976878612717 265
1746056913839 0.0029190751445086704 266
1746056920363 0.0028901734104046246 267
1746056925936 0.002861271676300578 268
1746056932236 0.002832369942196532 269
1746056937921 0.0028034682080924854 270
1746056943658 0.0027745664739884392 271
1746056949679 0.002745664739884393 272
1746056955233 0.0027167630057803468 273
1746056961702 0.0026878612716763005 274
1746056967316 0.0026589595375722543 275
1746057647255 0.002630057803468208 276
1746057653693 0.002601156069364162 277
1746057659270 0.0025722543352601156 278
1746057665718 0.0025433526011560694 279
1746057671278 0.002514450867052023 280
1746057677826 0.002485549132947977 281
1746057683363 0.0024566473988439307 282
1746057689772 0.0024277456647398845 283
1746057695298 0.0023988439306358383 284
1746057701233 0.002369942196531792 285
1746057707067 0.002341040462427746 286
1746057712589 0.0023121387283236996 287
1746057718919 0.0022832369942196533 288
1746057724432 0.002254335260115607 289
1746057730914 0.002225433526011561 290
1746057736484 0.0021965317919075147 291
1746057742944 0.0021676300578034684 292
1746057748492 0.002138728323699422 293
1746057754803 0.002109826589595376 294
1746057760486 0.0020809248554913297 295
1746057766237 0.0020520231213872835 296
1746057772249 0.0020231213872832373 297
1746057777865 0.001994219653179191 298
1746057784275 0.001965317919075145 299
1746057789938 0.0019364161849710982 300
1746057796375 0.001907514450867052 301
1746057801955 0.0018786127167630057 302
1746057808430 0.0018497109826589595 303
1746057813962 0.0018208092485549133 304
1746057820190 0.001791907514450867 305
1746057825874 0.0017630057803468208 306
1746057831526 0.0017341040462427746 307
1746057837650 0.0017052023121387283 308
1746057843221 0.0016763005780346821 309
1746057849737 0.0016473988439306359 310
1746057855293 0.0016184971098265897 311
1746057861817 0.0015895953757225434 312
1746057867396 0.0015606936416184972 313
1746057873972 0.001531791907514451 314
1746057879570 0.0015028901734104047 315
1746057885726 0.0014739884393063585 316
1746057891475 0.0014450867052023123 317
1746057897080 0.001416184971098266 318
1746057903258 0.0013872832369942196 319
1746057908838 0.0013583815028901734 320
1746057915408 0.0013294797687861272 321
1746057921023 0.001300578034682081 322
1746057927565 0.0012716763005780347 323
1746057933200 0.0012427745664739885 324
1746057939709 0.0012138728323699422 325
1746057945320 0.001184971098265896 326
1746057951523 0.0011560693641618498 327
1746057957352 0.0011271676300578036 328
1746057963102 0.0010982658959537573 329
1746057969289 0.001069364161849711 330
1746057974891 0.0010404624277456649 331
1746057981445 0.0010115606936416186 332
1746057987074 0.0009826589595375724 333
1746057993625 0.000953757225433526 334
1746057999271 0.0009248554913294797 335
1746058005850 0.0008959537572254335 336
1746058011461 0.0008670520231213873 337
1746058017792 0.0008381502890173411 338
1746058023559 0.0008092485549132948 339
1746058029450 0.0007803468208092486 340
1746058035545 0.0007514450867052024 341
1746058041188 0.0007225433526011561 342
1746058047628 0.0006936416184971098 343
1746058053203 0.0006647398843930636 344
1746058059746 0.0006358381502890173 345
1746058065380 0.0006069364161849711 346
1746058071938 0.0005780346820809249 347
1746058077555 0.0005491329479768787 348
1746058083934 0.0005202312138728324 349
1746058089619 0.0004913294797687862 350
1746058095573 0.00046242774566473987 351
1746058101494 0.00043352601156069364 352
1746058107106 0.0004046242774566474 353
1746058113464 0.0003757225433526012 354
1746058119096 0.0003468208092485549 355
1746058125673 0.0003179190751445087 356
1746058131261 0.00028901734104046245 357
1746058137766 0.0002601156069364162 358
1746058143423 0.00023121387283236994 359
1746058149896 0.0002023121387283237 360
1746058155558 0.00017341040462427745 361
1746058161665 0.00014450867052023122 362
1746058167568 0.00011560693641618497 363
1746058173140 8.670520231213873e-05 364
1746058179474 5.7803468208092484e-05 365
1746058185134 2.8901734104046242e-05 366
1746058191604 0.0 367
