1745369495190 9.351875305175781 0
1745369499454 8.39799690246582 1
1745369503092 7.145589828491211 2
1745369506701 6.618346691131592 3
1745369511389 6.4311933517456055 4
1745369515054 6.429112911224365 5
1745369518665 6.5652289390563965 6
1745369522745 6.526556968688965 7
1745369526620 6.641713619232178 8
1745369530243 6.453181266784668 9
1745369533874 6.489692687988281 10
1745369538348 6.384975433349609 11
1745369541972 6.387217044830322 12
1745369545588 6.339799404144287 13
1745369550111 6.250216484069824 14
1745369553795 6.303203105926514 15
1745369557432 6.2729058265686035 16
1745369561096 6.238150596618652 17
1745369565246 6.291416168212891 18
1745369568872 6.245862007141113 19
1745369572496 6.187292098999023 20
1745369577171 6.161683082580566 21
1745369580800 6.120420932769775 22
1745369584420 6.170521259307861 23
1745369588609 6.147671222686768 24
1745369592453 6.154005527496338 25
1745369596067 6.114431381225586 26
1745369599705 6.11515998840332 27
1745369604095 6.086595058441162 28
1745369607706 6.1273274421691895 29
1745369611350 6.013124465942383 30
1745369615966 6.090544700622559 31
1745369619661 6.038168430328369 32
1745369623335 6.077505588531494 33
1745369627197 6.1072540283203125 34
1745369631144 6.034002780914307 35
1745369634770 6.0344157218933105 36
1745369638403 6.0006794929504395 37
1745369642963 6.037510871887207 38
1745369646594 6.005039215087891 39
1745369650204 5.97357177734375 40
1745369654620 5.938235282897949 41
1745369658388 5.89974308013916 42
1745369662063 5.904792785644531 43
1745369666032 5.932865142822266 44
1745369671195 5.987740993499756 45
1745369674823 5.856756210327148 46
1745369678442 5.921937465667725 47
1745369682793 5.8582587242126465 48
1745369686607 5.799614429473877 49
1745369690227 5.766341209411621 50
1745369693853 5.838748931884766 51
1745369698121 5.750952243804932 52
1745369701773 5.706226825714111 53
1745369705400 5.745452880859375 54
1745369710045 5.847774028778076 55
1745369713708 5.783624649047852 56
1745369717351 5.7398200035095215 57
1745369721442 5.7479424476623535 58
1745369725325 5.703073024749756 59
1745369728019 5.702219486236572 60
1745369827837 5.677462577819824 61
1745369831489 5.703970432281494 62
1745369835167 5.6543049812316895 63
1745369839019 5.668610572814941 64
1745369843031 5.669986724853516 65
1745369846654 5.653199672698975 66
1745369850304 5.660293102264404 67
1745369854912 5.605040550231934 68
1745369858585 5.6139068603515625 69
1745369862227 5.552757263183594 70
1745369866605 5.654388427734375 71
1745369870394 5.5958967208862305 72
1745369874052 5.631113052368164 73
1745369877683 5.6598405838012695 74
1745369881873 5.642155647277832 75
1745369885497 5.570798397064209 76
1745369889128 5.5828046798706055 77
1745369893790 5.521158218383789 78
1745369897409 5.582944869995117 79
1745369901038 5.4800333976745605 80
1745369905161 5.530550003051758 81
1745369909020 5.448639869689941 82
1745369912637 5.634946823120117 83
1745369916284 5.549831390380859 84
1745369920699 5.540069580078125 85
1745369924346 5.616665363311768 86
1745369927987 5.570549964904785 87
1745369932593 5.584663391113281 88
1745369936317 5.430095672607422 89
1745369940964 5.517674922943115 90
1745369945440 5.442421913146973 91
1745369949152 5.469837665557861 92
1745369952792 5.513072490692139 93
1745369956427 5.514654159545898 94
1745369960539 5.50995397567749 95
1745369964206 5.422723293304443 96
1745369967832 5.496974468231201 97
1745369972473 5.419291019439697 98
1745369976106 5.584272861480713 99
1745369979702 5.496154308319092 100
1745369983910 5.384150981903076 101
1745369987754 5.422579765319824 102
1745369991382 5.479379177093506 103
1745369995004 5.496774196624756 104
1745369999390 5.489593029022217 105
1745370003025 5.372970104217529 106
1745370006656 5.405218601226807 107
1745370011222 5.367820739746094 108
1745370014911 5.385826110839844 109
1745370018562 5.404017925262451 110
1745370022384 5.362342834472656 111
1745370026371 5.322737693786621 112
1745370030013 5.473243236541748 113
1745370033666 5.449930191040039 114
1745370038280 5.385583877563477 115
1745370041940 5.389230728149414 116
1745370045614 5.455446243286133 117
1745370050021 5.364509105682373 118
1745370053785 5.392385005950928 119
1745370057446 5.410085678100586 120
1745370060154 5.380029678344727 121
1745370159656 5.319611072540283 122
1745370163305 5.3034210205078125 123
1745370167530 5.271554470062256 124
1745370171361 5.271475791931152 125
1745370174997 5.261135578155518 126
1745370178637 5.262129306793213 127
1745370183009 5.2878899574279785 128
1745370186662 5.354869365692139 129
1745370190274 5.28869104385376 130
1745370194831 5.292234897613525 131
1745370198508 5.2385783195495605 132
1745370202119 5.242750644683838 133
1745370205981 5.286041259765625 134
1745370209934 5.31982946395874 135
1745370213554 5.191952705383301 136
1745370218195 5.25032901763916 137
1745370222399 5.23797607421875 138
1745370226070 5.2229437828063965 139
1745370229700 5.275852203369141 140
1745370234347 5.270046234130859 141
1745370237983 5.280928134918213 142
1745370241631 5.218650817871094 143
1745370245727 5.1807942390441895 144
1745370249596 5.128640174865723 145
1745370253226 5.219904899597168 146
1745370256885 5.275101184844971 147
1745370261330 5.1190876960754395 148
1745370264991 5.177040100097656 149
1745370268639 5.304872035980225 150
1745370273162 5.197403430938721 151
1745370276875 5.1685051918029785 152
1745370280504 5.152408599853516 153
1745370284260 5.186802864074707 154
1745370288306 5.127626419067383 155
1745370291940 5.204522609710693 156
1745370295605 5.243183135986328 157
1745370300256 5.148193836212158 158
1745370303887 5.271152973175049 159
1745370307532 5.098319053649902 160
1745370311787 5.090722560882568 161
1745370315598 5.133366584777832 162
1745370319235 5.1108245849609375 163
1745370322843 5.096829414367676 164
1745370327187 5.176525115966797 165
1745370330854 5.138712406158447 166
1745370334496 5.133365154266357 167
1745370339083 5.167457580566406 168
1745370342724 4.99801778793335 169
1745370346377 5.12277889251709 170
1745370350353 5.067404270172119 171
1745370354250 5.089173793792725 172
1745370357847 5.105700969696045 173
1745370361481 5.07225227355957 174
1745370365999 5.130722999572754 175
1745370369615 5.048111915588379 176
1745370373245 5.137836456298828 177
1745370377717 5.085768699645996 178
1745370381458 4.959354877471924 179
1745370385086 5.0775980949401855 180
1745370388701 5.052859783172607 181
1745370392099 5.068397045135498 182
1745370490277 4.936819076538086 183
1745370494500 4.992181301116943 184
1745370499434 4.92719841003418 185
1745370503060 4.953960418701172 186
1745370506697 4.9914445877075195 187
1745370511242 4.997060298919678 188
1745370514969 5.042010307312012 189
1745370518594 5.1266255378723145 190
1745370522327 5.034702777862549 191
1745370526379 5.026002407073975 192
1745370530017 5.064243793487549 193
1745370533653 5.133794784545898 194
1745370538302 5.08870792388916 195
1745370541949 4.972443580627441 196
1745370545588 5.0378265380859375 197
1745370549856 4.898001670837402 198
1745370553657 5.0526227951049805 199
1745370557333 4.980506896972656 200
1745370560957 4.944316387176514 201
1745370565248 4.998952865600586 202
1745370568905 4.981069564819336 203
1745370572544 5.022293567657471 204
1745370577199 4.963800430297852 205
1745370580842 4.962784290313721 206
1745370584448 4.903926849365234 207
1745370588462 5.050187110900879 208
1745370592343 5.028721332550049 209
1745370595959 5.0049285888671875 210
1745370599583 4.907606601715088 211
1745370604056 4.960642337799072 212
1745370607705 4.948897838592529 213
1745370611335 5.011847019195557 214
1745370615794 4.903697967529297 215
1745370619501 4.893678665161133 216
1745370623165 4.900501728057861 217
1745370626848 4.900514602661133 218
1745370630975 4.9841485023498535 219
1745370634624 4.90654182434082 220
1745370638243 4.864322185516357 221
1745370642932 4.877239227294922 222
1745370646572 4.939864635467529 223
1745370650211 4.8169169425964355 224
1745370654447 4.871868133544922 225
1745370658272 4.9103899002075195 226
1745370661945 4.895889759063721 227
1745370665555 4.882436275482178 228
1745370669842 4.875181674957275 229
1745370673433 4.841841220855713 230
1745370677060 4.837478160858154 231
1745370681673 4.85994815826416 232
1745370685349 4.910688400268555 233
1745370688976 4.894449234008789 234
1745370692966 4.787844181060791 235
1745370696849 4.809281826019287 236
1745370700485 4.792697906494141 237
1745370704112 4.780993938446045 238
1745370708653 4.8111114501953125 239
1745370712273 4.751119613647461 240
1745370715897 4.926518440246582 241
1745370720370 4.855316162109375 242
1745370723212 4.723943710327148 243
1745370822580 4.651846885681152 244
1745370826972 4.63737154006958 245
1745370830601 4.687286376953125 246
1745370834255 4.825127601623535 247
1745370838857 4.670140266418457 248
1745370842542 4.69667911529541 249
1745370846186 4.6560797691345215 250
1745370850065 4.671326160430908 251
1745370854020 4.688889503479004 252
1745370857654 4.568361282348633 253
1745370861286 4.72312068939209 254
1745370865840 4.660398483276367 255
1745370869494 4.717554569244385 256
1745370873121 4.693120002746582 257
1745370877492 4.673623561859131 258
1745370881293 4.666899681091309 259
1745370884952 4.714197158813477 260
1745370888609 4.619223594665527 261
1745370892791 4.708931922912598 262
1745370896414 4.719449520111084 263
1745370900060 4.713130950927734 264
1745370904704 4.618133068084717 265
1745370908341 4.698319911956787 266
1745370911936 4.60922908782959 267
1745370916073 4.705366611480713 268
1745370919968 4.725463390350342 269
1745370923597 4.634308815002441 270
1745370927236 4.703212738037109 271
1745370931610 4.611599445343018 272
1745370935240 4.622559070587158 273
1745370938869 4.663111686706543 274
1745370943457 4.639945030212402 275
1745370947107 4.668160438537598 276
1745370950754 4.6061692237854 277
1745370954637 4.575830459594727 278
1745370958603 4.7469401359558105 279
1745370962233 4.636099815368652 280
1745370965889 4.519160270690918 281
1745370970417 4.620145320892334 282
1745370974059 4.592950820922852 283
1745370977700 4.522663593292236 284
1745370982156 4.694822788238525 285
1745370985907 4.651647567749023 286
1745370989548 4.578775882720947 287
1745370993194 4.6068806648254395 288
1745370997352 4.517518997192383 289
1745371000974 4.535886764526367 290
1745371004610 4.743640422821045 291
1745371009349 4.48166036605835 292
1745371012984 4.580357551574707 293
1745371016628 4.625120162963867 294
1745371020869 4.583553314208984 295
1745371024707 4.465087413787842 296
1745371028380 4.471789360046387 297
1745371031996 4.538251876831055 298
1745371036280 4.484991550445557 299
1745371039948 4.608199596405029 300
1745371043584 4.490331172943115 301
1745371048217 4.533164024353027 302
1745371051858 4.523068904876709 303
1745371054554 4.450313568115234 304
