1745369495190 6.148927059257403e-05 0
1745369499454 0.07135922461748123 1
1745369503092 0.06971734017133713 2
1745369506701 0.0743861049413681 3
1745369511389 0.06870041787624359 4
1745369515054 0.0755055844783783 5
1745369518665 0.037634409964084625 6
1745369522745 0.016224946826696396 7
1745369526620 0.08221512287855148 8
1745369530243 0.08014369755983353 9
1745369533874 0.05166180059313774 10
1745369538348 0.08804435282945633 11
1745369541972 0.0740913674235344 12
1745369545588 0.07313934713602066 13
1745369550111 0.07871653139591217 14
1745369553795 0.08929690718650818 15
1745369557432 0.08067816495895386 16
1745369561096 0.08786223828792572 17
1745369565246 0.08560866862535477 18
1745369568872 0.07966399937868118 19
1745369572496 0.08856624364852905 20
1745369577171 0.0915042981505394 21
1745369580800 0.08686698228120804 22
1745369584420 0.0874757245182991 23
1745369588609 0.09053698927164078 24
1745369592453 0.08891500532627106 25
1745369596067 0.09364776313304901 26
1745369599705 0.09656612575054169 27
1745369604095 0.09805422276258469 28
1745369607706 0.09645937383174896 29
1745369611350 0.1007685735821724 30
1745369615966 0.09228046238422394 31
1745369619661 0.09766311943531036 32
1745369623335 0.09677878022193909 33
1745369627197 0.09267694503068924 34
1745369631144 0.10651583224534988 35
1745369634770 0.09775197505950928 36
1745369638403 0.09860128909349442 37
1745369642963 0.09848106652498245 38
1745369646594 0.0905362069606781 39
1745369650204 0.08707784861326218 40
1745369654620 0.09293597936630249 41
1745369658388 0.10770595818758011 42
1745369662063 0.11812818795442581 43
1745369666032 0.1029852032661438 44
1745369671195 0.10438144207000732 45
1745369674823 0.10469022393226624 46
1745369678442 0.10279552638530731 47
1745369682793 0.11926605552434921 48
1745369686607 0.11900436133146286 49
1745369690227 0.11590594798326492 50
1745369693853 0.11583346128463745 51
1745369698121 0.1186511218547821 52
1745369701773 0.12010987102985382 53
1745369705400 0.1201871782541275 54
1745369710045 0.10989788174629211 55
1745369713708 0.12026943266391754 56
1745369717351 0.12152553349733353 57
1745369721442 0.12545722723007202 58
1745369725325 0.12941426038742065 59
1745369728019 0.13412080705165863 60
1745369827837 0.13613101840019226 61
1745369831489 0.13285763561725616 62
1745369835167 0.13357743620872498 63
1745369839019 0.1322396844625473 64
1745369843031 0.133285254240036 65
1745369846654 0.13679139316082 66
1745369850304 0.1329706609249115 67
1745369854912 0.14090560376644135 68
1745369858585 0.13928288221359253 69
1745369862227 0.13850107789039612 70
1745369866605 0.13146209716796875 71
1745369870394 0.13858109712600708 72
1745369874052 0.14488635957241058 73
1745369877683 0.1351318061351776 74
1745369881873 0.13482819497585297 75
1745369885497 0.14215752482414246 76
1745369889128 0.14407815039157867 77
1745369893790 0.1486150175333023 78
1745369897409 0.14502422511577606 79
1745369901038 0.14688575267791748 80
1745369905161 0.14219622313976288 81
1745369909020 0.1505507081747055 82
1745369912637 0.13644373416900635 83
1745369916284 0.14921912550926208 84
1745369920699 0.14327356219291687 85
1745369924346 0.1400315910577774 86
1745369927987 0.14124448597431183 87
1745369932593 0.13584934175014496 88
1745369936317 0.1493823081254959 89
1745369940964 0.14551028609275818 90
1745369945440 0.14942528307437897 91
1745369949152 0.14401482045650482 92
1745369952792 0.14399556815624237 93
1745369956427 0.14345476031303406 94
1745369960539 0.1582399606704712 95
1745369964206 0.14744342863559723 96
1745369967832 0.15826930105686188 97
1745369972473 0.15186361968517303 98
1745369976106 0.1428454965353012 99
1745369979702 0.1486729383468628 100
1745369983910 0.1589394509792328 101
1745369987754 0.15294378995895386 102
1745369991382 0.1609596163034439 103
1745369995004 0.14911800622940063 104
1745369999390 0.15459418296813965 105
1745370003025 0.15601463615894318 106
1745370006656 0.15639621019363403 107
1745370011222 0.1563127487897873 108
1745370014911 0.15875115990638733 109
1745370018562 0.1608479768037796 110
1745370022384 0.15810619294643402 111
1745370026371 0.15765835344791412 112
1745370030013 0.15523183345794678 113
1745370033666 0.15280349552631378 114
1745370038280 0.16458001732826233 115
1745370041940 0.16195552051067352 116
1745370045614 0.1596793681383133 117
1745370050021 0.1608508974313736 118
1745370053785 0.15437334775924683 119
1745370057446 0.1642361879348755 120
1745370060154 0.14841800928115845 121
1745370159656 0.16335877776145935 122
1745370163305 0.16160598397254944 123
1745370167530 0.163365438580513 124
1745370171361 0.170596182346344 125
1745370174997 0.16882655024528503 126
1745370178637 0.17077404260635376 127
1745370183009 0.16529463231563568 128
1745370186662 0.16539530456066132 129
1745370190274 0.16915765404701233 130
1745370194831 0.16657525300979614 131
1745370198508 0.16231922805309296 132
1745370202119 0.16515035927295685 133
1745370205981 0.17298541963100433 134
1745370209934 0.16203421354293823 135
1745370213554 0.17263174057006836 136
1745370218195 0.16917164623737335 137
1745370222399 0.17339104413986206 138
1745370226070 0.16781340539455414 139
1745370229700 0.16925978660583496 140
1745370234347 0.1680322140455246 141
1745370237983 0.16986367106437683 142
1745370241631 0.177791029214859 143
1745370245727 0.17658790946006775 144
1745370249596 0.18253161013126373 145
1745370253226 0.17932943999767303 146
1745370256885 0.1698199212551117 147
1745370261330 0.17655740678310394 148
1745370264991 0.17807380855083466 149
1745370268639 0.17546604573726654 150
1745370273162 0.18312977254390717 151
1745370276875 0.18698391318321228 152
1745370280504 0.18560630083084106 153
1745370284260 0.18589653074741364 154
1745370288306 0.19103851914405823 155
1745370291940 0.18027637898921967 156
1745370295605 0.17654190957546234 157
1745370300256 0.18153655529022217 158
1745370303887 0.17186422646045685 159
1745370307532 0.1789354532957077 160
1745370311787 0.19055521488189697 161
1745370315598 0.1797938346862793 162
1745370319235 0.18773427605628967 163
1745370322843 0.18719008564949036 164
1745370327187 0.1787310093641281 165
1745370330854 0.18855102360248566 166
1745370334496 0.178694948554039 167
1745370339083 0.18791384994983673 168
1745370342724 0.1911984235048294 169
1745370346377 0.19227373600006104 170
1745370350353 0.1936636120080948 171
1745370354250 0.18815265595912933 172
1745370357847 0.18104931712150574 173
1745370361481 0.1822943240404129 174
1745370365999 0.1821020543575287 175
1745370369615 0.19215203821659088 176
1745370373245 0.19395959377288818 177
1745370377717 0.19163653254508972 178
1745370381458 0.1939743459224701 179
1745370385086 0.19113680720329285 180
1745370388701 0.1841004192829132 181
1745370392099 0.19719506800174713 182
1745370490277 0.19280312955379486 183
1745370494500 0.2067672461271286 184
1745370499434 0.2034258395433426 185
1745370503060 0.1911420375108719 186
1745370506697 0.19532576203346252 187
1745370511242 0.19142624735832214 188
1745370514969 0.18720759451389313 189
1745370518594 0.18926434218883514 190
1745370522327 0.182932049036026 191
1745370526379 0.18140625953674316 192
1745370530017 0.19081708788871765 193
1745370533653 0.18255333602428436 194
1745370538302 0.18870627880096436 195
1745370541949 0.19405940175056458 196
1745370545588 0.19415630400180817 197
1745370549856 0.201449915766716 198
1745370553657 0.19422993063926697 199
1745370557333 0.1990031749010086 200
1745370560957 0.20364336669445038 201
1745370565248 0.19271624088287354 202
1745370568905 0.19336342811584473 203
1745370572544 0.19375747442245483 204
1745370577199 0.20082363486289978 205
1745370580842 0.20322994887828827 206
1745370584448 0.20119330286979675 207
1745370588462 0.1874198615550995 208
1745370592343 0.19294525682926178 209
1745370595959 0.19770370423793793 210
1745370599583 0.2080448716878891 211
1745370604056 0.2002299278974533 212
1745370607705 0.2090316265821457 213
1745370611335 0.19067882001399994 214
1745370615794 0.20320357382297516 215
1745370619501 0.20415498316287994 216
1745370623165 0.20541727542877197 217
1745370626848 0.1993684321641922 218
1745370630975 0.204694002866745 219
1745370634624 0.20424699783325195 220
1745370638243 0.2108869105577469 221
1745370642932 0.20950809121131897 222
1745370646572 0.21230995655059814 223
1745370650211 0.21501632034778595 224
1745370654447 0.2086741179227829 225
1745370658272 0.20478740334510803 226
1745370661945 0.20352520048618317 227
1745370665555 0.20439934730529785 228
1745370669842 0.221548393368721 229
1745370673433 0.21554769575595856 230
1745370677060 0.21464313566684723 231
1745370681673 0.20906999707221985 232
1745370685349 0.20256543159484863 233
1745370688976 0.20327046513557434 234
1745370692966 0.21684397757053375 235
1745370696849 0.21841368079185486 236
1745370700485 0.21756033599376678 237
1745370704112 0.21962587535381317 238
1745370708653 0.2124159038066864 239
1745370712273 0.23065994679927826 240
1745370715897 0.21829268336296082 241
1745370720370 0.21368935704231262 242
1745370723212 0.23341630399227142 243
1745370822580 0.22329702973365784 244
1745370826972 0.23198197782039642 245
1745370830601 0.21839940547943115 246
1745370834255 0.22296656668186188 247
1745370838857 0.2352224588394165 248
1745370842542 0.22898821532726288 249
1745370846186 0.23866048455238342 250
1745370850065 0.2249620109796524 251
1745370854020 0.2279844880104065 252
1745370857654 0.23078489303588867 253
1745370861286 0.21721337735652924 254
1745370865840 0.23520968854427338 255
1745370869494 0.22292223572731018 256
1745370873121 0.22687767446041107 257
1745370877492 0.2357555776834488 258
1745370881293 0.2213773876428604 259
1745370884952 0.22493349015712738 260
1745370888609 0.23934122920036316 261
1745370892791 0.2264288365840912 262
1745370896414 0.21381303668022156 263
1745370900060 0.23075199127197266 264
1745370904704 0.23789624869823456 265
1745370908341 0.2294236719608307 266
1745370911936 0.2400328814983368 267
1745370916073 0.22851969301700592 268
1745370919968 0.23225857317447662 269
1745370923597 0.24115462601184845 270
1745370927236 0.22747907042503357 271
1745370931610 0.24044695496559143 272
1745370935240 0.2373664379119873 273
1745370938869 0.23403964936733246 274
1745370943457 0.23489932715892792 275
1745370947107 0.232960507273674 276
1745370950754 0.24172909557819366 277
1745370954637 0.235137939453125 278
1745370958603 0.23643092811107635 279
1745370962233 0.24095100164413452 280
1745370965889 0.2523854076862335 281
1745370970417 0.24268516898155212 282
1745370974059 0.23622095584869385 283
1745370977700 0.2506672739982605 284
1745370982156 0.23686280846595764 285
1745370985907 0.23436801135540009 286
1745370989548 0.24643343687057495 287
1745370993194 0.2445676326751709 288
1745370997352 0.2475092113018036 289
1745371000974 0.2492605596780777 290
1745371004610 0.23145198822021484 291
1745371009349 0.24855001270771027 292
1745371012984 0.2441694736480713 293
1745371016628 0.23924793303012848 294
1745371020869 0.24791590869426727 295
1745371024707 0.25465497374534607 296
1745371028380 0.25892943143844604 297
1745371031996 0.25435492396354675 298
1745371036280 0.25745999813079834 299
1745371039948 0.24519528448581696 300
1745371043584 0.2546824812889099 301
1745371048217 0.2481984943151474 302
1745371051858 0.25403594970703125 303
1745371054554 0.24821467697620392 304
