1745969572094 0.00013789298827759922 0
1745969576041 0.0 1
1745969580903 0.0 2
1745969584928 0.0 3
1745969588890 0.0 4
1745969593741 0.0002977253752760589 5
1745969597666 7.395902503049001e-05 6
1745969601599 0.00012733176117762923 7
1745969606476 0.014078032225370407 8
1745969610465 0.016044216230511665 9
1745969614411 0.015104874968528748 10
1745969619235 0.012125995941460133 11
1745969623205 0.06295835226774216 12
1745969627123 0.06535325944423676 13
1745969631835 0.06336444616317749 14
1745969635817 0.059297073632478714 15
1745969639750 0.05435990169644356 16
1745969644233 0.06578778475522995 17
1745969648375 0.06150660291314125 18
1745969652328 0.05726461485028267 19
1745969656582 0.06408676505088806 20
1745969660879 0.06147070229053497 21
1745969664830 0.06164797395467758 22
1745969668837 0.06006308272480965 23
1745969673437 0.060232631862163544 24
1745969677399 0.06374526768922806 25
1745969681346 0.061929360032081604 26
1745969686076 0.058848705142736435 27
1745969689991 0.06088944151997566 28
1745969693930 0.06441856175661087 29
1745969698763 0.05978260934352875 30
1745969702719 0.06305287033319473 31
1745969706675 0.061593376100063324 32
1745969711568 0.06254709511995316 33
1745969715505 0.06009345129132271 34
1745969719441 0.06067521125078201 35
1745969724328 0.06183477118611336 36
1745969728268 0.05760982260107994 37
1745969732215 0.05987026169896126 38
1745969737055 0.06530459225177765 39
1745969741012 0.05666200816631317 40
1745969744975 0.06437228620052338 41
1745969749744 0.061014458537101746 42
1745969753701 0.05801844596862793 43
1745969757628 0.05876876041293144 44
1745969762160 0.06268814206123352 45
1745969766253 0.06304855644702911 46
1745969770238 0.05986185744404793 47
1745969774515 0.06172434240579605 48
1745969778744 0.06351962685585022 49
1745969782695 0.05681437626481056 50
1745969786764 0.0652400478720665 51
1745969791250 0.05903760716319084 52
1745969795180 0.05482500419020653 53
1745969799160 0.06289560347795486 54
1745969803836 0.05730285868048668 55
1745969807786 0.06225903332233429 56
1745969811735 0.059678513556718826 57
1745969816527 0.058699831366539 58
1745969820476 0.06067825108766556 59
1745969824441 0.058623917400836945 60
1745969829312 0.06375658512115479 61
1745969833245 0.057960622012615204 62
1745969837195 0.05973244085907936 63
1745969842062 0.06373953074216843 64
1745969845987 0.06415478885173798 65
1745969849924 0.06229725107550621 66
1745969854774 0.06446816027164459 67
1745969858763 0.06043165549635887 68
1745969862725 0.06018701568245888 69
1745969867429 0.06308156996965408 70
1745969871447 0.06492637097835541 71
1745969875414 0.06855492293834686 72
1745969879947 0.06609632819890976 73
1745969884031 0.06668365746736526 74
1745969887970 0.06640548259019852 75
1745969892270 0.0648517832159996 76
1745969896488 0.07248441129922867 77
1745969900409 0.06928697228431702 78
1745969904449 0.06894263625144958 79
1745969907369 0.06412937492132187 80
1745971140433 0.06926719844341278 81
1745971144641 0.07175320386886597 82
1745971148579 0.07066480815410614 83
1745971152635 0.07112611085176468 84
1745971157121 0.08309807628393173 85
1745971161078 0.07977749407291412 86
1745971165034 0.0780094563961029 87
1745971169715 0.08248931914567947 88
1745971173674 0.0921509638428688 89
1745971177678 0.09305474162101746 90
1745971182446 0.08984462916851044 91
1745971186405 0.08766523003578186 92
1745971190350 0.09808342903852463 93
1745971195244 0.10150900483131409 94
1745971199200 0.09526942670345306 95
1745971203157 0.09562089294195175 96
1745971207997 0.10240278393030167 97
1745971211956 0.10345227271318436 98
1745971215906 0.10483299940824509 99
1745971220773 0.10090506821870804 100
1745971224722 0.10851988196372986 101
1745971228662 0.11145138740539551 102
1745971233610 0.10927801579236984 103
1745971237571 0.11102423816919327 104
1745971241526 0.12169149518013 105
1745971246369 0.11768276244401932 106
1745971250328 0.12208185344934464 107
1745971254273 0.11711017787456512 108
1745971258982 0.11653972417116165 109
1745971262990 0.1196860671043396 110
1745971266930 0.12040092051029205 111
1745971271365 0.11714702844619751 112
1745971275498 0.12549787759780884 113
1745971279454 0.12898306548595428 114
1745971283726 0.12657275795936584 115
1745971288027 0.12505818903446198 116
1745971291981 0.11626080423593521 117
1745971295969 0.12377890944480896 118
1745971300526 0.12603788077831268 119
1745971304471 0.11995629966259003 120
1745971308419 0.13221757113933563 121
1745971313117 0.12313780188560486 122
1745971317053 0.1256726086139679 123
1745971321047 0.11945061385631561 124
1745971325909 0.12391906976699829 125
1745971329854 0.12171342968940735 126
1745971333838 0.12902431190013885 127
1745971338698 0.1316695362329483 128
1745971342704 0.13131245970726013 129
1745971346643 0.12313979119062424 130
1745971351489 0.13423913717269897 131
1745971355482 0.12653625011444092 132
1745971359480 0.1296023577451706 133
1745971364325 0.1351301223039627 134
1745971368259 0.1276102066040039 135
1745971372232 0.12176639586687088 136
1745971377038 0.13475275039672852 137
1745971380988 0.13481071591377258 138
1745971384935 0.1331341713666916 139
1745971389602 0.1352515071630478 140
1745971393588 0.12939466536045074 141
1745971397541 0.12732575833797455 142
1745971402024 0.12926316261291504 143
1745971406142 0.13483373820781708 144
1745971410087 0.13294868171215057 145
1745971414319 0.13774241507053375 146
1745971418610 0.12343241274356842 147
1745971422564 0.12967008352279663 148
1745971426561 0.13590990006923676 149
1745971431090 0.14302396774291992 150
1745971435084 0.12709195911884308 151
1745971439038 0.13407520949840546 152
1745971443685 0.13743308186531067 153
1745971447605 0.13123571872711182 154
1745971451547 0.13526740670204163 155
1745971456393 0.1297568380832672 156
1745971460351 0.1386650949716568 157
1745971464295 0.13776199519634247 158
1745971469158 0.14006637036800385 159
1745971473096 0.14544202387332916 160
1745971475362 0.13110026717185974 161
