1745969572094 2.29648494720459 0
1745969576041 2.294463634490967 1
1745969580903 2.292083263397217 2
1745969584928 2.2956740856170654 3
1745969588890 2.2927956581115723 4
1745969593741 2.2945239543914795 5
1745969597666 2.293046474456787 6
1745969601599 2.2917566299438477 7
1745969606476 2.1746115684509277 8
1745969610465 2.1746132373809814 9
1745969614411 2.1752724647521973 10
1745969619235 2.1740500926971436 11
1745969623205 2.0556187629699707 12
1745969627123 2.04605770111084 13
1745969631835 2.054840326309204 14
1745969635817 2.057286500930786 15
1745969639750 1.995562195777893 16
1745969644233 1.9881327152252197 17
1745969648375 1.9919767379760742 18
1745969652328 1.9927579164505005 19
1745969656582 1.9379130601882935 20
1745969660879 1.9390861988067627 21
1745969664830 1.9407838582992554 22
1745969668837 1.9392949342727661 23
1745969673437 1.9024291038513184 24
1745969677399 1.8876203298568726 25
1745969681346 1.8940541744232178 26
1745969686076 1.9006969928741455 27
1745969689991 1.8529114723205566 28
1745969693930 1.8491450548171997 29
1745969698763 1.8508169651031494 30
1745969702719 1.8578130006790161 31
1745969706675 1.812800407409668 32
1745969711568 1.818643569946289 33
1745969715505 1.8140686750411987 34
1745969719441 1.8121978044509888 35
1745969724328 1.779454231262207 36
1745969728268 1.7806591987609863 37
1745969732215 1.783801794052124 38
1745969737055 1.769914984703064 39
1745969741012 1.7531609535217285 40
1745969744975 1.7375644445419312 41
1745969749744 1.7443009614944458 42
1745969753701 1.7460167407989502 43
1745969757628 1.7285734415054321 44
1745969762160 1.7192922830581665 45
1745969766253 1.7229262590408325 46
1745969770238 1.7162790298461914 47
1745969774515 1.694427251815796 48
1745969778744 1.6954448223114014 49
1745969782695 1.700539231300354 50
1745969786764 1.694591999053955 51
1745969791250 1.682773232460022 52
1745969795180 1.6866815090179443 53
1745969799160 1.6823614835739136 54
1745969803836 1.6791284084320068 55
1745969807786 1.6764566898345947 56
1745969811735 1.663989543914795 57
1745969816527 1.6716742515563965 58
1745969820476 1.6663246154785156 59
1745969824441 1.6569559574127197 60
1745969829312 1.6399970054626465 61
1745969833245 1.654026746749878 62
1745969837195 1.6506378650665283 63
1745969842062 1.6488749980926514 64
1745969845987 1.6454917192459106 65
1745969849924 1.6451109647750854 66
1745969854774 1.6438238620758057 67
1745969858763 1.634199619293213 68
1745969862725 1.630065679550171 69
1745969867429 1.6408958435058594 70
1745969871447 1.6409662961959839 71
1745969875414 1.6319133043289185 72
1745969879947 1.6303489208221436 73
1745969884031 1.6287943124771118 74
1745969887970 1.631899356842041 75
1745969892270 1.630357027053833 76
1745969896488 1.6142919063568115 77
1745969900409 1.6212117671966553 78
1745969904449 1.6299872398376465 79
1745969907369 1.6133354902267456 80
1745971140433 1.6291207075119019 81
1745971144641 1.6233503818511963 82
1745971148579 1.6087027788162231 83
1745971152635 1.6035621166229248 84
1745971157121 1.6133911609649658 85
1745971161078 1.6026266813278198 86
1745971165034 1.6079633235931396 87
1745971169715 1.6133134365081787 88
1745971173674 1.6012868881225586 89
1745971177678 1.6001677513122559 90
1745971182446 1.5964813232421875 91
1745971186405 1.6105142831802368 92
1745971190350 1.5915708541870117 93
1745971195244 1.5831176042556763 94
1745971199200 1.588034987449646 95
1745971203157 1.5982942581176758 96
1745971207997 1.5828354358673096 97
1745971211956 1.578277587890625 98
1745971215906 1.586754560470581 99
1745971220773 1.5860594511032104 100
1745971224722 1.5768418312072754 101
1745971228662 1.5812873840332031 102
1745971233610 1.5900993347167969 103
1745971237571 1.5838807821273804 104
1745971241526 1.55986750125885 105
1745971246369 1.5717203617095947 106
1745971250328 1.586246371269226 107
1745971254273 1.5675019025802612 108
1745971258982 1.5716356039047241 109
1745971262990 1.577789068222046 110
1745971266930 1.5742990970611572 111
1745971271365 1.5610828399658203 112
1745971275498 1.5651615858078003 113
1745971279454 1.5721501111984253 114
1745971283726 1.5621569156646729 115
1745971288027 1.5637701749801636 116
1745971291981 1.5610876083374023 117
1745971295969 1.568308711051941 118
1745971300526 1.5597189664840698 119
1745971304471 1.5722137689590454 120
1745971308419 1.545241117477417 121
1745971313117 1.560129165649414 122
1745971317053 1.552868366241455 123
1745971321047 1.5656332969665527 124
1745971325909 1.556357741355896 125
1745971329854 1.563788652420044 126
1745971333838 1.5532106161117554 127
1745971338698 1.5416333675384521 128
1745971342704 1.5493961572647095 129
1745971346643 1.560585379600525 130
1745971351489 1.5381275415420532 131
1745971355482 1.5460551977157593 132
1745971359480 1.5390260219573975 133
1745971364325 1.5469180345535278 134
1745971368259 1.5487556457519531 135
1745971372232 1.5601617097854614 136
1745971377038 1.538060188293457 137
1745971380988 1.5298928022384644 138
1745971384935 1.544693112373352 139
1745971389602 1.5350733995437622 140
1745971393588 1.5470190048217773 141
1745971397541 1.5414856672286987 142
1745971402024 1.5580796003341675 143
1745971406142 1.5365917682647705 144
1745971410087 1.5353609323501587 145
1745971414319 1.5385311841964722 146
1745971418610 1.5501668453216553 147
1745971422564 1.550026774406433 148
1745971426561 1.5452628135681152 149
1745971431090 1.514823079109192 150
1745971435084 1.5354617834091187 151
1745971439038 1.5351371765136719 152
1745971443685 1.5315320491790771 153
1745971447605 1.5401456356048584 154
1745971451547 1.5241570472717285 155
1745971456393 1.5413085222244263 156
1745971460351 1.5269006490707397 157
1745971464295 1.535274624824524 158
1745971469158 1.5188815593719482 159
1745971473096 1.5162620544433594 160
1745971475362 1.54038405418396 161
