1745969572094 0.0 0
1745969576041 0.0 1
1745969580903 0.0 2
1745969584928 0.0005 3
1745969588890 0.0005 4
1745969593741 0.0005 5
1745969597666 0.0005 6
1745969601599 0.001 7
1745969606476 0.001 8
1745969610465 0.001 9
1745969614411 0.001 10
1745969619235 0.000975 11
1745969623205 0.000975 12
1745969627123 0.000975 13
1745969631835 0.000975 14
1745969635817 0.00095 15
1745969639750 0.00095 16
1745969644233 0.00095 17
1745969648375 0.00095 18
1745969652328 0.000925 19
1745969656582 0.000925 20
1745969660879 0.000925 21
1745969664830 0.000925 22
1745969668837 0.0009000000000000001 23
1745969673437 0.0009000000000000001 24
1745969677399 0.0009000000000000001 25
1745969681346 0.0009000000000000001 26
1745969686076 0.000875 27
1745969689991 0.000875 28
1745969693930 0.000875 29
1745969698763 0.000875 30
1745969702719 0.00085 31
1745969706675 0.00085 32
1745969711568 0.00085 33
1745969715505 0.00085 34
1745969719441 0.000825 35
1745969724328 0.000825 36
1745969728268 0.000825 37
1745969732215 0.000825 38
1745969737055 0.0008 39
1745969741012 0.0008 40
1745969744975 0.0008 41
1745969749744 0.0008 42
1745969753701 0.0007750000000000001 43
1745969757628 0.0007750000000000001 44
1745969762160 0.0007750000000000001 45
1745969766253 0.0007750000000000001 46
1745969770238 0.00075 47
1745969774515 0.00075 48
1745969778744 0.00075 49
1745969782695 0.00075 50
1745969786764 0.000725 51
1745969791250 0.000725 52
1745969795180 0.000725 53
1745969799160 0.000725 54
1745969803836 0.0007 55
1745969807786 0.0007 56
1745969811735 0.0007 57
1745969816527 0.0007 58
1745969820476 0.000675 59
1745969824441 0.000675 60
1745969829312 0.000675 61
1745969833245 0.000675 62
1745969837195 0.0006500000000000001 63
1745969842062 0.0006500000000000001 64
1745969845987 0.0006500000000000001 65
1745969849924 0.0006500000000000001 66
1745969854774 0.000625 67
1745969858763 0.000625 68
1745969862725 0.000625 69
1745969867429 0.000625 70
1745969871447 0.0006 71
1745969875414 0.0006 72
1745969879947 0.0006 73
1745969884031 0.0006 74
1745969887970 0.000575 75
1745969892270 0.000575 76
1745969896488 0.000575 77
1745969900409 0.000575 78
1745969904449 0.00055 79
1745969907369 0.0005250000000000001 80
1745971140433 0.0005250000000000001 81
1745971144641 0.0005250000000000001 82
1745971148579 0.0005250000000000001 83
1745971152635 0.0005 84
1745971157121 0.0005 85
1745971161078 0.0005 86
1745971165034 0.0005 87
1745971169715 0.000475 88
1745971173674 0.000475 89
1745971177678 0.000475 90
1745971182446 0.000475 91
1745971186405 0.00045000000000000004 92
1745971190350 0.00045000000000000004 93
1745971195244 0.00045000000000000004 94
1745971199200 0.00045000000000000004 95
1745971203157 0.000425 96
1745971207997 0.000425 97
1745971211956 0.000425 98
1745971215906 0.000425 99
1745971220773 0.0004 100
1745971224722 0.0004 101
1745971228662 0.0004 102
1745971233610 0.0004 103
1745971237571 0.000375 104
1745971241526 0.000375 105
1745971246369 0.000375 106
1745971250328 0.000375 107
1745971254273 0.00035 108
1745971258982 0.00035 109
1745971262990 0.00035 110
1745971266930 0.00035 111
1745971271365 0.00032500000000000004 112
1745971275498 0.00032500000000000004 113
1745971279454 0.00032500000000000004 114
1745971283726 0.00032500000000000004 115
1745971288027 0.0003 116
1745971291981 0.0003 117
1745971295969 0.0003 118
1745971300526 0.0003 119
1745971304471 0.000275 120
1745971308419 0.000275 121
1745971313117 0.000275 122
1745971317053 0.000275 123
1745971321047 0.00025 124
1745971325909 0.00025 125
1745971329854 0.00025 126
1745971333838 0.00025 127
1745971338698 0.00022500000000000002 128
1745971342704 0.00022500000000000002 129
1745971346643 0.00022500000000000002 130
1745971351489 0.00022500000000000002 131
1745971355482 0.0002 132
1745971359480 0.0002 133
1745971364325 0.0002 134
1745971368259 0.0002 135
1745971372232 0.000175 136
1745971377038 0.000175 137
1745971380988 0.000175 138
1745971384935 0.000175 139
1745971389602 0.00015 140
1745971393588 0.00015 141
1745971397541 0.00015 142
1745971402024 0.00015 143
1745971406142 0.000125 144
1745971410087 0.000125 145
1745971414319 0.000125 146
1745971418610 0.000125 147
1745971422564 0.0001 148
1745971426561 0.0001 149
1745971431090 0.0001 150
1745971435084 0.0001 151
1745971439038 7.5e-05 152
1745971443685 7.5e-05 153
1745971447605 7.5e-05 154
1745971451547 7.5e-05 155
1745971456393 5e-05 156
1745971460351 5e-05 157
1745971464295 5e-05 158
1745971469158 5e-05 159
1745971473096 2.5e-05 160
1745971475362 0.0 161
