1745955813837 0.00019278966647107154 0
1745955817808 0.0 1
1745955821752 0.0003008649800904095 2
1745955826558 6.021194712957367e-05 3
1745955830519 7.545461267000064e-05 4
1745955834475 0.0 5
1745955839315 0.0001304120960412547 6
1745955843239 0.0 7
1745955847159 0.00030481608700938523 8
1745955852019 0.000162522352184169 9
1745955855982 0.000507904274854809 10
1745955859935 0.00047185708535835147 11
1745955864798 0.0004698301781900227 12
1745955868736 0.0012012813240289688 13
1745955872657 0.0012848254991695285 14
1745955877480 0.0006793478387407959 15
1745955881432 0.007661945652216673 16
1745955885367 0.008256209082901478 17
1745955890033 0.007762962952256203 18
1745955894057 0.008196116425096989 19
1745955897982 0.05007757619023323 20
1745955902321 0.046257175505161285 21
1745955906478 0.0494328998029232 22
1745955910424 0.046913743019104004 23
1745955914501 0.06417463719844818 24
1745955918927 0.05630474165081978 25
1745955922907 0.05743483453989029 26
1745955926840 0.06280875205993652 27
1745955931467 0.060319215059280396 28
1745955935399 0.059961579740047455 29
1745955939315 0.06259790062904358 30
1745955944106 0.056017860770225525 31
1745955948085 0.055826153606176376 32
1745955952036 0.05738849937915802 33
1745955956873 0.05655788630247116 34
1745955960799 0.061431821435689926 35
1745955964749 0.06199312582612038 36
1745955969577 0.0574556365609169 37
1745955973510 0.061162080615758896 38
1745955977433 0.05999999865889549 39
1745955982238 0.06029422953724861 40
1745955986183 0.06112486869096756 41
1745955990119 0.0675789937376976 42
1745955994734 0.06053127348423004 43
1745955998773 0.061544518917798996 44
1745956002710 0.06029564142227173 45
1745956007007 0.05848037451505661 46
1745956011212 0.059481989592313766 47
1745956015179 0.06303596496582031 48
1745956019283 0.060782916843891144 49
1745956023760 0.054540809243917465 50
1745956027718 0.06154228001832962 51
1745956031718 0.05970263108611107 52
1745956036326 0.06221616640686989 53
1745956040293 0.05744452401995659 54
1745956044276 0.05623729154467583 55
1745956048979 0.061722543090581894 56
1745956052939 0.05843510851264 57
1745956056880 0.06237440183758736 58
1745956061699 0.06191491708159447 59
1745956065639 0.061334703117609024 60
1745956069597 0.059463467448949814 61
1745956074480 0.062378041446208954 62
1745956078436 0.06509385257959366 63
1745956082394 0.05646900087594986 64
1745956087257 0.06410351395606995 65
1745956091239 0.058431226760149 66
1745956095166 0.06072143092751503 67
1745956099900 0.05851837620139122 68
1745956103863 0.05625413730740547 69
1745956107808 0.061303745955228806 70
1745956112364 0.06164960935711861 71
1745956116440 0.06151051074266434 72
1745956120380 0.05579609423875809 73
1745956124657 0.06136995926499367 74
1745956128866 0.06342130899429321 75
1745956132828 0.06429197639226913 76
1745956136860 0.060358475893735886 77
1745956141331 0.06243574991822243 78
1745956145269 0.06356649845838547 79
1745956147534 0.06576608866453171 80
