1745955813837 2.283395528793335 0
1745955817808 2.281583786010742 1
1745955821752 2.279730796813965 2
1745955826558 2.2840723991394043 3
1745955830519 2.2834107875823975 4
1745955834475 2.2832112312316895 5
1745955839315 2.2817838191986084 6
1745955843239 2.2804365158081055 7
1745955847159 2.264035940170288 8
1745955852019 2.2631568908691406 9
1745955855982 2.2644662857055664 10
1745955859935 2.2641520500183105 11
1745955864798 2.2335753440856934 12
1745955868736 2.233198642730713 13
1745955872657 2.2341411113739014 14
1745955877480 2.2312114238739014 15
1745955881432 2.1908724308013916 16
1745955885367 2.1926920413970947 17
1745955890033 2.1901803016662598 18
1745955894057 2.188765048980713 19
1745955897982 2.1407229900360107 20
1745955902321 2.1484475135803223 21
1745955906478 2.1444878578186035 22
1745955910424 2.1433963775634766 23
1745955914501 2.0990703105926514 24
1745955918927 2.1021475791931152 25
1745955922907 2.1003291606903076 26
1745955926840 2.092816114425659 27
1745955931467 2.057663679122925 28
1745955935399 2.0570335388183594 29
1745955939315 2.0609188079833984 30
1745955944106 2.063021659851074 31
1745955948085 2.0301389694213867 32
1745955952036 2.0282678604125977 33
1745955956873 2.03293514251709 34
1745955960799 2.0270633697509766 35
1745955964749 1.991198182106018 36
1745955969577 1.999857783317566 37
1745955973510 1.9914287328720093 38
1745955977433 1.9955637454986572 39
1745955982238 1.9677263498306274 40
1745955986183 1.9683218002319336 41
1745955990119 1.9606009721755981 42
1745955994734 1.968592882156372 43
1745955998773 1.9441133737564087 44
1745956002710 1.9417691230773926 45
1745956007007 1.9426676034927368 46
1745956011212 1.9524866342544556 47
1745956015179 1.9169142246246338 48
1745956019283 1.9147025346755981 49
1745956023760 1.9315030574798584 50
1745956027718 1.9183300733566284 51
1745956031718 1.9022889137268066 52
1745956036326 1.8954886198043823 53
1745956040293 1.8962960243225098 54
1745956044276 1.8981268405914307 55
1745956048979 1.8747434616088867 56
1745956052939 1.8737068176269531 57
1745956056880 1.865861415863037 58
1745956061699 1.8702925443649292 59
1745956065639 1.8558250665664673 60
1745956069597 1.8493406772613525 61
1745956074480 1.850642204284668 62
1745956078436 1.8419092893600464 63
1745956082394 1.8327374458312988 64
1745956087257 1.8281186819076538 65
1745956091239 1.8307827711105347 66
1745956095166 1.8329801559448242 67
1745956099900 1.8127696514129639 68
1745956103863 1.8095922470092773 69
1745956107808 1.809341549873352 70
1745956112364 1.809548020362854 71
1745956116440 1.7854204177856445 72
1745956120380 1.79937744140625 73
1745956124657 1.7891316413879395 74
1745956128866 1.796270489692688 75
1745956132828 1.7744221687316895 76
1745956136860 1.7726948261260986 77
1745956141331 1.773179292678833 78
1745956145269 1.7714800834655762 79
1745956147534 1.7466737031936646 80
