1745955813837 0.0 0
1745955817808 0.0 1
1745955821752 0.0 2
1745955826558 6.25e-05 3
1745955830519 6.25e-05 4
1745955834475 6.25e-05 5
1745955839315 6.25e-05 6
1745955843239 0.000125 7
1745955847159 0.000125 8
1745955852019 0.000125 9
1745955855982 0.000125 10
1745955859935 0.0001875 11
1745955864798 0.0001875 12
1745955868736 0.0001875 13
1745955872657 0.0001875 14
1745955877480 0.00025 15
1745955881432 0.00025 16
1745955885367 0.00025 17
1745955890033 0.00025 18
1745955894057 0.0003125 19
1745955897982 0.0003125 20
1745955902321 0.0003125 21
1745955906478 0.0003125 22
1745955910424 0.000375 23
1745955914501 0.000375 24
1745955918927 0.000375 25
1745955922907 0.000375 26
1745955926840 0.0004375 27
1745955931467 0.0004375 28
1745955935399 0.0004375 29
1745955939315 0.0004375 30
1745955944106 0.0005 31
1745955948085 0.0005 32
1745955952036 0.0005 33
1745955956873 0.0005 34
1745955960799 0.0004964028776978418 35
1745955964749 0.0004964028776978418 36
1745955969577 0.0004964028776978418 37
1745955973510 0.0004964028776978418 38
1745955977433 0.0004928057553956834 39
1745955982238 0.0004928057553956834 40
1745955986183 0.0004928057553956834 41
1745955990119 0.0004928057553956834 42
1745955994734 0.0004892086330935252 43
1745955998773 0.0004892086330935252 44
1745956002710 0.0004892086330935252 45
1745956007007 0.0004892086330935252 46
1745956011212 0.0004856115107913669 47
1745956015179 0.0004856115107913669 48
1745956019283 0.0004856115107913669 49
1745956023760 0.0004856115107913669 50
1745956027718 0.00048201438848920864 51
1745956031718 0.00048201438848920864 52
1745956036326 0.00048201438848920864 53
1745956040293 0.00048201438848920864 54
1745956044276 0.0004784172661870504 55
1745956048979 0.0004784172661870504 56
1745956052939 0.0004784172661870504 57
1745956056880 0.0004784172661870504 58
1745956061699 0.0004748201438848921 59
1745956065639 0.0004748201438848921 60
1745956069597 0.0004748201438848921 61
1745956074480 0.0004748201438848921 62
1745956078436 0.00047122302158273386 63
1745956082394 0.00047122302158273386 64
1745956087257 0.00047122302158273386 65
1745956091239 0.00047122302158273386 66
1745956095166 0.0004676258992805755 67
1745956099900 0.0004676258992805755 68
1745956103863 0.0004676258992805755 69
1745956107808 0.0004676258992805755 70
1745956112364 0.00046402877697841727 71
1745956116440 0.00046402877697841727 72
1745956120380 0.00046402877697841727 73
1745956124657 0.00046402877697841727 74
1745956128866 0.00046043165467625903 75
1745956132828 0.00046043165467625903 76
1745956136860 0.00046043165467625903 77
1745956141331 0.00046043165467625903 78
1745956145269 0.00045683453237410073 79
1745956147534 0.0004532374100719425 80
