1745551548172 9.142571449279785 0
1745551552090 8.1587553024292 1
1745551556252 9.453635215759277 2
1745551559941 14.537982940673828 3
1745551563645 20.02284812927246 4
1745551568258 19.757694244384766 5
1745551571954 19.97806739807129 6
1745551575613 15.51607608795166 7
1745551580091 19.983285903930664 8
1745551583850 18.66022300720215 9
1745551587542 24.6475772857666 10
1745551591371 27.172990798950195 11
1745551595613 21.39719581604004 12
1745551599295 19.58975601196289 13
1745551603010 19.79438591003418 14
1745551607616 18.231637954711914 15
1745551611269 18.33415412902832 16
1745551614930 29.110300064086914 17
1745551619341 25.590261459350586 18
1745551623140 23.07985496520996 19
1745551626804 25.176620483398438 20
1745551630693 21.111967086791992 21
1745551634932 20.429729461669922 22
1745551638623 19.166336059570312 23
1745551642300 25.70143699645996 24
1745551646891 19.35123634338379 25
1745551650543 22.008535385131836 26
1745551654229 15.388126373291016 27
1745551658636 16.263486862182617 28
1745551662428 19.939584732055664 29
1745551666092 18.460918426513672 30
1745551669900 17.293424606323242 31
1745551674176 15.465378761291504 32
1745551677829 16.236906051635742 33
1745551681481 14.06423282623291 34
1745551686090 17.068378448486328 35
1745551689768 19.975494384765625 36
1745551693439 17.05263900756836 37
1745551697787 12.645658493041992 38
1745551701609 13.295320510864258 39
1745551705295 16.89352798461914 40
1745551709009 20.01522445678711 41
1745551713232 18.62833595275879 42
1745551716900 15.76666259765625 43
1745551720585 12.497355461120605 44
1745551725086 14.875555992126465 45
1745551727083 nan 46
1745551729059 nan 47
1745551730999 nan 48
1745551732939 nan 49
1745551735356 nan 50
1745551737795 nan 51
1745551739777 nan 52
1745551741770 nan 53
1745551743776 nan 54
1745551745782 nan 55
1745551748262 nan 56
1745551750674 nan 57
1745551752657 nan 58
1745551754631 nan 59
1745551756639 nan 60
1745551758648 nan 61
1745551761136 nan 62
1745551763506 nan 63
1745551765487 nan 64
1745551767483 nan 65
1745551769467 nan 66
1745551771452 nan 67
1745551773935 nan 68
1745551776300 nan 69
1745551778296 nan 70
1745551780289 nan 71
1745551782314 nan 72
1745551784303 nan 73
1745551786842 nan 74
1745551789183 nan 75
1745551791168 nan 76
1745551793166 nan 77
1745551795169 nan 78
1745551797161 nan 79
1745551798294 nan 80
1745551819045 nan 81
1745551821043 nan 82
1745551823059 nan 83
1745551825651 nan 84
1745551827909 nan 85
1745551829892 nan 86
1745551831886 nan 87
1745551833899 nan 88
1745551835901 nan 89
1745551838493 nan 90
1745551840794 nan 91
1745551842796 nan 92
1745551844758 nan 93
1745551846755 nan 94
1745551848750 nan 95
1745551851399 nan 96
1745551853619 nan 97
1745551855597 nan 98
1745551857574 nan 99
1745551859565 nan 100
1745551861571 nan 101
1745551864185 nan 102
1745551866439 nan 103
1745551868424 nan 104
1745551870429 nan 105
1745551872453 nan 106
1745551874435 nan 107
1745551877083 nan 108
1745551879337 nan 109
1745551881346 nan 110
1745551883314 nan 111
1745551885297 nan 112
1745551887293 nan 113
1745551889904 nan 114
1745551892162 nan 115
1745551894137 nan 116
1745551896124 nan 117
1745551898111 nan 118
1745551900138 nan 119
1745551902775 nan 120
1745551904998 nan 121
1745551906986 nan 122
1745551908976 nan 123
1745551910967 nan 124
1745551912963 nan 125
1745551915563 nan 126
1745551917822 nan 127
1745551919809 nan 128
1745551921811 nan 129
1745551923816 nan 130
1745551925824 nan 131
1745551928417 nan 132
1745551930679 nan 133
1745551932687 nan 134
1745551934666 nan 135
1745551936659 nan 136
1745551938655 nan 137
1745551941283 nan 138
1745551943524 nan 139
1745551945505 nan 140
1745551947483 nan 141
1745551949470 nan 142
1745551951464 nan 143
1745551954024 nan 144
1745551956314 nan 145
1745551958316 nan 146
1745551960311 nan 147
1745551962337 nan 148
1745551964336 nan 149
1745551966980 nan 150
1745551969221 nan 151
1745551971207 nan 152
1745551973190 nan 153
1745551975184 nan 154
1745551977184 nan 155
1745551979744 nan 156
1745551982017 nan 157
1745551984008 nan 158
1745551986011 nan 159
1745551988004 nan 160
1745551989172 nan 161
