1745551548172 0.00019254219660069793 0
1745551552090 0.00884860847145319 1
1745551556252 0.047696225345134735 2
1745551559941 0.000856800121255219 3
1745551563645 0.05585700646042824 4
1745551568258 0.06501584500074387 5
1745551571954 0.060315605252981186 6
1745551575613 0.0049188705161213875 7
1745551580091 0.012289623729884624 8
1745551583850 0.01092590019106865 9
1745551587542 0.02354930341243744 10
1745551591371 0.008210940286517143 11
1745551595613 0.051245324313640594 12
1745551599295 0.0020681784953922033 13
1745551603010 0.008811519481241703 14
1745551607616 0.01238620188087225 15
1745551611269 0.0006594565929844975 16
1745551614930 0.03607829660177231 17
1745551619341 0.00892635714262724 18
1745551623140 0.0007486898102797568 19
1745551626804 0.0 20
1745551630693 0.005795234814286232 21
1745551634932 0.02325419895350933 22
1745551638623 0.011122881434857845 23
1745551642300 0.005886834114789963 24
1745551646891 0.048591066151857376 25
1745551650543 0.008387766778469086 26
1745551654229 0.001497086021117866 27
1745551658636 0.06344465911388397 28
1745551662428 0.00570397125557065 29
1745551666092 0.003486978355795145 30
1745551669900 0.0015973459230735898 31
1745551674176 0.0004705605679191649 32
1745551677829 0.002593741286545992 33
1745551681481 0.02298125997185707 34
1745551686090 0.0016970725264400244 35
1745551689768 0.010547222569584846 36
1745551693439 0.002037864876911044 37
1745551697787 0.001308234641328454 38
1745551701609 0.06068633496761322 39
1745551705295 0.013847168534994125 40
1745551709009 0.05805954337120056 41
1745551713232 0.008432131260633469 42
1745551716900 0.03896103799343109 43
1745551720585 0.03607834130525589 44
1745551725086 0.005911197513341904 45
1745551727083 0.0 46
1745551729059 0.0 47
1745551730999 0.0 48
1745551732939 0.0 49
1745551735356 0.0 50
1745551737795 0.0 51
1745551739777 0.0 52
1745551741770 0.0 53
1745551743776 0.0 54
1745551745782 0.0 55
1745551748262 0.0 56
1745551750674 0.0 57
1745551752657 0.0 58
1745551754631 0.0 59
1745551756639 0.0 60
1745551758648 0.0 61
1745551761136 0.0 62
1745551763506 0.0 63
1745551765487 0.0 64
1745551767483 0.0 65
1745551769467 0.0 66
1745551771452 0.0 67
1745551773935 0.0 68
1745551776300 0.0 69
1745551778296 0.0 70
1745551780289 0.0 71
1745551782314 0.0 72
1745551784303 0.0 73
1745551786842 0.0 74
1745551789183 0.0 75
1745551791168 0.0 76
1745551793166 0.0 77
1745551795169 0.0 78
1745551797161 0.0 79
1745551798294 0.0 80
1745551819045 0.0 81
1745551821043 0.0 82
1745551823059 0.0 83
1745551825651 0.0 84
1745551827909 0.0 85
1745551829892 0.0 86
1745551831886 0.0 87
1745551833899 0.0 88
1745551835901 0.0 89
1745551838493 0.0 90
1745551840794 0.0 91
1745551842796 0.0 92
1745551844758 0.0 93
1745551846755 0.0 94
1745551848750 0.0 95
1745551851399 0.0 96
1745551853619 0.0 97
1745551855597 0.0 98
1745551857574 0.0 99
1745551859565 0.0 100
1745551861571 0.0 101
1745551864185 0.0 102
1745551866439 0.0 103
1745551868424 0.0 104
1745551870429 0.0 105
1745551872453 0.0 106
1745551874435 0.0 107
1745551877083 0.0 108
1745551879337 0.0 109
1745551881346 0.0 110
1745551883314 0.0 111
1745551885297 0.0 112
1745551887293 0.0 113
1745551889904 0.0 114
1745551892162 0.0 115
1745551894137 0.0 116
1745551896124 0.0 117
1745551898111 0.0 118
1745551900138 0.0 119
1745551902775 0.0 120
1745551904998 0.0 121
1745551906986 0.0 122
1745551908976 0.0 123
1745551910967 0.0 124
1745551912963 0.0 125
1745551915563 0.0 126
1745551917822 0.0 127
1745551919809 0.0 128
1745551921811 0.0 129
1745551923816 0.0 130
1745551925824 0.0 131
1745551928417 0.0 132
1745551930679 0.0 133
1745551932687 0.0 134
1745551934666 0.0 135
1745551936659 0.0 136
1745551938655 0.0 137
1745551941283 0.0 138
1745551943524 0.0 139
1745551945505 0.0 140
1745551947483 0.0 141
1745551949470 0.0 142
1745551951464 0.0 143
1745551954024 0.0 144
1745551956314 0.0 145
1745551958316 0.0 146
1745551960311 0.0 147
1745551962337 0.0 148
1745551964336 0.0 149
1745551966980 0.0 150
1745551969221 0.0 151
1745551971207 0.0 152
1745551973190 0.0 153
1745551975184 0.0 154
1745551977184 0.0 155
1745551979744 0.0 156
1745551982017 0.0 157
1745551984008 0.0 158
1745551986011 0.0 159
1745551988004 0.0 160
1745551989172 0.0 161
