1745279755928 9.388494491577148 0
1745279758183 8.790443420410156 1
1745279760437 7.364401817321777 2
1745279762661 6.748933792114258 3
1745279764875 6.48729944229126 4
1745279767099 6.389197826385498 5
1745279769309 6.4702630043029785 6
1745279771624 6.520515441894531 7
1745279773863 6.495924949645996 8
1745279776096 6.465930461883545 9
1745279778316 6.407985687255859 10
1745279780537 6.3492255210876465 11
1745279782847 6.402825355529785 12
1745279785084 6.360137939453125 13
1745279787313 6.4185614585876465 14
1745279789545 6.337783336639404 15
1745279791776 6.302786350250244 16
1745279794001 6.349883079528809 17
1745279796385 6.350534439086914 18
1745279798641 6.380176544189453 19
1745279800878 6.35674524307251 20
1745279803101 6.35306978225708 21
1745279805322 6.382442474365234 22
1745279807656 6.332014083862305 23
1745279809916 6.314533233642578 24
1745279812148 6.336169719696045 25
1745279814373 6.301577091217041 26
1745279816593 6.32618522644043 27
1745279818952 6.340386390686035 28
1745279821197 6.320724010467529 29
1745279823421 6.353790760040283 30
1745279825643 6.277251243591309 31
1745279827871 6.319798469543457 32
1745279830089 6.254672527313232 33
1745279832403 6.272759914398193 34
1745279834636 6.2852983474731445 35
1745279836867 6.238734245300293 36
1745279839099 6.311099529266357 37
1745279841314 6.291233539581299 38
1745279843676 6.316002368927002 39
1745279845955 6.271049499511719 40
1745279848191 6.207693099975586 41
1745279850418 6.2715911865234375 42
