1745279755928 0.0 0
1745279758183 0.06471920013427734 1
1745279760437 0.07335806638002396 2
1745279762661 0.07505965977907181 3
1745279764875 0.07025540620088577 4
1745279767099 0.07243562489748001 5
1745279769309 0.04756329581141472 6
1745279771624 0.03871050477027893 7
1745279773863 0.03780093044042587 8
1745279776096 0.04011329263448715 9
1745279778316 0.07154741883277893 10
1745279780537 0.07187751680612564 11
1745279782847 0.0729263424873352 12
1745279785084 0.07122580707073212 13
1745279787313 0.038839682936668396 14
1745279789545 0.05059034004807472 15
1745279791776 0.07519102841615677 16
1745279794001 0.07333894073963165 17
1745279796385 0.06940659880638123 18
1745279798641 0.07194767147302628 19
1745279800878 0.07590450346469879 20
1745279803101 0.0674925222992897 21
1745279805322 0.06947038322687149 22
1745279807656 0.06569122523069382 23
1745279809916 0.07416784763336182 24
1745279812148 0.06957300752401352 25
1745279814373 0.07078243792057037 26
1745279816593 0.06771020591259003 27
1745279818952 0.0709487572312355 28
1745279821197 0.07100720703601837 29
1745279823421 0.07521277666091919 30
1745279825643 0.07343681156635284 31
1745279827871 0.07388176769018173 32
1745279830089 0.07512187212705612 33
1745279832403 0.07821433991193771 34
1745279834636 0.07318510115146637 35
1745279836867 0.07430478185415268 36
1745279839099 0.07123628258705139 37
1745279841314 0.0694345012307167 38
1745279843676 0.07517450302839279 39
1745279845955 0.06782563030719757 40
1745279848191 0.08126898109912872 41
1745279850418 0.07288730144500732 42
