1746039015266 2.280869245529175 0
1746039017450 2.2791340351104736 1
1746039019459 2.280165195465088 2
1746039021652 2.279620409011841 3
1746039023639 2.2790589332580566 4
1746039025615 2.2812962532043457 5
1746039027593 2.28004789352417 6
1746039029753 2.2794129848480225 7
1746039031727 2.201266288757324 8
1746039033708 2.2035269737243652 9
1746039035672 2.2018165588378906 10
1746039037653 2.204390525817871 11
1746039039638 2.103973865509033 12
1746039041816 2.0974509716033936 13
1746039043786 2.1028823852539062 14
1746039045779 2.106980562210083 15
1746039047743 2.030207633972168 16
1746039049726 2.0311737060546875 17
1746039051695 2.0351667404174805 18
1746039053828 2.0288896560668945 19
1746039055805 1.9745917320251465 20
1746039057774 1.9752213954925537 21
1746039059737 1.974574089050293 22
1746039061714 1.974256157875061 23
1746039063697 1.9266654253005981 24
1746039065732 1.9335904121398926 25
1746039067717 1.9275062084197998 26
1746039069700 1.929487705230713 27
1746039071664 1.8944567441940308 28
1746039073635 1.8920481204986572 29
1746039075600 1.889917254447937 30
1746039077772 1.8919897079467773 31
1746039079740 1.8571949005126953 32
1746039081707 1.8566023111343384 33
1746039083685 1.858364224433899 34
1746039085686 1.8602275848388672 35
1746039087649 1.8185310363769531 36
1746039089741 1.821284294128418 37
1746039091722 1.8146976232528687 38
1746039093705 1.8172415494918823 39
1746039095672 1.7818105220794678 40
1746039097645 1.7804057598114014 41
1746039099626 1.7811764478683472 42
1746039101641 1.7820817232131958 43
1746039103666 1.7530694007873535 44
1746039105636 1.764257788658142 45
1746039107601 1.754657506942749 46
1746039109576 1.754194974899292 47
1746039111568 1.7387220859527588 48
1746039113530 1.7245066165924072 49
1746039115662 1.7335867881774902 50
1746039117656 1.7219305038452148 51
1746039119621 1.7113690376281738 52
1746039121597 1.729295253753662 53
1746039123568 1.7101061344146729 54
1746039125565 1.7092397212982178 55
1746039127750 1.692856788635254 56
1746039129745 1.7069244384765625 57
1746039131713 1.6931142807006836 58
1746039133710 1.7009854316711426 59
1746039135681 1.6905789375305176 60
1746039137670 1.6889114379882812 61
1746039139751 1.6922252178192139 62
1746039141740 1.6934782266616821 63
1746039143717 1.691523551940918 64
1746039145684 1.6852458715438843 65
1746039147663 1.6898949146270752 66
1746039149659 1.6889338493347168 67
1746039151822 1.6867643594741821 68
1746039153810 1.684808611869812 69
1746039155788 1.6838462352752686 70
1746039157768 1.6829277276992798 71
1746039159755 1.6865229606628418 72
1746039161727 1.684224009513855 73
1746039163882 1.6893293857574463 74
1746039165893 1.6762086153030396 75
1746039167864 1.6873091459274292 76
1746039169841 1.6900166273117065 77
1746039171814 1.676918387413025 78
1746039173806 1.6702386140823364 79
1746039175022 1.6846184730529785 80
1746040665216 1.675715446472168 81
1746040667191 1.6742854118347168 82
1746040669374 1.689530611038208 83
1746040671367 1.6963412761688232 84
1746040673346 1.68710196018219 85
1746040675354 1.6928355693817139 86
1746040677332 1.6981226205825806 87
1746040679318 1.6813366413116455 88
1746040681428 1.6882376670837402 89
1746040683405 1.6850926876068115 90
1746040685390 1.686239242553711 91
1746040687374 1.6814782619476318 92
1746040689351 1.6747170686721802 93
1746040691327 1.683190107345581 94
1746040693386 1.6735272407531738 95
1746040695484 1.667797565460205 96
1746040697472 1.6900925636291504 97
1746040699476 1.6843197345733643 98
1746040701470 1.6790952682495117 99
1746040703474 1.7027864456176758 100
1746040705534 1.6829115152359009 101
1746040707652 1.6854912042617798 102
1746040709656 1.6714783906936646 103
1746040711652 1.6837550401687622 104
1746040713634 1.6984821557998657 105
1746040715640 1.6755094528198242 106
1746040717671 1.6816110610961914 107
1746040719699 1.6877681016921997 108
1746040721683 1.677743911743164 109
1746040723667 1.6771193742752075 110
1746040725651 1.6656399965286255 111
1746040727655 1.6965957880020142 112
1746040729635 1.6809427738189697 113
1746040731829 1.6818169355392456 114
1746040733823 1.6832661628723145 115
1746040735833 1.671277403831482 116
1746040737819 1.6775375604629517 117
1746040739809 1.6737403869628906 118
1746040741808 1.6805589199066162 119
1746040744012 1.6749223470687866 120
1746040745998 1.6888985633850098 121
1746040747987 1.6774897575378418 122
1746040749976 1.6888504028320312 123
1746040751993 1.6671403646469116 124
1746040754012 1.6664619445800781 125
1746040756136 1.6764233112335205 126
1746040758127 1.6826703548431396 127
1746040760135 1.6777334213256836 128
1746040762122 1.6844184398651123 129
1746040764116 1.6807456016540527 130
1746040766117 1.673883318901062 131
1746040768305 1.6860566139221191 132
1746040770288 1.6761915683746338 133
1746040772268 1.6744234561920166 134
1746040774249 1.6842968463897705 135
1746040776251 1.670517921447754 136
1746040778248 1.6769309043884277 137
1746040780275 1.6716699600219727 138
1746040782248 1.6842334270477295 139
1746040784242 1.6853636503219604 140
1746040786247 1.6862590312957764 141
1746040788242 1.6765868663787842 142
1746040790224 1.6712250709533691 143
1746040792324 1.689042091369629 144
1746040794327 1.678636074066162 145
1746040796319 1.6801843643188477 146
1746040798311 1.6801199913024902 147
1746040800304 1.6802699565887451 148
1746040802288 1.6710604429244995 149
1746040804477 1.6742398738861084 150
1746040806460 1.6809258460998535 151
1746040808459 1.6819586753845215 152
1746040810447 1.6653327941894531 153
1746040812436 1.678141713142395 154
1746040814419 1.6713285446166992 155
1746040816562 1.6673884391784668 156
1746040818566 1.67836332321167 157
1746040820551 1.6765167713165283 158
1746040822546 1.6798937320709229 159
1746040824542 1.6833508014678955 160
1746040825670 1.6888461112976074 161
1746042318716 1.677593469619751 162
1746042320820 1.6708362102508545 163
1746042322821 1.668783187866211 164
1746042324824 1.673414707183838 165
1746042326824 1.6809455156326294 166
1746042328817 1.670619010925293 167
1746042330827 1.6744056940078735 168
1746042332988 1.673764705657959 169
1746042334985 1.6747405529022217 170
1746042336993 1.6849333047866821 171
1746042338983 1.6746747493743896 172
1746042340980 1.669478416442871 173
1746042342961 1.6815043687820435 174
1746042345167 1.6731538772583008 175
1746042347184 1.6739088296890259 176
1746042349205 1.6655057668685913 177
1746042351209 1.6663659811019897 178
1746042353195 1.6814666986465454 179
1746042355185 1.671669840812683 180
1746042357404 1.680436134338379 181
1746042359407 1.676478385925293 182
1746042361386 1.6826846599578857 183
1746042363372 1.6935863494873047 184
1746042365372 1.6708005666732788 185
1746042367361 1.6746017932891846 186
1746042369565 1.672999382019043 187
1746042371583 1.6838922500610352 188
1746042373583 1.6816425323486328 189
1746042375571 1.6763393878936768 190
1746042377561 1.6680402755737305 191
1746042379549 1.670325756072998 192
1746042381784 1.667246699333191 193
1746042383808 1.6751835346221924 194
1746042385799 1.6846857070922852 195
1746042387801 1.6845591068267822 196
1746042389812 1.6697793006896973 197
1746042391804 1.666638970375061 198
1746042393860 1.6842238903045654 199
1746042395874 1.6719456911087036 200
1746042397877 1.6790319681167603 201
1746042399880 1.6816480159759521 202
1746042401875 1.6818915605545044 203
1746042403872 1.6677241325378418 204
1746042406092 1.6831785440444946 205
1746042408102 1.682110071182251 206
1746042410090 1.6699018478393555 207
1746042412080 1.670865535736084 208
1746042414081 1.6753119230270386 209
1746042416079 1.6770515441894531 210
1746042418110 1.6727410554885864 211
1746042420112 1.667717456817627 212
1746042422117 1.6723670959472656 213
1746042424107 1.6701631546020508 214
1746042426093 1.6711440086364746 215
1746042428086 1.6782058477401733 216
1746042430150 1.679462194442749 217
1746042432144 1.6623419523239136 218
1746042434138 1.6765997409820557 219
1746042436126 1.6810003519058228 220
1746042438135 1.6751248836517334 221
1746042440133 1.6771633625030518 222
1746042442334 1.6680943965911865 223
1746042444336 1.6705825328826904 224
1746042446333 1.6797608137130737 225
1746042448319 1.6691006422042847 226
1746042450310 1.6704288721084595 227
1746042452354 1.6719337701797485 228
1746042454511 1.6727536916732788 229
1746042456512 1.6831214427947998 230
1746042458499 1.6806066036224365 231
1746042460496 1.6818482875823975 232
1746042462497 1.674529790878296 233
1746042464535 1.680762529373169 234
1746042466606 1.6706831455230713 235
1746042468593 1.6800265312194824 236
1746042470593 1.679633617401123 237
1746042472585 1.6724331378936768 238
1746042474572 1.6671946048736572 239
1746042476597 1.6774137020111084 240
1746042478640 1.6767041683197021 241
1746042479786 1.6678889989852905 242
