1746039015266 0.00011492931662360206 0
1746039017450 0.0001745099143590778 1
1746039019459 0.00031205141567625105 2
1746039021652 0.0001748149807099253 3
1746039023639 0.0 4
1746039025615 0.0003584015357773751 5
1746039027593 0.00017379214114043862 6
1746039029753 0.000194685097085312 7
1746039031727 0.00899005401879549 8
1746039033708 0.008239375427365303 9
1746039035672 0.008110889233648777 10
1746039037653 0.008549384772777557 11
1746039039638 0.060388121753931046 12
1746039041816 0.06299722194671631 13
1746039043786 0.058600641787052155 14
1746039045779 0.0589144304394722 15
1746039047743 0.06010805815458298 16
1746039049726 0.060224179178476334 17
1746039051695 0.05711616575717926 18
1746039053828 0.05918709933757782 19
1746039055805 0.06062959134578705 20
1746039057774 0.0562102273106575 21
1746039059737 0.059737518429756165 22
1746039061714 0.05901031941175461 23
1746039063697 0.0571618489921093 24
1746039065732 0.050876956433057785 25
1746039067717 0.05809970945119858 26
1746039069700 0.047748155891895294 27
1746039071664 0.05982961505651474 28
1746039073635 0.0624505914747715 29
1746039075600 0.06307466328144073 30
1746039077772 0.06328895688056946 31
1746039079740 0.06071674823760986 32
1746039081707 0.059050559997558594 33
1746039083685 0.0626804381608963 34
1746039085686 0.05775275081396103 35
1746039087649 0.06184135749936104 36
1746039089741 0.061947375535964966 37
1746039091722 0.06218281760811806 38
1746039093705 0.06038053333759308 39
1746039095672 0.06221664324402809 40
1746039097645 0.060646429657936096 41
1746039099626 0.060310788452625275 42
1746039101641 0.056856755167245865 43
1746039103666 0.05951257795095444 44
1746039105636 0.05444243550300598 45
1746039107601 0.05646241828799248 46
1746039109576 0.05268680304288864 47
1746039111568 0.055123813450336456 48
1746039113530 0.05822133645415306 49
1746039115662 0.05871500074863434 50
1746039117656 0.05770702660083771 51
1746039119621 0.06441891938447952 52
1746039121597 0.0526883639395237 53
1746039123568 0.05999487638473511 54
1746039125565 0.0546041801571846 55
1746039127750 0.06539883464574814 56
1746039129745 0.05998125672340393 57
1746039131713 0.059915196150541306 58
1746039133710 0.06149732694029808 59
1746039135681 0.06328907608985901 60
1746039137670 0.05944798141717911 61
1746039139751 0.05985935777425766 62
1746039141740 0.058949053287506104 63
1746039143717 0.05928048491477966 64
1746039145684 0.06093865633010864 65
1746039147663 0.061974238604307175 66
1746039149659 0.05984378606081009 67
1746039151822 0.055602576583623886 68
1746039153810 0.05519317463040352 69
1746039155788 0.05676939710974693 70
1746039157768 0.05754638835787773 71
1746039159755 0.055535148829221725 72
1746039161727 0.05642186850309372 73
1746039163882 0.055730581283569336 74
1746039165893 0.058540042489767075 75
1746039167864 0.05813438072800636 76
1746039169841 0.05729549378156662 77
1746039171814 0.060056157410144806 78
1746039173806 0.0570048987865448 79
1746039175022 0.058787692338228226 80
1746040665216 0.06781964004039764 81
1746040667191 0.055849213153123856 82
1746040669374 0.06193162873387337 83
1746040671367 0.05192795768380165 84
1746040673346 0.06089785322546959 85
1746040675354 0.06141913682222366 86
1746040677332 0.05743958428502083 87
1746040679318 0.06289384514093399 88
1746040681428 0.05688854306936264 89
1746040683405 0.06149100884795189 90
1746040685390 0.058001939207315445 91
1746040687374 0.05806585028767586 92
1746040689351 0.060635756701231 93
1746040691327 0.060341183096170425 94
1746040693386 0.06287311762571335 95
1746040695484 0.05615358427166939 96
1746040697472 0.05845636874437332 97
1746040699476 0.05793355777859688 98
1746040701470 0.06099095940589905 99
1746040703474 0.05317050963640213 100
1746040705534 0.05731731280684471 101
1746040707652 0.05631723254919052 102
1746040709656 0.06234360858798027 103
1746040711652 0.05666648596525192 104
1746040713634 0.053437240421772 105
1746040715640 0.06306363642215729 106
1746040717671 0.05845316872000694 107
1746040719699 0.06007617712020874 108
1746040721683 0.059277165681123734 109
1746040723667 0.05858271196484566 110
1746040725651 0.06084800139069557 111
1746040727655 0.057184990495443344 112
1746040729635 0.056740645319223404 113
1746040731829 0.06014319881796837 114
1746040733823 0.0561058484017849 115
1746040735833 0.061413880437612534 116
1746040737819 0.05696023628115654 117
1746040739809 0.06083217263221741 118
1746040741808 0.05947553366422653 119
1746040744012 0.05674418434500694 120
1746040745998 0.05384340509772301 121
1746040747987 0.06019487604498863 122
1746040749976 0.06099332123994827 123
1746040751993 0.0578879676759243 124
1746040754012 0.0639834851026535 125
1746040756136 0.059984542429447174 126
1746040758127 0.05792740359902382 127
1746040760135 0.055788591504096985 128
1746040762122 0.05846763029694557 129
1746040764116 0.05366501212120056 130
1746040766117 0.05939901992678642 131
1746040768305 0.05565015971660614 132
1746040770288 0.06181913614273071 133
1746040772268 0.05677393078804016 134
1746040774249 0.05527861416339874 135
1746040776251 0.0557948462665081 136
1746040778248 0.06317401677370071 137
1746040780275 0.06077666953206062 138
1746040782248 0.05903036892414093 139
1746040784242 0.0541473887860775 140
1746040786247 0.06315554678440094 141
1746040788242 0.059742022305727005 142
1746040790224 0.060596905648708344 143
1746040792324 0.05615322291851044 144
1746040794327 0.05641191825270653 145
1746040796319 0.061266422271728516 146
1746040798311 0.05645161122083664 147
1746040800304 0.061983946710824966 148
1746040802288 0.06071356683969498 149
1746040804477 0.06200023740530014 150
1746040806460 0.05921454355120659 151
1746040808459 0.05960224196314812 152
1746040810447 0.059860959649086 153
1746040812436 0.05912172794342041 154
1746040814419 0.06795669347047806 155
1746040816562 0.06368701159954071 156
1746040818566 0.05570642650127411 157
1746040820551 0.05875661224126816 158
1746040822546 0.056287284940481186 159
1746040824542 0.062068965286016464 160
1746040825670 0.05428777262568474 161
1746042318716 0.05466039478778839 162
1746042320820 0.05840333551168442 163
1746042322821 0.05999758839607239 164
1746042324824 0.0574837327003479 165
1746042326824 0.057278282940387726 166
1746042328817 0.059605542570352554 167
1746042330827 0.0596129484474659 168
1746042332988 0.059436723589897156 169
1746042334985 0.05796494707465172 170
1746042336993 0.06016496941447258 171
1746042338983 0.05800390616059303 172
1746042340980 0.05837326496839523 173
1746042342961 0.0566704235970974 174
1746042345167 0.059784628450870514 175
1746042347184 0.060936033725738525 176
1746042349205 0.06297682225704193 177
1746042351209 0.06100478395819664 178
1746042353195 0.05536744371056557 179
1746042355185 0.06105818971991539 180
1746042357404 0.05882775038480759 181
1746042359407 0.06036866456270218 182
1746042361386 0.05990920960903168 183
1746042363372 0.056876491755247116 184
1746042365372 0.06342755258083344 185
1746042367361 0.060977984219789505 186
1746042369565 0.06175059825181961 187
1746042371583 0.06133869290351868 188
1746042373583 0.05618998035788536 189
1746042375571 0.05789867788553238 190
1746042377561 0.06264501065015793 191
1746042379549 0.061128195375204086 192
1746042381784 0.06076158955693245 193
1746042383808 0.060526661574840546 194
1746042385799 0.061094723641872406 195
1746042387801 0.0578131303191185 196
1746042389812 0.06080455332994461 197
1746042391804 0.0589008666574955 198
1746042393860 0.061179086565971375 199
1746042395874 0.058221980929374695 200
1746042397877 0.05511476472020149 201
1746042399880 0.06277479231357574 202
1746042401875 0.05568430945277214 203
1746042403872 0.0632963627576828 204
1746042406092 0.06068679690361023 205
1746042408102 0.05807068943977356 206
1746042410090 0.06288645416498184 207
1746042412080 0.05891993269324303 208
1746042414081 0.05534571781754494 209
1746042416079 0.05949806794524193 210
1746042418110 0.05583370476961136 211
1746042420112 0.05941043049097061 212
1746042422117 0.058334507048130035 213
1746042424107 0.0578625351190567 214
1746042426093 0.05694931000471115 215
1746042428086 0.059796806424856186 216
1746042430150 0.05618322640657425 217
1746042432144 0.06251471489667892 218
1746042434138 0.05683112516999245 219
1746042436126 0.06030408293008804 220
1746042438135 0.06058415398001671 221
1746042440133 0.05528993532061577 222
1746042442334 0.05933014303445816 223
1746042444336 0.0636991560459137 224
1746042446333 0.05885710567235947 225
1746042448319 0.059903740882873535 226
1746042450310 0.05885989964008331 227
1746042452354 0.06241730600595474 228
1746042454511 0.06111783906817436 229
1746042456512 0.060010381042957306 230
1746042458499 0.057196732610464096 231
1746042460496 0.05776173248887062 232
1746042462497 0.0589190274477005 233
1746042464535 0.05701699107885361 234
1746042466606 0.059438563883304596 235
1746042468593 0.059801746159791946 236
1746042470593 0.06366992741823196 237
1746042472585 0.05792442709207535 238
1746042474572 0.05976571887731552 239
1746042476597 0.0572998970746994 240
1746042478640 0.05574014410376549 241
1746042479786 0.06039869040250778 242
