1746039015266 0.0 0
1746039017450 0.0 1
1746039019459 0.0 2
1746039021652 7.142857142857142e-05 3
1746039023639 7.142857142857142e-05 4
1746039025615 7.142857142857142e-05 5
1746039027593 7.142857142857142e-05 6
1746039029753 0.00014285714285714284 7
1746039031727 0.00014285714285714284 8
1746039033708 0.00014285714285714284 9
1746039035672 0.00014285714285714284 10
1746039037653 0.00021428571428571427 11
1746039039638 0.00021428571428571427 12
1746039041816 0.00021428571428571427 13
1746039043786 0.00021428571428571427 14
1746039045779 0.0002857142857142857 15
1746039047743 0.0002857142857142857 16
1746039049726 0.0002857142857142857 17
1746039051695 0.0002857142857142857 18
1746039053828 0.00035714285714285714 19
1746039055805 0.00035714285714285714 20
1746039057774 0.00035714285714285714 21
1746039059737 0.00035714285714285714 22
1746039061714 0.00042857142857142855 23
1746039063697 0.00042857142857142855 24
1746039065732 0.00042857142857142855 25
1746039067717 0.00042857142857142855 26
1746039069700 0.0005 27
1746039071664 0.0005 28
1746039073635 0.0005 29
1746039075600 0.0005 30
1746039077772 0.0004910714285714286 31
1746039079740 0.0004910714285714286 32
1746039081707 0.0004910714285714286 33
1746039083685 0.0004910714285714286 34
1746039085686 0.00048214285714285715 35
1746039087649 0.00048214285714285715 36
1746039089741 0.00048214285714285715 37
1746039091722 0.00048214285714285715 38
1746039093705 0.0004732142857142857 39
1746039095672 0.0004732142857142857 40
1746039097645 0.0004732142857142857 41
1746039099626 0.0004732142857142857 42
1746039101641 0.00046428571428571433 43
1746039103666 0.00046428571428571433 44
1746039105636 0.00046428571428571433 45
1746039107601 0.00046428571428571433 46
1746039109576 0.0004553571428571429 47
1746039111568 0.0004553571428571429 48
1746039113530 0.0004553571428571429 49
1746039115662 0.0004553571428571429 50
1746039117656 0.00044642857142857147 51
1746039119621 0.00044642857142857147 52
1746039121597 0.00044642857142857147 53
1746039123568 0.00044642857142857147 54
1746039125565 0.0004375 55
1746039127750 0.0004375 56
1746039129745 0.0004375 57
1746039131713 0.0004375 58
1746039133710 0.00042857142857142855 59
1746039135681 0.00042857142857142855 60
1746039137670 0.00042857142857142855 61
1746039139751 0.00042857142857142855 62
1746039141740 0.00041964285714285714 63
1746039143717 0.00041964285714285714 64
1746039145684 0.00041964285714285714 65
1746039147663 0.00041964285714285714 66
1746039149659 0.0004107142857142857 67
1746039151822 0.0004107142857142857 68
1746039153810 0.0004107142857142857 69
1746039155788 0.0004107142857142857 70
1746039157768 0.00040178571428571433 71
1746039159755 0.00040178571428571433 72
1746039161727 0.00040178571428571433 73
1746039163882 0.00040178571428571433 74
1746039165893 0.0003928571428571429 75
1746039167864 0.0003928571428571429 76
1746039169841 0.0003928571428571429 77
1746039171814 0.0003928571428571429 78
1746039173806 0.00038392857142857147 79
1746039175022 0.000375 80
1746040665216 0.000375 81
1746040667191 0.000375 82
1746040669374 0.000375 83
1746040671367 0.00036607142857142855 84
1746040673346 0.00036607142857142855 85
1746040675354 0.00036607142857142855 86
1746040677332 0.00036607142857142855 87
1746040679318 0.00035714285714285714 88
1746040681428 0.00035714285714285714 89
1746040683405 0.00035714285714285714 90
1746040685390 0.00035714285714285714 91
1746040687374 0.0003482142857142857 92
1746040689351 0.0003482142857142857 93
1746040691327 0.0003482142857142857 94
1746040693386 0.0003482142857142857 95
1746040695484 0.00033928571428571433 96
1746040697472 0.00033928571428571433 97
1746040699476 0.00033928571428571433 98
1746040701470 0.00033928571428571433 99
1746040703474 0.00033035714285714287 100
1746040705534 0.00033035714285714287 101
1746040707652 0.00033035714285714287 102
1746040709656 0.00033035714285714287 103
1746040711652 0.00032142857142857147 104
1746040713634 0.00032142857142857147 105
1746040715640 0.00032142857142857147 106
1746040717671 0.00032142857142857147 107
1746040719699 0.0003125 108
1746040721683 0.0003125 109
1746040723667 0.0003125 110
1746040725651 0.0003125 111
1746040727655 0.00030357142857142855 112
1746040729635 0.00030357142857142855 113
1746040731829 0.00030357142857142855 114
1746040733823 0.00030357142857142855 115
1746040735833 0.00029464285714285714 116
1746040737819 0.00029464285714285714 117
1746040739809 0.00029464285714285714 118
1746040741808 0.00029464285714285714 119
1746040744012 0.0002857142857142857 120
1746040745998 0.0002857142857142857 121
1746040747987 0.0002857142857142857 122
1746040749976 0.0002857142857142857 123
1746040751993 0.00027678571428571433 124
1746040754012 0.00027678571428571433 125
1746040756136 0.00027678571428571433 126
1746040758127 0.00027678571428571433 127
1746040760135 0.00026785714285714287 128
1746040762122 0.00026785714285714287 129
1746040764116 0.00026785714285714287 130
1746040766117 0.00026785714285714287 131
1746040768305 0.00025892857142857146 132
1746040770288 0.00025892857142857146 133
1746040772268 0.00025892857142857146 134
1746040774249 0.00025892857142857146 135
1746040776251 0.00025 136
1746040778248 0.00025 137
1746040780275 0.00025 138
1746040782248 0.00025 139
1746040784242 0.00024107142857142857 140
1746040786247 0.00024107142857142857 141
1746040788242 0.00024107142857142857 142
1746040790224 0.00024107142857142857 143
1746040792324 0.00023214285714285717 144
1746040794327 0.00023214285714285717 145
1746040796319 0.00023214285714285717 146
1746040798311 0.00023214285714285717 147
1746040800304 0.00022321428571428573 148
1746040802288 0.00022321428571428573 149
1746040804477 0.00022321428571428573 150
1746040806460 0.00022321428571428573 151
1746040808459 0.00021428571428571427 152
1746040810447 0.00021428571428571427 153
1746040812436 0.00021428571428571427 154
1746040814419 0.00021428571428571427 155
1746040816562 0.00020535714285714284 156
1746040818566 0.00020535714285714284 157
1746040820551 0.00020535714285714284 158
1746040822546 0.00020535714285714284 159
1746040824542 0.00019642857142857144 160
1746040825670 0.0001875 161
1746042318716 0.0001875 162
1746042320820 0.0001875 163
1746042322821 0.0001875 164
1746042324824 0.00017857142857142857 165
1746042326824 0.00017857142857142857 166
1746042328817 0.00017857142857142857 167
1746042330827 0.00017857142857142857 168
1746042332988 0.00016964285714285717 169
1746042334985 0.00016964285714285717 170
1746042336993 0.00016964285714285717 171
1746042338983 0.00016964285714285717 172
1746042340980 0.00016071428571428573 173
1746042342961 0.00016071428571428573 174
1746042345167 0.00016071428571428573 175
1746042347184 0.00016071428571428573 176
1746042349205 0.00015178571428571427 177
1746042351209 0.00015178571428571427 178
1746042353195 0.00015178571428571427 179
1746042355185 0.00015178571428571427 180
1746042357404 0.00014285714285714284 181
1746042359407 0.00014285714285714284 182
1746042361386 0.00014285714285714284 183
1746042363372 0.00014285714285714284 184
1746042365372 0.00013392857142857144 185
1746042367361 0.00013392857142857144 186
1746042369565 0.00013392857142857144 187
1746042371583 0.00013392857142857144 188
1746042373583 0.000125 189
1746042375571 0.000125 190
1746042377561 0.000125 191
1746042379549 0.000125 192
1746042381784 0.00011607142857142858 193
1746042383808 0.00011607142857142858 194
1746042385799 0.00011607142857142858 195
1746042387801 0.00011607142857142858 196
1746042389812 0.00010714285714285714 197
1746042391804 0.00010714285714285714 198
1746042393860 0.00010714285714285714 199
1746042395874 0.00010714285714285714 200
1746042397877 9.821428571428572e-05 201
1746042399880 9.821428571428572e-05 202
1746042401875 9.821428571428572e-05 203
1746042403872 9.821428571428572e-05 204
1746042406092 8.928571428571429e-05 205
1746042408102 8.928571428571429e-05 206
1746042410090 8.928571428571429e-05 207
1746042412080 8.928571428571429e-05 208
1746042414081 8.035714285714287e-05 209
1746042416079 8.035714285714287e-05 210
1746042418110 8.035714285714287e-05 211
1746042420112 8.035714285714287e-05 212
1746042422117 7.142857142857142e-05 213
1746042424107 7.142857142857142e-05 214
1746042426093 7.142857142857142e-05 215
1746042428086 7.142857142857142e-05 216
1746042430150 6.25e-05 217
1746042432144 6.25e-05 218
1746042434138 6.25e-05 219
1746042436126 6.25e-05 220
1746042438135 5.357142857142857e-05 221
1746042440133 5.357142857142857e-05 222
1746042442334 5.357142857142857e-05 223
1746042444336 5.357142857142857e-05 224
1746042446333 4.464285714285714e-05 225
1746042448319 4.464285714285714e-05 226
1746042450310 4.464285714285714e-05 227
1746042452354 4.464285714285714e-05 228
1746042454511 3.571428571428571e-05 229
1746042456512 3.571428571428571e-05 230
1746042458499 3.571428571428571e-05 231
1746042460496 3.571428571428571e-05 232
1746042462497 2.6785714285714284e-05 233
1746042464535 2.6785714285714284e-05 234
1746042466606 2.6785714285714284e-05 235
1746042468593 2.6785714285714284e-05 236
1746042470593 1.7857142857142855e-05 237
1746042472585 1.7857142857142855e-05 238
1746042474572 1.7857142857142855e-05 239
1746042476597 1.7857142857142855e-05 240
1746042478640 8.928571428571428e-06 241
1746042479786 0.0 242
