1745550743553 0.00019329896895214915 0
1745550747250 0.015605153515934944 1
1745550751848 0.05774712190032005 2
1745550755523 0.051803480833768845 3
1745550759231 0.05994177982211113 4
1745550763337 0.0595894418656826 5
1745550767274 0.04411489889025688 6
1745550770982 0.033403608947992325 7
1745550774655 0.0317031554877758 8
1745550779153 0.06268777698278427 9
1745550782827 0.05892431363463402 10
1745550786538 0.05614210292696953 11
1745550791152 0.04851340875029564 12
1745550794834 0.04654775932431221 13
1745550798511 0.04963768273591995 14
1745550802702 0.06739326566457748 15
1745550806599 0.05945628881454468 16
1745550810267 0.0625959113240242 17
1745550813955 0.06250403076410294 18
1745550818458 0.056017886847257614 19
1745550822146 0.04760238155722618 20
1745550825797 0.05422428250312805 21
1745550830398 0.05349872633814812 22
