1745550743553 9.154874801635742 0
1745550747250 8.636474609375 1
1745550751848 7.6250481605529785 2
1745550755523 6.861372470855713 3
1745550759231 6.465153217315674 4
1745550763337 6.564823627471924 5
1745550767274 6.691826820373535 6
1745550770982 6.62982177734375 7
1745550774655 6.466165065765381 8
1745550779153 6.665828704833984 9
1745550782827 6.620646953582764 10
1745550786538 6.503401756286621 11
1745550791152 6.481216907501221 12
1745550794834 6.435324668884277 13
1745550798511 6.400840759277344 14
1745550802702 6.308736324310303 15
1745550806599 6.400479316711426 16
1745550810267 6.393792152404785 17
1745550813955 6.334708213806152 18
1745550818458 6.373160362243652 19
1745550822146 6.386142253875732 20
1745550825797 6.354813575744629 21
1745550830398 6.369582176208496 22
