1745279917148 9.379284858703613 0
1745279919336 8.883868217468262 1
1745279921530 8.112561225891113 2
1745279923720 7.595941543579102 3
1745279925905 7.140289306640625 4
1745279928186 6.856206893920898 5
1745279930379 6.523110866546631 6
1745279932574 6.4655656814575195 7
1745279934750 6.421469688415527 8
1745279936948 6.386523246765137 9
1745279939149 6.330429553985596 10
1745279941343 6.445209503173828 11
1745279943531 6.3919525146484375 12
1745279945725 6.388476848602295 13
1745279947907 6.29431676864624 14
1745279950102 6.369208812713623 15
1745279952426 6.308344841003418 16
1745279954642 6.306386470794678 17
1745279956837 6.277752876281738 18
1745279959059 6.328287124633789 19
1745279961259 6.294826030731201 20
1745279963569 6.256947994232178 21
1745279965792 6.277620792388916 22
1745279967985 6.290935039520264 23
1745279970201 6.2750630378723145 24
1745279972537 6.25309944152832 25
1745279974751 6.30012845993042 26
1745279977101 6.290646076202393 27
1745279979301 6.271297454833984 28
1745279981498 6.2248029708862305 29
1745279983675 6.29992151260376 30
1745279985864 6.296905994415283 31
1745279988180 6.30994176864624 32
1745279990420 6.295413017272949 33
1745279992619 6.225866317749023 34
1745279994814 6.263521671295166 35
1745279997010 6.293369770050049 36
1745279999206 6.204379081726074 37
1745280001445 6.287263870239258 38
1745280003629 6.2720770835876465 39
1745280005821 6.240684986114502 40
1745280008030 6.236485481262207 41
1745280010221 6.277693271636963 42
1745280012537 6.1878557205200195 43
1745280014762 6.216720104217529 44
1745280016967 6.246137619018555 45
1745280019165 6.2641472816467285 46
1745280021357 6.263149261474609 47
1745280023606 6.260955333709717 48
1745280025833 6.211694717407227 49
1745280028013 6.286098480224609 50
1745280030222 6.229822158813477 51
1745280032426 6.254190444946289 52
1745280034618 6.315490245819092 53
1745280036907 6.215306282043457 54
1745280039126 6.28266716003418 55
1745280041323 6.241058826446533 56
1745280043524 6.27376651763916 57
1745280045730 6.250160217285156 58
1745280048056 6.289796829223633 59
1745280049699 6.236828804016113 60
1745280108499 6.195544719696045 61
1745280110742 6.245728969573975 62
1745280112957 6.279516220092773 63
1745280115144 6.2687811851501465 64
1745280117337 6.257549285888672 65
1745280119529 6.236821174621582 66
1745280121760 6.261449337005615 67
1745280123969 6.272806644439697 68
1745280126167 6.241781234741211 69
1745280128364 6.220587253570557 70
1745280130570 6.254797458648682 71
1745280132902 6.267133712768555 72
1745280135095 6.220119476318359 73
1745280137278 6.319279193878174 74
1745280139483 6.241616249084473 75
1745280141675 6.248996257781982 76
1745280143886 6.211127281188965 77
1745280146210 6.228987693786621 78
1745280148413 6.230132102966309 79
1745280150692 6.256117820739746 80
1745280152916 6.235188961029053 81
1745280155107 6.233107089996338 82
1745280157368 6.2547712326049805 83
1745280159605 6.25466251373291 84
1745280161793 6.21138334274292 85
1745280163980 6.2412614822387695 86
1745280166170 6.261704444885254 87
1745280168405 6.24609375 88
1745280170611 6.258332252502441 89
1745280172834 6.255148887634277 90
1745280175034 6.242492198944092 91
1745280177231 6.215843677520752 92
1745280179434 6.258444786071777 93
1745280181756 6.266449928283691 94
1745280183991 6.25343656539917 95
1745280186220 6.247317314147949 96
1745280188418 6.203347206115723 97
1745280190603 6.254796028137207 98
1745280192932 6.19777250289917 99
1745280195164 6.215934753417969 100
1745280197365 6.263011455535889 101
1745280199552 6.219456195831299 102
1745280201747 6.221948146820068 103
1745280203942 6.226893901824951 104
1745280206291 6.197482585906982 105
1745280208515 6.269506931304932 106
1745280210711 6.188365459442139 107
1745280212907 6.2306342124938965 108
1745280215102 6.245114803314209 109
1745280217420 6.190079689025879 110
1745280219622 6.272329330444336 111
1745280221829 6.289575099945068 112
1745280224049 6.207757472991943 113
1745280226244 6.271246433258057 114
1745280228436 6.1792144775390625 115
1745280230704 6.241296291351318 116
1745280232914 6.278141021728516 117
1745280235142 6.230002403259277 118
1745280237342 6.1870808601379395 119
1745280239536 6.226442813873291 120
1745280241207 6.227531433105469 121
1745280300089 6.268722057342529 122
1745280302436 6.221512794494629 123
1745280304658 6.242552280426025 124
1745280306872 6.254214763641357 125
1745280309080 6.232605934143066 126
1745280311274 6.256465911865234 127
1745280313571 6.196094036102295 128
1745280315781 6.224462509155273 129
1745280317984 6.206396102905273 130
1745280320175 6.204068660736084 131
1745280322371 6.228312015533447 132
1745280324709 6.259787559509277 133
1745280326966 6.214646816253662 134
1745280329183 6.250830173492432 135
1745280331394 6.243428707122803 136
1745280333591 6.201534748077393 137
1745280335792 6.213497161865234 138
1745280338105 6.237781524658203 139
1745280340312 6.2594475746154785 140
1745280342552 6.221638202667236 141
1745280344757 6.216079235076904 142
1745280346959 6.2015814781188965 143
1745280349184 6.191572666168213 144
1745280351451 6.209057807922363 145
1745280353639 6.260683536529541 146
1745280355835 6.210511207580566 147
1745280358050 6.23630428314209 148
1745280360254 6.233135223388672 149
1745280362493 6.302355766296387 150
1745280364690 6.265007972717285 151
1745280366879 6.216243743896484 152
1745280369079 6.263587474822998 153
1745280371278 6.287668228149414 154
1745280373485 6.227169036865234 155
1745280375742 6.230898380279541 156
1745280377929 6.201897621154785 157
1745280380125 6.289237976074219 158
1745280382322 6.267730712890625 159
1745280384530 6.2771172523498535 160
1745280386888 6.196015357971191 161
1745280389144 6.226567268371582 162
1745280391340 6.211559772491455 163
1745280393545 6.248077392578125 164
1745280395739 6.206171035766602 165
1745280397953 6.225879669189453 166
1745280400195 6.294058799743652 167
1745280402399 6.2233686447143555 168
1745280404604 6.249388694763184 169
1745280406816 6.252211570739746 170
1745280409009 6.251153469085693 171
1745280411344 6.246633052825928 172
1745280413575 6.274112224578857 173
