1745279917148 0.0 0
1745279919336 0.06697423756122589 1
1745279921530 0.07285960018634796 2
1745279923720 0.06770619750022888 3
1745279925905 0.07136174291372299 4
1745279928186 0.07356882095336914 5
1745279930379 0.07769569009542465 6
1745279932574 0.0681384801864624 7
1745279934750 0.07383997738361359 8
1745279936948 0.0735943466424942 9
1745279939149 0.050633739680051804 10
1745279941343 0.04013574495911598 11
1745279943531 0.028564846143126488 12
1745279945725 0.030426576733589172 13
1745279947907 0.02632858045399189 14
1745279950102 0.06299268454313278 15
1745279952426 0.07472673058509827 16
1745279954642 0.06759355217218399 17
1745279956837 0.06942742317914963 18
1745279959059 0.06933121383190155 19
1745279961259 0.0724913626909256 20
1745279963569 0.07700220495462418 21
1745279965792 0.0678081288933754 22
1745279967985 0.07214570790529251 23
1745279970201 0.07234977930784225 24
1745279972537 0.07465647906064987 25
1745279974751 0.06691195070743561 26
1745279977101 0.07023691385984421 27
1745279979301 0.07003621011972427 28
1745279981498 0.06771303713321686 29
1745279983675 0.07589699327945709 30
1745279985864 0.06692546606063843 31
1745279988180 0.07454388588666916 32
1745279990420 0.07497181743383408 33
1745279992619 0.07287247478961945 34
1745279994814 0.06808744370937347 35
1745279997010 0.06959681212902069 36
1745279999206 0.07561096549034119 37
1745280001445 0.06950782239437103 38
1745280003629 0.0758674293756485 39
1745280005821 0.07055331766605377 40
1745280008030 0.07329127937555313 41
1745280010221 0.06639618426561356 42
1745280012537 0.0731823593378067 43
1745280014762 0.07019998133182526 44
1745280016967 0.067013218998909 45
1745280019165 0.07409879565238953 46
1745280021357 0.06803056597709656 47
1745280023606 0.07132431119680405 48
1745280025833 0.07603628933429718 49
1745280028013 0.07096952199935913 50
1745280030222 0.06650684773921967 51
1745280032426 0.06588415801525116 52
1745280034618 0.06892462074756622 53
1745280036907 0.07644432783126831 54
1745280039126 0.06426383554935455 55
1745280041323 0.0686165913939476 56
1745280043524 0.06719888746738434 57
1745280045730 0.07105663418769836 58
1745280048056 0.07197672873735428 59
1745280049699 0.07685033977031708 60
1745280108499 0.07197852432727814 61
1745280110742 0.07161359488964081 62
1745280112957 0.06942874938249588 63
1745280115144 0.06806442141532898 64
1745280117337 0.06716787815093994 65
1745280119529 0.06989835947751999 66
1745280121760 0.07499556988477707 67
1745280123969 0.07452098280191422 68
1745280126167 0.0718303769826889 69
1745280128364 0.07244212180376053 70
1745280130570 0.07003915309906006 71
1745280132902 0.06848625838756561 72
1745280135095 0.07395005226135254 73
1745280137278 0.06710583716630936 74
1745280139483 0.07258064299821854 75
1745280141675 0.07048249989748001 76
1745280143886 0.07150595635175705 77
1745280146210 0.06683569401502609 78
1745280148413 0.06885356456041336 79
1745280150692 0.07031074166297913 80
1745280152916 0.06977606564760208 81
1745280155107 0.06756468117237091 82
1745280157368 0.07367182523012161 83
1745280159605 0.07055060565471649 84
1745280161793 0.08013420552015305 85
1745280163980 0.07091948390007019 86
1745280166170 0.07061304897069931 87
1745280168405 0.06977413594722748 88
1745280170611 0.06560496240854263 89
1745280172834 0.07396427541971207 90
1745280175034 0.0694398283958435 91
1745280177231 0.07494407147169113 92
1745280179434 0.06915680319070816 93
1745280181756 0.0713692307472229 94
1745280183991 0.07042781263589859 95
1745280186220 0.06930416822433472 96
1745280188418 0.07362214475870132 97
1745280190603 0.07048799097537994 98
1745280192932 0.07388680428266525 99
1745280195164 0.07557755708694458 100
1745280197365 0.07269386202096939 101
1745280199552 0.07165183871984482 102
1745280201747 0.07250551879405975 103
1745280203942 0.07013862580060959 104
1745280206291 0.07127796858549118 105
1745280208515 0.06662968546152115 106
1745280210711 0.07419772446155548 107
1745280212907 0.07388611882925034 108
1745280215102 0.076241135597229 109
1745280217420 0.07113232463598251 110
1745280219622 0.06636670231819153 111
1745280221829 0.07543222606182098 112
1745280224049 0.07202068716287613 113
1745280226244 0.070505291223526 114
1745280228436 0.074106365442276 115
1745280230704 0.06955967098474503 116
1745280232914 0.06404798477888107 117
1745280235142 0.06995421648025513 118
1745280237342 0.07053642719984055 119
1745280239536 0.07564634829759598 120
1745280241207 0.07248550653457642 121
1745280300089 0.06967464834451675 122
1745280302436 0.07364271581172943 123
1745280304658 0.06774995476007462 124
1745280306872 0.069123774766922 125
1745280309080 0.06944037228822708 126
1745280311274 0.06564216315746307 127
1745280313571 0.07135599851608276 128
1745280315781 0.0741957426071167 129
1745280317984 0.07439588755369186 130
1745280320175 0.078807532787323 131
1745280322371 0.06971070170402527 132
1745280324709 0.06800059974193573 133
1745280326966 0.07372437417507172 134
1745280329183 0.06583882868289948 135
1745280331394 0.07047881186008453 136
1745280333591 0.07357559353113174 137
1745280335792 0.07244538515806198 138
1745280338105 0.07266982644796371 139
1745280340312 0.0683143362402916 140
1745280342552 0.06909091025590897 141
1745280344757 0.07122791558504105 142
1745280346959 0.07616071403026581 143
1745280349184 0.07648684829473495 144
1745280351451 0.0730476900935173 145
1745280353639 0.07203324884176254 146
1745280355835 0.07321542501449585 147
1745280358050 0.07158756256103516 148
1745280360254 0.07583043724298477 149
1745280362493 0.06738346070051193 150
1745280364690 0.07540085166692734 151
1745280366879 0.07395954430103302 152
1745280369079 0.07112649083137512 153
1745280371278 0.0722140446305275 154
1745280373485 0.07326367497444153 155
1745280375742 0.06446696072816849 156
1745280377929 0.06938990950584412 157
1745280380125 0.07059267908334732 158
1745280382322 0.0716349333524704 159
1745280384530 0.06963024288415909 160
1745280386888 0.07304690778255463 161
1745280389144 0.06753497570753098 162
1745280391340 0.06978389620780945 163
1745280393545 0.07062753289937973 164
1745280395739 0.07578098773956299 165
1745280397953 0.0646267831325531 166
1745280400195 0.06541012227535248 167
1745280402399 0.07023945450782776 168
1745280404604 0.07006068527698517 169
1745280406816 0.07277924567461014 170
1745280409009 0.07056686282157898 171
1745280411344 0.0707176923751831 172
1745280413575 0.0707530677318573 173
