1745164161447 2.6046762466430664 0
1745164161564 1.8853472471237183 1
1745164161673 1.3834872245788574 2
1745164161797 1.1005558967590332 3
1745164161877 0.9658255577087402 4
1745164161993 0.9056548476219177 5
1745164162111 0.8766941428184509 6
1745164162209 0.8591471910476685 7
1745164162302 0.8449069261550903 8
1745164162419 0.83114093542099 9
1745164162519 0.8171751499176025 10
1745164162622 0.8032628893852234 11
1745164162723 0.7901197075843811 12
1745164162854 0.7785974144935608 13
1745164163057 0.7694486975669861 14
1745164163193 0.7632129788398743 15
1745164163380 0.7598947882652283 16
1745164163548 0.7587937712669373 17
1745164163640 0.7585808634757996 18
1745164163747 0.7578292489051819 19
1745164163853 0.755657434463501 20
1745164163935 0.7520213723182678 21
1745164164021 0.7475193738937378 22
1745164164139 0.7429565787315369 23
1745164164220 0.7390350699424744 24
1745164164310 0.736137330532074 25
1745164164600 0.7343094348907471 26
1745164164690 0.733313798904419 27
1745164164843 0.7327812910079956 28
1745164164995 0.7323279976844788 29
1745164165140 0.7316691279411316 30
1745164165215 0.7306693196296692 31
1745164165306 0.7293206453323364 32
1745164165389 0.7277163863182068 33
1745164165471 0.7259975075721741 34
1745164165671 0.7243157029151917 35
1745164165749 0.7228045463562012 36
1745164165903 0.7214963436126709 37
1745164165998 0.7203727960586548 38
1745164166092 0.7193536758422852 39
1745164166367 0.7183217406272888 40
1745164166459 0.7171611189842224 41
1745164166557 0.715833306312561 42
1745164166637 0.7143726944923401 43
1745164166712 0.7128430008888245 44
1745164166815 0.7113109230995178 45
1745164166895 0.7098185420036316 46
1745164166977 0.708377480506897 47
1745164167068 0.7069081664085388 48
1745164167145 0.7053111791610718 49
1745164167246 0.7035422325134277 50
1745164167347 0.7015578150749207 51
1745164167471 0.6993884444236755 52
1745164167568 0.6970945000648499 53
1745164167663 0.6947394609451294 54
1745164167766 0.6923311352729797 55
1745164167860 0.6898049712181091 56
1745164167953 0.6870360970497131 57
1745164168134 0.6839461922645569 58
1745164168265 0.6805840730667114 59
1745164168398 0.677032470703125 60
1745164168476 0.6733347773551941 61
1745164168549 0.6694068312644958 62
1745164168636 0.6651794910430908 63
1745164168729 0.6606619954109192 64
1745164168810 0.6559679508209229 65
1745164168919 0.6511030197143555 66
1745164169007 0.6459690928459167 67
1745164169081 0.6405289769172668 68
1745164169168 0.6349474191665649 69
1745164169238 0.6292585730552673 70
1745164169314 0.6232715845108032 71
1745164169397 0.6171275973320007 72
1745164169476 0.6108686327934265 73
1745164169551 0.6042598485946655 74
1745164169644 0.5974649786949158 75
1745164169721 0.5903903245925903 76
1745164169804 0.5829551219940186 77
1745164169884 0.5753836035728455 78
1745164169966 0.5674092173576355 79
1745164170047 0.5592057108879089 80
1745164170119 0.5506395697593689 81
1745164170202 0.5417267680168152 82
1745164170274 0.5325235724449158 83
1745164170345 0.5228922367095947 84
1745164170426 0.5128180980682373 85
1745164170498 0.5021354556083679 86
1745164170569 0.4909396171569824 87
1745164170660 0.47922390699386597 88
1745164170788 0.4670747220516205 89
1745164170862 0.45453038811683655 90
1745164170954 0.44150763750076294 91
1745164171033 0.42787331342697144 92
1745164171109 0.4137377440929413 93
1745164171257 0.3990270495414734 94
1745164171360 0.38406234979629517 95
1745164171459 0.36940279603004456 96
1745164171571 0.35555627942085266 97
1745164171722 0.3408011496067047 98
1745164171807 0.32355040311813354 99
1745164171900 0.30742692947387695 100
1745164172030 0.2940571904182434 101
1745164172141 0.28018975257873535 102
1745164172249 0.26379093527793884 103
1745164172338 0.24783673882484436 104
1745164172447 0.23470275104045868 105
1745164172532 0.22368280589580536 106
1745164172623 0.21282996237277985 107
1745164172718 0.20025864243507385 108
1745164172847 0.18567520380020142 109
1745164172944 0.17591486871242523 110
1745164173038 0.16737757623195648 111
1745164173157 0.15565462410449982 112
1745164173239 0.14686927199363708 113
1745164173320 0.13920964300632477 114
1745164173396 0.12988147139549255 115
1745164173471 0.12347021698951721 116
1745164173545 0.11604961007833481 117
1745164173626 0.10882975906133652 118
1745164173701 0.10255759954452515 119
1745164173781 0.09655033051967621 120
1745164173880 0.09039720147848129 121
1745164173974 0.08473542332649231 122
1745164174056 0.0787685215473175 123
1745164174128 0.07326509058475494 124
1745164174206 0.06808856129646301 125
1745164174285 0.06354961544275284 126
1745164174359 0.058374643325805664 127
1745164174436 0.054283611476421356 128
1745164174512 0.051128972321748734 129
1745164174581 0.04735304415225983 130
1745164174658 0.04450656846165657 131
1745164174735 0.04159475117921829 132
1745164174809 0.03862330690026283 133
1745164174884 0.0361352376639843 134
1745164174955 0.033520981669425964 135
1745164175029 0.030839767307043076 136
1745164175108 0.0289533082395792 137
1745164175182 0.02709377557039261 138
1745164175257 0.02521587535738945 139
1745164175329 0.023622222244739532 140
1745164175400 0.02222352661192417 141
1745164175472 0.020918361842632294 142
1745164175546 0.019611814990639687 143
1745164175619 0.018522877246141434 144
1745164175689 0.017542555928230286 145
1745164175762 0.016474496573209763 146
1745164175838 0.01554038655012846 147
1745164175915 0.014769556000828743 148
1745164175994 0.014017787761986256 149
1745164176070 0.013313580304384232 150
1745164176148 0.012694641947746277 151
1745164176254 0.012103923596441746 152
1745164176348 0.011492973193526268 153
1745164176425 0.010941848158836365 154
1745164176507 0.010491634719073772 155
1745164176576 0.01006267499178648 156
1745164176648 0.009622271172702312 157
1745164176722 0.009220481850206852 158
1745164176797 0.00887989066541195 159
1745164176897 0.008574936538934708 160
1745164177013 0.008275407366454601 161
1745164177091 0.007991637103259563 162
1745164177182 0.007735480088740587 163
1745164177275 0.007499931380152702 164
1745164177376 0.007281643338501453 165
1745164177510 0.007074384018778801 166
1745164177591 0.006879154592752457 167
1745164177781 0.00669454550370574 168
1745164177941 0.006521828006953001 169
1745164178167 0.006364078726619482 170
1745164178264 0.006214060354977846 171
1745164178371 0.0060670627281069756 172
1745164178470 0.005927885416895151 173
1745164178567 0.005798010621219873 174
1745164178710 0.0056746345944702625 175
1745164178863 0.005556649062782526 176
1745164178961 0.0054437885992228985 177
1745164179041 0.005336290691047907 178
1745164179114 0.00523240864276886 179
1745164179191 0.0051345182582736015 180
1745164179269 0.005041467025876045 181
1745164179356 0.004950815811753273 182
1745164179444 0.004863895010203123 183
1745164179517 0.004780746065080166 184
1745164179594 0.0047016022726893425 185
1745164179672 0.004626182839274406 186
1745164179751 0.00455235131084919 187
1745164179875 0.004480849951505661 188
1745164180005 0.0044126370921730995 189
1745164180078 0.004346910864114761 190
1745164180153 0.004282895475625992 191
1745164180227 0.0042214179411530495 192
1745164180308 0.004161338321864605 193
1745164180388 0.004103060346096754 194
1745164180467 0.0040473006665706635 195
1745164180546 0.003993022721260786 196
1745164180626 0.00394040159881115 197
1745164180704 0.0038890421856194735 198
1745164180791 0.003838879754766822 199
