1745164161447 0.12365591526031494 0
1745164161564 0.6551459431648254 1
1745164161673 0.7956989407539368 2
1745164161797 0.8210445642471313 3
1745164161877 0.8225806355476379 4
1745164161993 0.8225806355476379 5
1745164162111 0.8225806355476379 6
1745164162209 0.8225806355476379 7
1745164162302 0.8225806355476379 8
1745164162419 0.8225806355476379 9
1745164162519 0.8225806355476379 10
1745164162622 0.8225806355476379 11
1745164162723 0.8225806355476379 12
1745164162854 0.8225806355476379 13
1745164163057 0.8225806355476379 14
1745164163193 0.8225806355476379 15
1745164163380 0.8225806355476379 16
1745164163548 0.8225806355476379 17
1745164163640 0.8225806355476379 18
1745164163747 0.8225806355476379 19
1745164163853 0.8225806355476379 20
1745164163935 0.8225806355476379 21
1745164164021 0.8225806355476379 22
1745164164139 0.8225806355476379 23
1745164164220 0.8225806355476379 24
1745164164310 0.8225806355476379 25
1745164164600 0.8225806355476379 26
1745164164690 0.8225806355476379 27
1745164164843 0.8225806355476379 28
1745164164995 0.8225806355476379 29
1745164165140 0.8225806355476379 30
1745164165215 0.8225806355476379 31
1745164165306 0.8225806355476379 32
1745164165389 0.8225806355476379 33
1745164165471 0.8225806355476379 34
1745164165671 0.8225806355476379 35
1745164165749 0.8225806355476379 36
1745164165903 0.8225806355476379 37
1745164165998 0.8225806355476379 38
1745164166092 0.8225806355476379 39
1745164166367 0.8225806355476379 40
1745164166459 0.8225806355476379 41
1745164166557 0.8225806355476379 42
1745164166637 0.8225806355476379 43
1745164166712 0.8225806355476379 44
1745164166815 0.8225806355476379 45
1745164166895 0.8225806355476379 46
1745164166977 0.8225806355476379 47
1745164167068 0.8225806355476379 48
1745164167145 0.8225806355476379 49
1745164167246 0.8225806355476379 50
1745164167347 0.8225806355476379 51
1745164167471 0.8225806355476379 52
1745164167568 0.8225806355476379 53
1745164167663 0.8225806355476379 54
1745164167766 0.8225806355476379 55
1745164167860 0.8225806355476379 56
1745164167953 0.8225806355476379 57
1745164168134 0.8225806355476379 58
1745164168265 0.8225806355476379 59
1745164168398 0.8225806355476379 60
1745164168476 0.8225806355476379 61
1745164168549 0.8225806355476379 62
1745164168636 0.8225806355476379 63
1745164168729 0.8225806355476379 64
1745164168810 0.8225806355476379 65
1745164168919 0.8225806355476379 66
1745164169007 0.8225806355476379 67
1745164169081 0.8225806355476379 68
1745164169168 0.8225806355476379 69
1745164169238 0.8225806355476379 70
1745164169314 0.8225806355476379 71
1745164169397 0.8233487010002136 72
1745164169476 0.8225806355476379 73
1745164169551 0.8225806355476379 74
1745164169644 0.8233487010002136 75
1745164169721 0.8233487010002136 76
1745164169804 0.8241167664527893 77
1745164169884 0.8241167664527893 78
1745164169966 0.8256528377532959 79
1745164170047 0.8264209032058716 80
1745164170119 0.8271889686584473 81
1745164170202 0.8279569745063782 82
1745164170274 0.8310291767120361 83
1745164170345 0.8333333134651184 84
1745164170426 0.8348694443702698 85
1745164170498 0.8387096524238586 86
1745164170569 0.8440860509872437 87
1745164170660 0.8479262590408325 88
1745164170788 0.8486943244934082 89
1745164170862 0.8563748002052307 90
1745164170954 0.8594470024108887 91
1745164171033 0.8648233413696289 92
1745164171109 0.8717358112335205 93
1745164171257 0.8771121501922607 94
1745164171360 0.8778801560401917 95
1745164171459 0.8909370303153992 96
1745164171571 0.882488489151001 97
1745164171722 0.9016897082328796 98
1745164171807 0.8940092325210571 99
1745164171900 0.9086021780967712 100
1745164172030 0.9162826538085938 101
1745164172141 0.9147465229034424 102
1745164172249 0.9301075339317322 103
1745164172338 0.9293394684791565 104
1745164172447 0.9362519383430481 105
1745164172532 0.9439324140548706 106
1745164172623 0.942396342754364 107
1745164172718 0.9493087530136108 108
1745164172847 0.9523809552192688 109
1745164172944 0.9546850919723511 110
1745164173038 0.9615975618362427 111
1745164173157 0.9631336331367493 112
1745164173239 0.9662058353424072 113
1745164173320 0.9700461030006409 114
1745164173396 0.9708141088485718 115
1745164173471 0.9715821743011475 116
1745164173545 0.9754224419593811 117
1745164173626 0.97926265001297 118
1745164173701 0.97926265001297 119
1745164173781 0.9807987809181213 120
1745164173880 0.9823348522186279 121
1745164173974 0.9846389889717102 122
1745164174056 0.9854070544242859 123
1745164174128 0.9869431853294373 124
1745164174206 0.9884792566299438 125
1745164174285 0.9900153875350952 126
1745164174359 0.9907833933830261 127
1745164174436 0.9946236610412598 128
1745164174512 0.9946236610412598 129
1745164174581 0.9946236610412598 130
1745164174658 0.9946236610412598 131
1745164174735 0.9953917264938354 132
1745164174809 0.9953917264938354 133
1745164174884 0.9953917264938354 134
1745164174955 0.996927797794342 135
1745164175029 0.9976958632469177 136
1745164175108 0.9976958632469177 137
1745164175182 0.9976958632469177 138
1745164175257 0.9976958632469177 139
1745164175329 0.9992319345474243 140
1745164175400 0.9992319345474243 141
1745164175472 0.9992319345474243 142
1745164175546 0.9992319345474243 143
1745164175619 0.9992319345474243 144
1745164175689 0.9992319345474243 145
1745164175762 1.0 146
1745164175838 1.0 147
1745164175915 1.0 148
1745164175994 1.0 149
1745164176070 1.0 150
1745164176148 1.0 151
1745164176254 1.0 152
1745164176348 1.0 153
1745164176425 1.0 154
1745164176507 1.0 155
1745164176576 1.0 156
1745164176648 1.0 157
1745164176722 1.0 158
1745164176797 1.0 159
1745164176897 1.0 160
1745164177013 1.0 161
1745164177091 1.0 162
1745164177182 1.0 163
1745164177275 1.0 164
1745164177376 1.0 165
1745164177510 1.0 166
1745164177591 1.0 167
1745164177781 1.0 168
1745164177941 1.0 169
1745164178167 1.0 170
1745164178264 1.0 171
1745164178371 1.0 172
1745164178470 1.0 173
1745164178567 1.0 174
1745164178710 1.0 175
1745164178863 1.0 176
1745164178961 1.0 177
1745164179041 1.0 178
1745164179114 1.0 179
1745164179191 1.0 180
1745164179269 1.0 181
1745164179356 1.0 182
1745164179444 1.0 183
1745164179517 1.0 184
1745164179594 1.0 185
1745164179672 1.0 186
1745164179751 1.0 187
1745164179875 1.0 188
1745164180005 1.0 189
1745164180078 1.0 190
1745164180153 1.0 191
1745164180227 1.0 192
1745164180308 1.0 193
1745164180388 1.0 194
1745164180467 1.0 195
1745164180546 1.0 196
1745164180626 1.0 197
1745164180704 1.0 198
1745164180791 1.0 199
